Galaxy 12+log(O/H) MHI err_MHI MH2 Mgas err_Mgas mean_logNH Mdust err_Mdust
Haro2 8.23 377000000.0 60621599.99999999 1030000000.0 1407000000.0 60621599.99999999 2.0284930184124272e+21 708000.0 0.0
He2-10 8.43 310000000.0 19995000.0 321000000.0 631000000.0 19995000.0 2.829826087391327e+21 631000.0 0.0
IZw18 7.14 100000000.0 16079999.999999998 149000000.0 249000000.0 16079999.999999998 5.103351226568881e+21 562.0 0.0
IC10 8.17 44100000.0 1993319.9999999998 52700000.0 96800000.0 1993319.9999999998 3.0282867720863026e+21 120000.0 0.0
IIZw40 8.23 566000000.0 91012799.99999999 241000000.0 807000000.0 91012799.99999999 4.98930919051005e+22 214000.0 0.0
Mrk1089 7.84 43000000.0 6914399.999999999 29100000.0 72100000.0 6914399.999999999 1.7461969965013683e+20 11200000.0 0.0
Mrk209 7.74 27600000.0 1816080.0 250000000.0 277600000.0 1816080.0 1.8674161375431828e+22 2040.0 0.0
Mrk930 8.03 3190000000.0 352814000.0 657000000.0 3847000000.0 352814000.0 3.835388462182987e+21 5890000.0 0.0
NGC1569 8.02 177000000.0 28461599.999999996 15400000.0 192400000.0 28461599.999999996 9.061274949246622e+20 132000.0 0.0
NGC2366 7.70 293000000.0 19806800.0 501000000.0 794000000.0 19806800.0 2.005349738043258e+20 74100.0 0.0
NGC4214 8.26 376000000.0 60460799.99999999 11600000.0 387600000.0 60460799.99999999 3.209091088059135e+20 741000.0 0.0
NGC4449 8.20 955000000.0 153563999.99999997 250000000.0 1205000000.0 153563999.99999997 5.152818486462491e+20 1410000.0 0.0
NGC4861 7.89 412000000.0 25832400.0 324000000.0 736000000.0 25832400.0 4.143621117490386e+20 200000.0 0.0
NGC5253 8.25 106000000.0 5999600.0 22600000.0 128600000.0 5999600.0 1.133833099426922e+20 240000.0 0.0
NGC625 8.22 110000000.0 19998000.0 37200000.0 147200000.0 19998000.0 5.256146609834327e+20 204000.0 0.0
NGC6822 7.96 104000000.0 10868000.0 10500000.0 114500000.0 10868000.0 7.359319404122657e+20 324000.0 0.0
SBS0335-052 7.25 437000000.0 44879900.0 312000000.0 749000000.0 44879900.0 1.2971632562456138e+21 1950.0 0.0
SBS1211+540 7.58 56000000.0 9004799.999999998 37900000.0 93900000.0 9004799.999999998 2.7382294968784446e+21 1350.0 0.0
SBS1249+493 7.68 1000000000.0 481500000.0 677000000.0 1677000000.0 481500000.0 2.472983175128723e+21 112000.0 0.0
SBS1415+437 7.55 437000000.0 70269599.99999999 296000000.0 733000000.0 70269599.99999999 1.076180297480232e+22 3800.0 0.0
SBS1533+574 8.05 3000000000.0 338699999.99999994 2030000000.0 5030000000.0 338699999.99999994 9.299471901578937e+21 417000.0 0.0
UGC4483 7.46 25200000.0 1260000.0 22300000.0 47500000.0 1260000.0 3.4990490548876116e+20 138.0 0.0
UM133 7.82 215000000.0 9417000.0 271000000.0 486000000.0 9417000.0 1.6523868708452644e+20 14500.0 0.0
UM311 8.36 60900000000.0 9792719999.999998 428000000.0 61328000000.0 9792719999.999998 5.689919035504294e+21 8320000.0 0.0
UM461 7.73 73100000.0 3655000.0 90900000.0 164000000.0 3655000.0 3.932253502068496e+20 6920.0 0.0
VIIZw403 7.66 32500000.0 2691000.0 35200000.0 67700000.0 2691000.0 3.491798483782602e+20 4570.0 0.0
NGC0628 8.35 3720000000.0 598175999.9999999 4170000000.0 7890000000.0 598175999.9999999 3.742659060951495e+20 25700000.0 3191940.0
NGC0925 8.25 4560000000.0 733247999.9999999 4660000000.0 9220000000.0 733247999.9999999 8.974075556393597e+20 25200000.0 3638880.0
NGC1097 8.47 7560000000.0 1215647999.9999998 459000000.0 8019000000.0 1215647999.9999998 2.9466280903080975e+20 82900000.0 6673450.0
DDO053 7.60 61600000.0 9905279.999999998 41700000.0 103300000.0 9905279.999999998 2.6940409077800994e+21 10400.0 1391.52
NGC2798 8.34 2130000000.0 342503999.99999994 16100000000.0 18230000000.0 342503999.99999994 7.055922478546241e+21 12400000.0 850640.0
NGC2841 8.54 8630000000.0 1387704000.0 5820000000.0 14450000000.0 1387704000.0 3.2620967687685124e+21 59100000.0 5384010.0
NGC2915 7.94 352000000.0 56601599.99999999 239000000.0 591000000.0 56601599.99999999 2.590000844836576e+22 338000.0 71216.6
HoI 7.61 145000000.0 23315999.999999996 98500000.0 243500000.0 23315999.999999996 1.1304422474828785e+21 238000.0 19682.6
NGC2976 8.36 127000000.0 20421599.999999996 266000000.0 393000000.0 20421599.999999996 1.2401351351919633e+21 1890000.0 171423.0
NGC3049 8.53 1210000000.0 194567999.99999997 375000000.0 1585000000.0 194567999.99999997 8.299314727116318e+20 7690000.0 1584140.0
NGC3077 8.52 871000000.0 140056799.99999997 8320000.0 879320000.0 140056799.99999997 1.2843736858138315e+21 1130000.0 173455.0
M81dwB 7.84 11600000.0 1865279.9999999998 7850000.0 19450000.0 1865279.9999999998 3.5815205051287955e+20 28100.0 17978.38
NGC3184 8.51 3370000000.0 541895999.9999999 2730000000.0 6100000000.0 541895999.9999999 5.561299362181383e+20 31600000.0 4051120.0
NGC3198 8.34 6850000000.0 1829635000.0 6530000000.0 13380000000.0 1829635000.0 3.0571562319146443e+21 37600000.0 5008320.0
IC2574 7.85 1320000000.0 212255999.99999997 151000000.0 1471000000.0 212255999.99999997 1.0360237804686326e+21 2790000.0 1323576.0
NGC3351 8.60 1020000000.0 164015999.99999997 723000000.0 1743000000.0 164015999.99999997 3.3471302431302576e+20 19300000.0 1316260.0
NGC3521 8.39 8710000000.0 1400568000.0 19000000000.0 27710000000.0 1400568000.0 3.749701725613258e+21 70800000.0 8552640.0
NGC3627 8.34 846000000.0 136036799.99999997 16100000000.0 16946000000.0 136036799.99999997 3.4427246267243823e+21 40400000.0 3038080.0
NGC3773 8.43 90300000.0 14520239.999999998 164000000.0 254300000.0 14520239.999999998 7.904356420307313e+20 756000.0 94197.6
NGC3938 8.42 8000000000.0 1286399999.9999998 15200000000.0 23200000000.0 1286399999.9999998 3.6255200664923967e+21 46500000.0 6147300.0
NGC4236 8.17 2690000000.0 432551999.99999994 1020000000.0 3710000000.0 432551999.99999994 1.1812219037729145e+21 2670000.0 387417.0
NGC4254 8.45 3760000000.0 604607999.9999999 20600000000.0 24360000000.0 604607999.9999999 1.476583968324446e+21 58300000.0 5509350.0
NGC4321 8.50 2390000000.0 384311999.99999994 12800000000.0 15190000000.0 384311999.99999994 5.0120664189267385e+20 72300000.0 8415720.0
NGC4536 8.21 1730000000.0 278183999.99999994 15700000000.0 17430000000.0 278183999.99999994 7.044785665203042e+20 31100000.0 3672910.0
NGC4559 8.29 4090000000.0 657671999.9999999 1210000000.0 5300000000.0 657671999.9999999 5.1422766201605456e+20 9560000.0 1142420.0
NGC4569 8.58 155000000.0 24923999.999999996 1900000000.0 2055000000.0 24923999.999999996 7.561611201212937e+19 15800000.0 1061760.0
NGC4579 8.54 547000000.0 87957600.0 3770000000.0 4317000000.0 87957600.0 2.3924608928009883e+20 33000000.0 1973400.0
NGC4594 8.54 260000000.0 41807999.99999999 431000000.0 691000000.0 41807999.99999999 7.433160452777424e+19 20600000.0 3516420.0
NGC4625 8.35 1000000000.0 160799999.99999997 100000000.0 1100000000.0 160799999.99999997 1.793940286731877e+21 1990000.0 295913.0
NGC4631 8.12 8770000000.0 1410216000.0 15200000000.0 23970000000.0 1410216000.0 4.349681395200494e+21 34800000.0 3271200.0
NGC4725 8.35 3590000000.0 577271999.9999999 10300000000.0 13890000000.0 577271999.9999999 3.593142616593993e+20 44500000.0 4387700.0
NGC4736 8.31 403000000.0 64802399.99999999 2540000000.0 2943000000.0 64802399.99999999 6.322442495814766e+20 5640000.0 636192.0
NGC4826 8.54 277000000.0 44541600.0 958000000.0 1235000000.0 44541600.0 4.4839565863172774e+20 4310000.0 348248.0
NGC5055 8.40 5590000000.0 898871999.9999999 10400000000.0 15990000000.0 898871999.9999999 1.6124160684945168e+21 53900000.0 4425190.000000001
NGC5408 7.81 322000000.0 51777599.99999999 218000000.0 540000000.0 51777599.99999999 1.2593886253241984e+22 85000.0 21828.0
NGC5713 8.24 5510000000.0 886007999.9999999 26900000000.0 32410000000.0 886007999.9999999 4.0124805740375085e+21 27800000.0 2135040.0
NGC6946 8.40 3580000000.0 575663999.9999999 17100000000.0 20680000000.0 575663999.9999999 3.729690253345853e+21 72700000.0 4536480.0
NGC7331 8.34 8850000000.0 1423080000.0 33600000000.0 42450000000.0 1423080000.0 2.7269246910337196e+21 105000000.0 8998500.0
