wave flux_norm flux_err cont_fit cont_err
1137.799560546875 0.9331535696983337 0.21222688257694244 6.381873179331539e-15 0.274639950664624
1137.8095703125 0.7373884916305542 0.19431334733963013 6.377923888214966e-15 0.2719597127395561
1137.8194580078125 1.1663693189620972 0.23013903200626373 6.3740338894047e-15 0.26934096960735826
1137.8294677734375 0.8966749906539917 0.20813558995723724 6.3701070446612294e-15 0.2667190887613276
1137.8394775390625 0.941070020198822 0.21084964275360107 6.3661916348625464e-15 0.26412570781668926
1137.8494873046875 0.8869468569755554 0.206934854388237 6.362287660008651e-15 0.2615914328381897
1137.859375 1.0399121046066284 0.2188253253698349 6.3584425539445905e-15 0.25905360689215384
1137.869384765625 1.0640126466751099 0.22083337604999542 6.354560601947324e-15 0.25654308293919614
1137.87939453125 1.2968755960464478 0.23760338127613068 6.350690508411319e-15 0.2540896335564862
1137.8892822265625 0.6401429772377014 0.18383251130580902 6.346878436632201e-15 0.2516320990676381
1137.8992919921875 1.0815396308898926 0.221016064286232 6.3430307894692985e-15 0.24920071936434576
1137.9093017578125 0.9760010838508606 0.21310502290725708 6.33919415373471e-15 0.2468243129386344
1137.919189453125 1.1591559648513794 0.22731485962867737 6.335415116240535e-15 0.24444351145966112
1137.92919921875 0.9494775533676147 0.2112216204404831 6.3316013503955226e-15 0.24208774345465947
1137.939208984375 1.1817036867141724 0.22861383855342865 6.327798595978824e-15 0.23978482634152362
1137.9490966796875 1.0295467376708984 0.2171507030725479 6.324053016286066e-15 0.2374774361802071
1137.9591064453125 0.8690635561943054 0.2040945142507553 6.320272284725996e-15 0.23519410455404027
1137.9691162109375 1.1823965311050415 0.2290860116481781 6.316502988110715e-15 0.23293419319986575
1137.97900390625 0.7192450761795044 0.19130797684192657 6.312790442702899e-15 0.23072447753382422
1137.989013671875 0.8184916973114014 0.20030488073825836 6.30904359246072e-15 0.228510155905231
1137.9990234375 0.971504807472229 0.21266470849514008 6.3053077536468546e-15 0.22631843217302816
1138.0089111328125 0.9986426830291748 0.21476159989833832 6.301628242523982e-15 0.22417521096857823
1138.0189208984375 0.8410512804985046 0.20123592019081116 6.297914850083219e-15 0.22202718118753148
1138.0289306640625 0.8766269087791443 0.20582787692546844 6.2942124690707705e-15 0.21990077258080787
1138.0389404296875 0.9012344479560852 0.20671804249286652 6.290521099486636e-15 0.21782123508642898
1138.048828125 0.7966359257698059 0.19896066188812256 6.286885634077021e-15 0.2157367541165919
1138.058837890625 1.0104113817214966 0.2169608622789383 6.283216710865989e-15 0.21367285122572827
1138.06884765625 1.191069483757019 0.23039987683296204 6.2795583755667975e-15 0.21165419257476983
1138.0787353515625 1.0620752573013306 0.22080625593662262 6.275955944442125e-15 0.20963061160733398
1138.0887451171875 1.0000251531600952 0.2153424471616745 6.272320055516036e-15 0.20762677664362336
1138.0987548828125 0.9243969917297363 0.2090679407119751 6.268695601534735e-15 0.2056667142735991
1138.108642578125 0.9066119194030762 0.2086046040058136 6.2651257811785314e-15 0.20370153396967028
1138.11865234375 1.2199445962905884 0.23295031487941742 6.261522926537385e-15 0.2017553307793649
1138.128662109375 0.8014376163482666 0.1997513324022293 6.2579310833245534e-15 0.19985143841771824
1138.1385498046875 0.5650787949562073 0.17600680887699127 6.254394297253293e-15 0.19794234796648263
1138.1485595703125 1.1184450387954712 0.22534982860088348 6.2508249004135635e-15 0.19605158306194323
1138.1585693359375 0.7795078158378601 0.19804991781711578 6.2472660914856745e-15 0.19420140934621935
1138.16845703125 0.9600918292999268 0.2131797969341278 6.2437619161828835e-15 0.19234633585897284
1138.178466796875 1.0106236934661865 0.21697381138801575 6.240225130111623e-15 0.19050869805212936
1138.1884765625 1.0405094623565674 0.21932783722877502 6.236699355468677e-15 0.18868833523137146
1138.1983642578125 0.989616870880127 0.2156802862882614 6.233227790934355e-15 0.1869070180992574
1138.2083740234375 0.9308099746704102 0.21083174645900726 6.229724039148038e-15 0.1851204988767937
1138.2183837890625 0.859153687953949 0.20506983995437622 6.226231298790035e-15 0.18335060014541998
1138.228271484375 0.7772356271743774 0.19790801405906677 6.222791921507709e-15 0.1816185566016105
1138.23828125 1.2722843885421753 0.2367272675037384 6.219320780489861e-15 0.17988121534181933
1138.248291015625 1.0172630548477173 0.21799618005752563 6.215860650900327e-15 0.17815996016411367
1138.25830078125 1.0559262037277222 0.2223617136478424 6.212411956255581e-15 0.1764752793023426
1138.2681884765625 1.3594661951065063 0.24541516602039337 6.209015777653565e-15 0.17478519052235011
1138.2781982421875 1.1692006587982178 0.2334526777267456 6.205588682348974e-15 0.17311065491358263
1138.2882080078125 1.036436915397644 0.22408530116081238 6.202172598472697e-15 0.1714714703445972
1138.298095703125 1.1100938320159912 0.2314944565296173 6.198808183606203e-15 0.1698269980088567
1138.30810546875 0.9360764622688293 0.2167431116104126 6.195414122586555e-15 0.16819754395529501
1138.318115234375 1.2104084491729736 0.24048171937465668 6.192030225962274e-15 0.16660228986811632
1138.3280029296875 0.9649937152862549 0.2218518853187561 6.1886984218642496e-15 0.1650017415969316
1138.3380126953125 0.8389000296592712 0.21088765561580658 6.185336548096597e-15 0.16341559665811256
1138.3480224609375 1.0373620986938477 0.2316209375858307 6.1819852622407856e-15 0.1618627590529978
1138.35791015625 0.7667402029037476 0.20721836388111115 6.1786856453947565e-15 0.1603046539781125
1138.367919921875 1.2857965230941772 0.25271254777908325 6.1753563823955734e-15 0.1587602490187218
1138.3779296875 1.21303391456604 0.24637176096439362 6.172037707308231e-15 0.1572296484391401
1138.3878173828125 0.8858705163002014 0.22367973625659943 6.168769854197724e-15 0.15573100411364446
1138.3978271484375 1.275648593902588 0.2534434199333191 6.165472778450537e-15 0.15422697599244325
1138.4078369140625 0.855789303779602 0.2242318093776703 6.1621867141316636e-15 0.15273625349700787
1138.417724609375 0.6177918314933777 0.1940731257200241 6.158951048273152e-15 0.15127646569693518
1138.427734375 0.9529974460601807 0.22834675014019012 6.1556861597779605e-15 0.149811448541302
1138.437744140625 1.150655746459961 0.2493421584367752 6.152432282711083e-15 0.14835928549229688
1138.44775390625 0.669363796710968 0.20473916828632355 6.149188993556046e-15 0.14693710785879974
1138.4576416015625 1.137940526008606 0.24929946660995483 6.145995679344898e-15 0.1455097890549354
1138.4676513671875 1.023725986480713 0.24094898998737335 6.142773989530016e-15 0.14409468442326745
1138.4776611328125 0.8782204389572144 0.22910146415233612 6.1395633111434485e-15 0.1427089075028213
1138.487548828125 1.117118000984192 0.24867109954357147 6.136401760667822e-15 0.14131795693892207
1138.49755859375 1.2742379903793335 0.2597965896129608 6.133212258104936e-15 0.1399388050378709
1138.507568359375 0.9700542092323303 0.2361583262681961 6.13003334345389e-15 0.13858814307449138
1138.5174560546875 0.8815836906433105 0.22569474577903748 6.126903556713786e-15 0.13723235491119187
1138.5274658203125 0.9281436800956726 0.2317679226398468 6.123745817886422e-15 0.13588804039950908
1138.5374755859375 0.9888794422149658 0.23662948608398438 6.120599090487372e-15 0.1345712095964507
1138.54736328125 1.3379063606262207 0.264377236366272 6.117501067482789e-15 0.133249425050237
1138.557373046875 0.9045803546905518 0.22882771492004395 6.114375092390947e-15 0.13193877564833117
1138.5673828125 0.6939267516136169 0.20650257170200348 6.111260552243893e-15 0.13063903710758695
1138.5772705078125 1.0825310945510864 0.24401314556598663 6.108193869458359e-15 0.12936596396562136
1138.5872802734375 0.6171778440475464 0.19858795404434204 6.105100081618513e-15 0.12808786215988552
1138.5972900390625 1.3069605827331543 0.2619822025299072 6.102016881690507e-15 0.12682033712629698
1138.607177734375 0.9310503602027893 0.22811995446681976 6.098981962640495e-15 0.12557873287968713
1138.6171875 1.017842411994934 0.23873303830623627 6.095919938536171e-15 0.12433216149291214
1138.627197265625 0.9680403470993042 0.2332494705915451 6.092868502343687e-15 0.12309588586435911
1138.63720703125 0.9649744629859924 0.23489785194396973 6.089828077579518e-15 0.12188464530113428
1138.6470947265625 1.0770479440689087 0.2436717450618744 6.086834663143921e-15 0.12066868086969705
1138.6571044921875 1.0204620361328125 0.2393927276134491 6.0838149906869594e-15 0.11946263286760349
1138.6671142578125 1.2399935722351074 0.25732091069221497 6.080806329658312e-15 0.11828094271958545
1138.677001953125 0.8762142658233643 0.22446945309638977 6.077844255441764e-15 0.11709451172111074
1138.68701171875 1.231142282485962 0.25503870844841003 6.074855923203851e-15 0.11591779925916748
1138.697021484375 1.2294691801071167 0.2531757950782776 6.071878602394252e-15 0.11476486350019147
1138.7069091796875 0.8914574980735779 0.22507096827030182 6.068947868396752e-15 0.11360708572070768
1138.7169189453125 0.8617939352989197 0.2196655571460724 6.065991299894361e-15 0.11245879419765768
1138.7269287109375 0.9347031712532043 0.22420276701450348 6.06304531930381e-15 0.11133365789285073
1138.73681640625 1.1507070064544678 0.24424432218074799 6.060145925525359e-15 0.11020374653954067
1138.746826171875 1.2798584699630737 0.25373220443725586 6.057220697242016e-15 0.10908303856618758
1138.7568359375 1.09662663936615 0.23703178763389587 6.054306480386988e-15 0.10798481823179064
1138.7667236328125 0.9818838238716125 0.2247210592031479 6.0514375797946374e-15 0.10688195360334152
1138.7767333984375 0.6599481105804443 0.19431880116462708 6.048544115246817e-15 0.10578803038415953
1138.7867431640625 1.096195936203003 0.22951039671897888 6.045660815094363e-15 0.10470292410799902
1138.796630859375 1.1225807666778564 0.2318984717130661 6.0428228312045876e-15 0.10363953516998871
1138.806640625 0.8475651741027832 0.20908208191394806 6.039960706875815e-15 0.10257156710434148
1138.816650390625 0.7935929894447327 0.2020586133003235 6.03710874694241e-15 0.10151217892636047
1138.8265380859375 0.9269261360168457 0.21320019662380219 6.034301679755209e-15 0.10047406680284866
1138.8365478515625 0.7644582390785217 0.19887475669384003 6.0314708956454854e-15 0.09943139321590864
1138.8465576171875 1.1304893493652344 0.228594109416008 6.028649852414655e-15 0.09839708238540915
1138.8565673828125 1.0300840139389038 0.2214682698249817 6.025839820612139e-15 0.09738340218141048
1138.866455078125 0.6038915514945984 0.1837455928325653 6.02307383452288e-15 0.09636537719162332
1138.87646484375 0.9770929217338562 0.21734334528446198 6.020284131511098e-15 0.09535543456054334
1138.886474609375 0.9505190253257751 0.2144707590341568 6.0175050164111565e-15 0.09436565892323233
1138.8963623046875 1.1354933977127075 0.228674978017807 6.0147699470244724e-15 0.09337150709517106
1138.9063720703125 1.245971441268921 0.23771730065345764 6.012011160715265e-15 0.0923852733164313
1138.9163818359375 1.0280331373214722 0.22160863876342773 6.0092629623178986e-15 0.0914186639872709
1138.92626953125 1.139215350151062 0.22926929593086243 6.0065583861173156e-15 0.09044786329592631
1138.936279296875 1.0256774425506592 0.22103767096996307 6.003830516510683e-15 0.08948471628300392
1138.9462890625 0.892570972442627 0.2093351185321808 6.001113234815891e-15 0.08854071624705286
1138.9561767578125 1.0063972473144531 0.22007377445697784 5.9984391518014095e-15 0.08759260228203843
1138.9661865234375 1.1656827926635742 0.23236685991287231 5.995742198897352e-15 0.08665195530384283
1138.9761962890625 0.9756936430931091 0.21718434989452362 5.993055833905135e-15 0.0857186566865042
1138.986083984375 0.9539072513580322 0.21557585895061493 5.990412244076754e-15 0.08480398618724568
1138.99609375 0.8501505255699158 0.2058820277452469 5.987746207875271e-15 0.08388521654320916
1139.006103515625 1.35105299949646 0.24571318924427032 5.985090759585629e-15 0.08297371158868888
1139.0159912109375 1.1609598398208618 0.23166728019714355 5.982477239426876e-15 0.08208029667996142
1139.0260009765625 1.032769799232483 0.22246785461902618 5.979841696411494e-15 0.08118296312043534
1139.0360107421875 1.1115466356277466 0.2281554937362671 5.977216741307953e-15 0.08029267660679516
1139.0460205078125 1.1667461395263672 0.23204471170902252 5.974601950599779e-15 0.07942004854822925
1139.055908203125 0.977492094039917 0.21785195171833038 5.972029088022494e-15 0.07854358832358044
1139.06591796875 1.0834977626800537 0.22576095163822174 5.969434626105054e-15 0.07767400593361731
1139.075927734375 1.0576294660568237 0.22445516288280487 5.966850328582981e-15 0.0768216817710983
1139.0858154296875 1.0031578540802002 0.2197394073009491 5.964307535675324e-15 0.07596560918367426
1139.0958251953125 0.7670353651046753 0.20037488639354706 5.961743566943985e-15 0.07511626458786264
1139.1058349609375 1.0578263998031616 0.22380295395851135 5.959189762608013e-15 0.07428376955598907
1139.11572265625 1.2744269371032715 0.24047091603279114 5.9566770393699835e-15 0.07344762382786425
1139.125732421875 1.113336443901062 0.22892063856124878 5.954143563824746e-15 0.07261800699712018
1139.1357421875 1.0843288898468018 0.22658909857273102 5.951619829158402e-15 0.07180497460964223
1139.1456298828125 1.142217993736267 0.23118507862091064 5.949137599106473e-15 0.07098825286120261
1139.1556396484375 1.0867767333984375 0.22641567885875702 5.946634193230863e-15 0.070178075127765
1139.1656494140625 0.9536482691764832 0.21642591059207916 5.94414095175062e-15 0.06938397077848768
1139.175537109375 1.060137152671814 0.22491055727005005 5.941688367851845e-15 0.0685863738132537
1139.185546875 0.7932328581809998 0.20292231440544128 5.939215455162336e-15 0.06779505271757187
1139.195556640625 0.9022193551063538 0.21186651289463043 5.9367522833517206e-15 0.06701002214809965
1139.2054443359375 1.0665123462677002 0.22530458867549896 5.934329769122573e-15 0.06624062093939893
1139.2154541015625 1.2038649320602417 0.2361840307712555 5.931886926102692e-15 0.06546790230777579
1139.2254638671875 1.4713305234909058 0.2540845572948456 5.9294542474781775e-15 0.06470131372225332
1139.2354736328125 1.3445638418197632 0.2467929571866989 5.9270313097325566e-15 0.06395001169754268
1139.245361328125 1.1322585344314575 0.23116284608840942 5.924648182535457e-15 0.06319549869441658
1139.25537109375 1.1074162721633911 0.23012588918209076 5.92224557358057e-15 0.06244699879007954
1139.265380859375 1.408453106880188 0.2512612044811249 5.91985312902105e-15 0.06171347789602425
1139.2752685546875 1.0005402565002441 0.22211317718029022 5.91749922446063e-15 0.06097681430184188
1139.2852783203125 0.8086665272712708 0.20574933290481567 5.915126685175371e-15 0.06024604094083314
1139.2952880859375 1.0560100078582764 0.226266548037529 5.912764310285479e-15 0.0595300015063179
1139.30517578125 1.0005792379379272 0.2215157449245453 5.910440051878213e-15 0.05881089773335297
1139.315185546875 1.1084924936294556 0.23024044930934906 5.908097582262581e-15 0.05809758797627931
1139.3251953125 1.245488166809082 0.24070236086845398 5.905764853525843e-15 0.05739870244487719
1139.3350830078125 1.2431905269622803 0.24032394587993622 5.903470241271731e-15 0.056696837591210955
1139.3450927734375 1.3821437358856201 0.2502063810825348 5.901157417809253e-15 0.056000750583081196
1139.3551025390625 1.1305116415023804 0.2315799742937088 5.898854335225669e-15 0.05531871794649261
1139.364990234375 0.9660966396331787 0.21854180097579956 5.896589369124711e-15 0.054633942923817215
1139.375 1.0185304880142212 0.2224944829940796 5.894306191815387e-15 0.05395475057203272
1139.385009765625 1.2364991903305054 0.23892498016357422 5.892032755384956e-15 0.05328120535399914
1139.3948974609375 1.207299828529358 0.2366500198841095 5.8897970119206784e-15 0.05262134472476973
1139.4049072265625 1.0154272317886353 0.22227486968040466 5.887543480764508e-15 0.051958873788215613
1139.4149169921875 1.2312630414962769 0.2387087643146515 5.885300114003705e-15 0.05130193282168196
1139.4248046875 1.2316724061965942 0.23817186057567596 5.883093593176108e-15 0.05065847003507218
1139.434814453125 1.2858984470367432 0.24229735136032104 5.880869708173092e-15 0.05001250241432185
1139.44482421875 1.3893041610717773 0.24943743646144867 5.878655564048969e-15 0.049372001715981516
1139.454833984375 1.146273136138916 0.2314436286687851 5.876451584320213e-15 0.0487447252036262
1139.4647216796875 1.0693060159683228 0.22634431719779968 5.874283603491716e-15 0.04811505160186221
1139.4747314453125 0.8272373080253601 0.2066388875246048 5.872099105520747e-15 0.047490863592734106
1139.4847412109375 1.3421422243118286 0.24558234214782715 5.869924771945145e-15 0.04687958181066435
1139.49462890625 1.4999173879623413 0.2563348412513733 5.867786013753328e-15 0.04626612679389865
1139.504638671875 0.8534902930259705 0.20897383987903595 5.8656307384190396e-15 0.04565807991429048
1139.5146484375 0.7962282299995422 0.20365078747272491 5.863485627480118e-15 0.045062705934709214
1139.5245361328125 1.2053396701812744 0.23694325983524323 5.861376091924981e-15 0.04446533439482764
1139.5345458984375 1.0691598653793335 0.22681473195552826 5.859250039227373e-15 0.043873306001596064
1139.5445556640625 1.446785807609558 0.25354889035224915 5.857134150925132e-15 0.04329374740191105
1139.554443359375 1.230967402458191 0.23889188468456268 5.8550534144902015e-15 0.04271236381987756
1139.564453125 1.0994524955749512 0.2280435562133789 5.8529565844292735e-15 0.04213626844943329
1139.574462890625 0.8262113332748413 0.2070511132478714 5.8508699187637125e-15 0.04156558531622916
1139.5843505859375 0.8542109131813049 0.20900891721248627 5.848817981448989e-15 0.041007045672290146
1139.5943603515625 1.1261061429977417 0.2312067449092865 5.846750797541215e-15 0.04044691006708475
1139.6043701171875 0.8315736055374146 0.2074970155954361 5.8446929309958606e-15 0.03989208787633849
1139.6142578125 1.0739001035690308 0.22772692143917084 5.842669792801344e-15 0.039349278146948045
1139.624267578125 1.1868733167648315 0.23632965981960297 5.840631408013776e-15 0.03880507019110325
1139.63427734375 1.1687425374984741 0.2347961813211441 5.838602764105102e-15 0.03826621706552547
1139.644287109375 1.1354119777679443 0.23289251327514648 5.8365838610753215e-15 0.03773919171856544
1139.6541748046875 1.1202306747436523 0.23240041732788086 5.834598839363431e-15 0.03721092377739024
1139.6641845703125 1.166772484779358 0.2364049106836319 5.832599418091437e-15 0.03668805979722336
1139.6741943359375 0.9351994395256042 0.21813799440860748 5.830609314181863e-15 0.03617682586663865
1139.68408203125 1.1105259656906128 0.23293925821781158 5.828652668073706e-15 0.03566465195679223
1139.694091796875 0.7720128893852234 0.2045389860868454 5.826682045921919e-15 0.03515786554853061
1139.7041015625 1.121423363685608 0.23254580795764923 5.8247207411325514e-15 0.03466256973826112
1139.7139892578125 1.2432448863983154 0.24264897406101227 5.822792894144601e-15 0.034166576235706396
1139.7239990234375 0.6833041906356812 0.19512678682804108 5.82085107111302e-15 0.03367602630448789
1139.7340087890625 1.1178574562072754 0.23221160471439362 5.8189185654438595e-15 0.03319682837827198
1139.743896484375 1.0439680814743042 0.22670885920524597 5.817019094059642e-15 0.0327171992147489
1139.75390625 1.009261131286621 0.22317108511924744 5.815105646631794e-15 0.032243057772436634
1139.763916015625 0.9409546256065369 0.2171114981174469 5.81320194008284e-15 0.031780199961200246
1139.7738037109375 0.91730797290802 0.21560509502887726 5.8113308443023554e-15 0.03131716901889018
1139.7838134765625 0.8881891369819641 0.21277505159378052 5.809446195994715e-15 0.030859717683346888
1139.7938232421875 0.9970698952674866 0.22150015830993652 5.807571288565967e-15 0.030407957799663377
1139.8037109375 1.265468716621399 0.24229837954044342 5.805728144872742e-15 0.029967279667364947
1139.813720703125 1.2368700504302979 0.23929956555366516 5.803872295685308e-15 0.029526871691510363
1139.82373046875 1.073958158493042 0.22796182334423065 5.80202534034382e-15 0.029092226988367425
1139.8336181640625 1.1044763326644897 0.23006434738636017 5.800210995770801e-15 0.02866858944521354
1139.8436279296875 0.9349537491798401 0.21605998277664185 5.798383098670626e-15 0.028245565623130197
1139.8536376953125 0.7480890154838562 0.20037178695201874 5.796564942449345e-15 0.027828446205780833
1139.8636474609375 1.0755490064620972 0.227793350815773 5.794756527106957e-15 0.027422268517120298
1139.87353515625 0.7763395309448242 0.20243550837039948 5.792979028467144e-15 0.027017078014454313
1139.883544921875 1.072530746459961 0.22769901156425476 5.7911892478495954e-15 0.026617954540764408
1139.8935546875 1.100582242012024 0.22996622323989868 5.7894092081109405e-15 0.026229724499078844
1139.9034423828125 1.127456545829773 0.23188956081867218 5.787659661558387e-15 0.02584286034237203
1139.9134521484375 1.0760266780853271 0.22789080440998077 5.7858982565445714e-15 0.02546229660825184
1139.9234619140625 0.9402728080749512 0.21699897944927216 5.784146168893176e-15 0.025092572216917353
1139.933349609375 1.1590051651000977 0.23405326902866364 5.7824245744278815e-15 0.024724664521356673
1139.943359375 0.9136033654212952 0.21527647972106934 5.780691545017799e-15 0.02436322176499299
1139.953369140625 0.9968848824501038 0.22212369740009308 5.778967409453663e-15 0.024012638871009705
1139.9632568359375 1.18760085105896 0.236649289727211 5.777273767075628e-15 0.02366430865683323
1139.9732666015625 1.1674526929855347 0.23603633046150208 5.775568689752805e-15 0.023322714320035652
1139.9832763671875 1.144566297531128 0.23471832275390625 5.773872929792402e-15 0.022987910491388614
1139.9931640625 0.8990809321403503 0.21472163498401642 5.7722072395016265e-15 0.02266394830636171
1140.003173828125 0.9468687772750854 0.22088967263698578 5.770530114266063e-15 0.022342927123483177
1140.01318359375 0.8905181288719177 0.21564121544361115 5.768862306392919e-15 0.02202896056098174
1140.0230712890625 0.8621065616607666 0.21225152909755707 5.7672241446729295e-15 0.02172584110824625
1140.0330810546875 0.9192242622375488 0.21878458559513092 5.765574971524625e-15 0.021426191239595
1140.0430908203125 0.8986151814460754 0.21755754947662354 5.763935115738741e-15 0.021133854001886738
1140.0531005859375 0.5911633372306824 0.18929754197597504 5.7623045773152765e-15 0.020852408428023966
1140.06298828125 0.8738022446632385 0.21533940732479095 5.760702838012019e-15 0.02057496046581528
1140.072998046875 0.8781170845031738 0.21562649309635162 5.759090934313394e-15 0.020305117137010806
1140.0830078125 0.9890154004096985 0.22560475766658783 5.7574883479771886e-15 0.020046150970634974
1140.0928955078125 0.8350829482078552 0.21348018944263458 5.7559141372447165e-15 0.019791734786934218
1140.1029052734375 0.9413139224052429 0.22270247340202332 5.754330185633351e-15 0.019545228389731446
1140.1129150390625 0.9397368431091309 0.22450494766235352 5.7527551278679315e-15 0.019309566687751117
1140.122802734375 0.8400566577911377 0.21229392290115356 5.751208445706245e-15 0.0190790386996211
1140.1328125 0.8132643103599548 0.21025612950325012 5.7496520226656654e-15 0.01885665450672367
1140.142822265625 1.240904450416565 0.2467297613620758 5.7481049169875054e-15 0.018645090063846376
1140.1527099609375 0.6952135562896729 0.19877542555332184 5.746585339880131e-15 0.018439172966953073
1140.1627197265625 1.2604870796203613 0.2473292052745819 5.745056445410337e-15 0.018241661684690852
1140.1727294921875 1.0493943691253662 0.2302985042333603 5.743536868302963e-15 0.018052613938784053
1140.1826171875 1.0325841903686523 0.2284051924943924 5.7420448197663745e-15 0.0178742372468834
1140.192626953125 1.1296616792678833 0.23455685377120972 5.740543030350893e-15 0.017702193895254244
1140.20263671875 0.9618036150932312 0.22069428861141205 5.739050981814304e-15 0.017538778900024293
1140.2125244140625 0.7544137239456177 0.20175780355930328 5.737586038332028e-15 0.017385866497266925
1140.2225341796875 0.8392401933670044 0.20971694588661194 5.7361122010038054e-15 0.01723971777323731
1140.2325439453125 1.0781913995742798 0.2286103516817093 5.734647257521529e-15 0.01710228689436869
1140.2425537109375 0.9138014316558838 0.2152533084154129 5.7331916314016726e-15 0.01697511910238952
1140.25244140625 1.1341571807861328 0.23300330340862274 5.7317626868196546e-15 0.016855064438805367
1140.262451171875 0.776993989944458 0.20345576107501984 5.730325271908164e-15 0.01674373802259228
1140.2724609375 0.9945850968360901 0.22179561853408813 5.728897174359093e-15 0.01664232994207461
1140.2823486328125 1.2640875577926636 0.24214082956314087 5.727494911314914e-15 0.01654829292945907
1140.2923583984375 0.8868364691734314 0.21301524341106415 5.726085024974209e-15 0.016462902232762054
1140.3023681640625 0.7794573903083801 0.2037896066904068 5.7246840324794504e-15 0.01638698197189468
1140.312255859375 0.7788788080215454 0.20383460819721222 5.723308874489583e-15 0.016318595467317294
1140.322265625 1.185508131980896 0.23613393306732178 5.721925669686717e-15 0.016258654724961547
1140.332275390625 1.021733045578003 0.22418780624866486 5.72055178224627e-15 0.016207650825614737
1140.3421630859375 0.968878448009491 0.21961615979671478 5.719203729310715e-15 0.016164219412832775
1140.3521728515625 0.9415913224220276 0.21790064871311188 5.717847629562161e-15 0.01612893512445865
1140.3621826171875 1.1595011949539185 0.23436395823955536 5.716500847176027e-15 0.016101957905344754
1140.3720703125 1.050891399383545 0.22551347315311432 5.715179052261836e-15 0.016082492195460266
1140.382080078125 1.4317439794540405 0.2534554898738861 5.713850481084068e-15 0.016070772812009148
1140.39208984375 0.9961516857147217 0.22245857119560242 5.712530380235772e-15 0.016066651866177065
1140.4019775390625 1.2956693172454834 0.2450312077999115 5.71123526685942e-15 0.016069881506084373
1140.4119873046875 0.9152507185935974 0.21566762030124664 5.70993337721949e-15 0.016080375049591616
1140.4219970703125 0.9703538417816162 0.21973861753940582 5.708640381425507e-15 0.016097963146938957
1140.431884765625 0.8328343033790588 0.20833948254585266 5.707371949586993e-15 0.01612212359153408
1140.44189453125 0.9426684379577637 0.21814991533756256 5.706096741484902e-15 0.016153267812658426
1140.451904296875 1.0786248445510864 0.22903814911842346 5.7048308507452305e-15 0.016190945025096097
1140.4619140625 0.9972565174102783 0.22246836125850677 5.7035734303350315e-15 0.016234383663374468
1140.4718017578125 1.076798915863037 0.22881783545017242 5.702340573880303e-15 0.016284462533184
1140.4818115234375 1.2952483892440796 0.24375659227371216 5.701100941161996e-15 0.0163404785417548
1140.4918212890625 0.723212718963623 0.19825594127178192 5.699870625806109e-15 0.016401442254525854
1140.501708984375 1.131606101989746 0.2328040450811386 5.6986640273727455e-15 0.01646865584110035
1140.51171875 0.9968574643135071 0.22245322167873383 5.697451076192277e-15 0.016541192057750634
1140.521728515625 0.8368726968765259 0.20870894193649292 5.6962470188577554e-15 0.01661787677332513
1140.5316162109375 1.026047945022583 0.22446100413799286 5.6950666784457565e-15 0.016700389969161133
1140.5416259765625 0.8915464878082275 0.2137778103351593 5.693880408803127e-15 0.016787623950573594
1140.5516357421875 1.169028401374817 0.23620052635669708 5.692703456522917e-15 0.016878228805807676
1140.5615234375 1.2635740041732788 0.24386367201805115 5.6915489506158094e-15 0.01697424552619826
1140.571533203125 1.120006799697876 0.23291705548763275 5.690389362511018e-15 0.01707438745847411
1140.58154296875 1.114519476890564 0.23191800713539124 5.689238668252173e-15 0.017178460570079015
1140.5914306640625 0.8186675310134888 0.20791226625442505 5.6881104203664306e-15 0.017284942794171216
1140.6014404296875 1.086727499961853 0.22977644205093384 5.686977090283004e-15 0.017396273242917967
1140.6114501953125 1.0055612325668335 0.22327375411987305 5.685852654045524e-15 0.0175109921455935
1140.621337890625 1.139077067375183 0.23603186011314392 5.6847506641811464e-15 0.017627457339474063
1140.63134765625 0.9689933061599731 0.22249600291252136 5.683643592119085e-15 0.017748375138056605
1140.641357421875 0.7346470355987549 0.20032133162021637 5.68254541390297e-15 0.017872163596307382
1140.6513671875 0.9149178862571716 0.21808314323425293 5.681456129532801e-15 0.01799709417483319
1140.6612548828125 0.9435322880744934 0.22080950438976288 5.680388444502787e-15 0.018126102941477786
1140.6712646484375 1.0278292894363403 0.22760243713855743 5.67931694782451e-15 0.018257508618908572
1140.6812744140625 1.090503454208374 0.23308135569095612 5.678253497959232e-15 0.01838951938316588
1140.691162109375 1.3515026569366455 0.25291988253593445 5.677212070950583e-15 0.01852525565601736
1140.701171875 0.9053807258605957 0.2190292477607727 5.676166408777198e-15 0.018662953850755636
1140.711181640625 0.9064313173294067 0.21875491738319397 5.675129216933285e-15 0.018800781043622188
1140.7210693359375 0.9716838002204895 0.22493554651737213 5.674113200913053e-15 0.018941998897353932
1140.7310791015625 1.1729356050491333 0.23909060657024384 5.673093796761033e-15 0.01908479914225175
1140.7410888671875 1.228685975074768 0.24573351442813873 5.672082439422011e-15 0.01922729469122609
1140.7509765625 0.8124200701713562 0.212722048163414 5.6710926814231444e-15 0.019372889616060894
1140.760986328125 1.0224257707595825 0.2311628758907318 5.6700986882595415e-15 0.019519723145039122
1140.77099609375 0.7826865315437317 0.20934715867042542 5.669113588941885e-15 0.019665872255228256
1140.7808837890625 1.0805858373641968 0.23642446100711823 5.668149241931436e-15 0.019814847603815532
1140.7908935546875 1.208729863166809 0.24507325887680054 5.667181506789198e-15 0.019964753306806388
1140.8009033203125 0.7327399849891663 0.2064075618982315 5.666222241976432e-15 0.020115485418612186
1140.810791015625 1.070188283920288 0.23490938544273376 5.665283305954401e-15 0.02026511603517536
1140.82080078125 0.7110589742660522 0.20169004797935486 5.6643409818005804e-15 0.020417242105508084
1140.830810546875 1.0664006471633911 0.23658503592014313 5.66340797500918e-15 0.020569943426621315
1140.8408203125 0.8028618097305298 0.210931658744812 5.662483015030778e-15 0.020721265298887116
1140.8507080078125 1.0037423372268677 0.23138241469860077 5.661577960326637e-15 0.020874870060359284
1140.8607177734375 1.0609248876571655 0.23550932109355927 5.660670364523654e-15 0.021028816163564935
1140.8707275390625 0.7580234408378601 0.20845992863178253 5.6597712390501435e-15 0.021181145098341094
1140.880615234375 1.085752248764038 0.23593777418136597 5.65889159533442e-15 0.021335563613481406
1140.890625 1.2695363759994507 0.2517073452472687 5.6580094105198545e-15 0.021490116708065127
1140.900634765625 1.0036990642547607 0.2281733900308609 5.657136119551235e-15 0.02164286691176191
1140.9105224609375 0.9389726519584656 0.22329573333263397 5.656281463307456e-15 0.02179751735770549
1140.9205322265625 1.2838619947433472 0.2495347410440445 5.655425112997782e-15 0.021952126252429
1140.9305419921875 1.178309440612793 0.24351993203163147 5.65457723301758e-15 0.022104760326148807
1140.9404296875 1.123943567276001 0.23626220226287842 5.653747987762218e-15 0.022259127041738318
1140.950439453125 0.996910810470581 0.22690561413764954 5.652917048440962e-15 0.022413304747558677
1140.96044921875 0.8470269441604614 0.2136341631412506 5.652094155932704e-15 0.022565359498132116
1140.9703369140625 0.8903446197509766 0.21627093851566315 5.65129032166576e-15 0.022719009338997273
1140.9803466796875 0.9025089144706726 0.2152579128742218 5.650484369816447e-15 0.022872327744429353
1140.9903564453125 0.8323919177055359 0.2113674432039261 5.649687311813081e-15 0.023025264667973246
1141.000244140625 1.0188307762145996 0.22620801627635956 5.648908465018081e-15 0.023175937393382803
1141.01025390625 1.0735886096954346 0.23005810379981995 5.648127924157186e-15 0.023328010289105503
1141.020263671875 1.2363146543502808 0.24232174456119537 5.6473558536257636e-15 0.023479602679458332
1141.0301513671875 1.1498498916625977 0.23577618598937988 5.646601994302707e-15 0.02362883010238733
1141.0401611328125 0.9750018119812012 0.22110368311405182 5.64584686443023e-15 0.023779347415746544
1141.0501708984375 0.8494632244110107 0.2115628868341446 5.645100204887225e-15 0.023929277856492768
1141.0601806640625 0.9483052492141724 0.21855446696281433 5.64436159215722e-15 0.024076768969301377
1141.070068359375 1.050209641456604 0.2262391299009323 5.643640767119106e-15 0.02422543456952389
1141.080078125 1.2987929582595825 0.24548663198947906 5.6429190950480455e-15 0.024373430516943843
1141.090087890625 1.1607997417449951 0.23518170416355133 5.6422058933064574e-15 0.02451892645950468
1141.0999755859375 0.8879008889198303 0.21290449798107147 5.641509632223814e-15 0.02466550102308236
1141.1099853515625 1.0790046453475952 0.2282104641199112 5.640813371141171e-15 0.024811319915426854
1141.1199951171875 1.1325900554656982 0.23279671370983124 5.640125156871527e-15 0.024954602205722543
1141.1298828125 1.0509612560272217 0.22698013484477997 5.6394534597443546e-15 0.02509885863847756
1141.139892578125 0.9152494668960571 0.21566753089427948 5.638781762617182e-15 0.0252423012515447
1141.14990234375 1.1049119234085083 0.23023949563503265 5.638118535819482e-15 0.025383168102030132
1141.1597900390625 0.942469596862793 0.21823395788669586 5.637471826164253e-15 0.025524923867004463
1141.1697998046875 0.7520051002502441 0.200529083609581 5.6368251165090245e-15 0.025665805646544596
1141.1798095703125 1.0231287479400635 0.22413189709186554 5.636186453666795e-15 0.0258057934634925
1141.189697265625 1.1048927307128906 0.23081332445144653 5.6355643079670364e-15 0.025943185420832703
1141.19970703125 0.6431435942649841 0.1911720633506775 5.634942162267278e-15 0.02608134955653195
1141.209716796875 0.8335334658622742 0.20827224850654602 5.6343284868969924e-15 0.02621857805948013
1141.2196044921875 1.1047296524047852 0.2302134782075882 5.633730481636231e-15 0.026353192486217602
1141.2296142578125 0.8892179727554321 0.21375606954097748 5.6331333234084166e-15 0.02648850885370351
1141.2396240234375 1.294946551322937 0.24492250382900238 5.632544211993601e-15 0.02662284811096863
1141.2496337890625 1.0511783361434937 0.22701941430568695 5.6319635709082584e-15 0.02675456891114886
1141.259521484375 1.051830530166626 0.22634314000606537 5.631398176415966e-15 0.02688692297564432
1141.26953125 0.9988160729408264 0.22288261353969574 5.630833628956621e-15 0.027018257974884448
1141.279541015625 0.6471361517906189 0.1920481026172638 5.630277551826749e-15 0.027146987374996944
1141.2894287109375 0.8341860771179199 0.20774748921394348 5.629736297773453e-15 0.027276272442919292
1141.2994384765625 0.9482117295265198 0.2187751978635788 5.629196314269579e-15 0.027404512859411916
1141.3094482421875 0.8075708150863647 0.20682451128959656 5.6286648010951765e-15 0.02753015736130947
1141.3193359375 0.9537460207939148 0.21920177340507507 5.628147687480878e-15 0.02765629332760157
1141.329345703125 1.0843641757965088 0.22977888584136963 5.6276322679324736e-15 0.02778136099624274
1141.33935546875 0.976759135723114 0.22101102769374847 5.627124895197068e-15 0.027903842174776646
1141.3492431640625 1.1504217386245728 0.23590658605098724 5.626631922021766e-15 0.028026758331967282
1141.3592529296875 1.090414047241211 0.23068629205226898 5.626141066428832e-15 0.028148582812648214
1141.3692626953125 1.0200217962265015 0.22627879679203033 5.625657834132424e-15 0.02826784002595632
1141.379150390625 1.156627893447876 0.23659032583236694 5.6251890013961185e-15 0.028387475075063975
1141.38916015625 0.8729361295700073 0.2129429578781128 5.6247222862421814e-15 0.028505998646782497
1141.399169921875 0.8774866461753845 0.21341603994369507 5.624263617901243e-15 0.028623407172863075
1141.4090576171875 0.6266211867332458 0.1900160014629364 5.623818502087461e-15 0.028738285092441883
1141.4190673828125 1.041028380393982 0.22722236812114716 5.623375927372521e-15 0.028853463952377
1141.4290771484375 0.9112328886985779 0.21698954701423645 5.622941399470579e-15 0.028967512208062672
1141.4390869140625 1.1054428815841675 0.2323804646730423 5.622514918381637e-15 0.02907905621134598
1141.448974609375 0.9311591982841492 0.218472421169281 5.6221015663033766e-15 0.0291908485814287
1141.458984375 0.8493406772613525 0.21153105795383453 5.621691178840432e-15 0.02930150211164639
1141.468994140625 1.0964288711547852 0.23149174451828003 5.621288838190486e-15 0.02940968018958815
1141.4788818359375 1.036305546760559 0.22623276710510254 5.620899203034749e-15 0.029518059536258013
1141.4888916015625 1.0938186645507812 0.23121346533298492 5.620512956010801e-15 0.029625289054778584
1141.4989013671875 0.7887294292449951 0.2057248204946518 5.620134755799852e-15 0.029730079864805494
1141.5087890625 0.8461127877235413 0.21069663763046265 5.619768837566638e-15 0.029835018342208534
1141.518798828125 1.0418881177902222 0.2273053526878357 5.6194063074652134e-15 0.029938801659278313
1141.52880859375 1.0801458358764648 0.2299807369709015 5.6190518241767875e-15 0.03004018601009749
1141.5386962890625 1.1812502145767212 0.23684892058372498 5.618709199349623e-15 0.03014166892017925
1141.5487060546875 1.2650277614593506 0.24390661716461182 5.618370809687195e-15 0.030241993100279703
1141.5587158203125 1.0245822668075562 0.22661547362804413 5.618040043321292e-15 0.030339955119763024
1141.568603515625 1.2374083995819092 0.24258503317832947 5.617721135416651e-15 0.030437971567970828
1141.57861328125 1.0441657304763794 0.2277716100215912 5.617406462676746e-15 0.030534825427330874
1141.588623046875 1.073789358139038 0.23020721971988678 5.617099413233366e-15 0.030630516995659593
1141.5985107421875 0.9898190498352051 0.2235078662633896 5.616804222251248e-15 0.030723900742440267
1141.6085205078125 1.0181324481964111 0.2250998169183731 5.616512842917393e-15 0.030817280677217587
1141.6185302734375 1.1044998168945312 0.23288291692733765 5.616229510396536e-15 0.030909499969889738
1141.62841796875 1.0089665651321411 0.2263585776090622 5.6159576128204675e-15 0.03099945164503011
1141.638427734375 1.0082980394363403 0.22604015469551086 5.615689950409135e-15 0.031089355357930594
1141.6484375 1.1869152784347534 0.2404661476612091 5.615430334810802e-15 0.03117810200231877
1141.658447265625 0.9230104684829712 0.2195054292678833 5.6151783425089936e-15 0.03126462415475388
1141.6683349609375 1.1229934692382812 0.23516736924648285 5.6149373616355e-15 0.031351060078043544
1141.6783447265625 0.8358684182167053 0.2113114446401596 5.614701039443216e-15 0.03143633401911579
1141.6883544921875 1.0197848081588745 0.22771376371383667 5.614472764063931e-15 0.03151943431627205
1141.6982421875 1.0083112716674805 0.2264973670244217 5.614254653080013e-15 0.03160240699814168
1141.708251953125 1.205217957496643 0.2418251484632492 5.614042047810252e-15 0.03168422515339009
1141.71826171875 0.8806222081184387 0.2135852426290512 5.613837065837016e-15 0.03176390797739458
1141.7281494140625 0.9983791708946228 0.22430147230625153 5.613642248259148e-15 0.0318434316704157
1141.7381591796875 0.8198966383934021 0.20875494182109833 5.613452512878963e-15 0.03192180155478241
1141.7481689453125 1.0458496809005737 0.2277860939502716 5.613270824311777e-15 0.03199808573200445
1141.758056640625 1.008099913597107 0.22415676712989807 5.613099300139958e-15 0.03207416933607718
1141.76806640625 0.870370626449585 0.21227207779884338 5.6129328581658224e-15 0.03214910889406404
1141.778076171875 1.0332328081130981 0.22564268112182617 5.612774463004686e-15 0.032222901137797855
1141.7879638671875 1.115256667137146 0.23210574686527252 5.612625385205969e-15 0.032294672809477516
1141.7979736328125 0.9947752952575684 0.22111596167087555 5.612482660154357e-15 0.03236619712490394
1141.8079833984375 1.103683352470398 0.23050658404827118 5.612347134882796e-15 0.03243658222934769
1141.81787109375 1.1827538013458252 0.23612217605113983 5.612220926973655e-15 0.03250499342744629
1141.827880859375 1.4503592252731323 0.2546217441558838 5.612101071811619e-15 0.03257312472178183
1141.837890625 1.2618578672409058 0.24149160087108612 5.6119888399461075e-15 0.03264012276931435
1141.847900390625 1.3953404426574707 0.25016355514526367 5.6118842313771216e-15 0.032705197549501665
1141.8577880859375 1.2069122791290283 0.23769040405750275 5.611788516654082e-15 0.03276995576001345
1141.8677978515625 0.8815526366233826 0.21174128353595734 5.6116991546781465e-15 0.03283359272463211
1141.8778076171875 1.125502347946167 0.23173297941684723 5.6116174159987365e-15 0.0328953537201895
1141.8876953125 0.9358656406402588 0.2168293595314026 5.611544571165273e-15 0.03295676763513787
1141.897705078125 1.1792387962341309 0.23578357696533203 5.611478079078913e-15 0.03301706737391629
1141.90771484375 1.1527174711227417 0.23389214277267456 5.611419210289079e-15 0.03307554152759098
1141.9176025390625 1.258958339691162 0.2410554140806198 5.611368811828717e-15 0.03313363523761248
1141.9276123046875 1.4488686323165894 0.25430911779403687 5.611325189631934e-15 0.03319062608171063
1141.9376220703125 1.3917639255523682 0.2503456175327301 5.6112891907316755e-15 0.03324584143074896
1141.947509765625 1.0957003831863403 0.22897586226463318 5.611261238644416e-15 0.033300645353138654
1141.95751953125 1.3109405040740967 0.24428337812423706 5.611240062820735e-15 0.0333543577903914
1141.967529296875 0.9059033393859863 0.21337038278579712 5.611226933810052e-15 0.03340634216321036
1141.9774169921875 1.1486124992370605 0.23287536203861237 5.611221428095895e-15 0.03345788801972939
1141.9874267578125 1.1755521297454834 0.23371216654777527 5.61122312216179e-15 0.0335083507364341
1141.9974365234375 1.2563230991363525 0.24096564948558807 5.6112324395242094e-15 0.03355773350526717
1142.00732421875 0.9603222608566284 0.21842925250530243 5.611248956666681e-15 0.033605459270145625
1142.017333984375 1.4448741674423218 0.2536167800426483 5.611273520622151e-15 0.03365270684205877
1142.02734375 0.8258509635925293 0.20579232275485992 5.611305284357673e-15 0.03369888645766281
1142.0372314453125 1.1205244064331055 0.2306900918483734 5.611344247873247e-15 0.03374345720547386
1142.0472412109375 0.9579269886016846 0.21742035448551178 5.6113912582018196e-15 0.033787524501476575
1142.0572509765625 1.254971981048584 0.24013440310955048 5.611445468310444e-15 0.03383053717732266
1142.0672607421875 1.1745078563690186 0.23438432812690735 5.6115073017155934e-15 0.03387199091208507
1142.0771484375 0.7163397073745728 0.19710953533649445 5.611575911384321e-15 0.033912915228091166
1142.087158203125 0.7154291868209839 0.19627496600151062 5.6116525678660475e-15 0.033952795372319385
1142.09716796875 0.9852195382118225 0.22025227546691895 5.611736847644299e-15 0.0339911670916506
1142.1070556640625 0.8511911630630493 0.20906056463718414 5.6118274801696556e-15 0.03402898638281305
1142.1170654296875 1.0390757322311401 0.22416967153549194 5.611926159508011e-15 0.034065773125560334
1142.1270751953125 0.6350581645965576 0.1891718953847885 5.612032885659365e-15 0.034101103924507825
1142.136962890625 1.143986463546753 0.2317865639925003 5.612145117524876e-15 0.03413585557842245
1142.14697265625 0.6086174249649048 0.18671157956123352 5.612266666752807e-15 0.034169589162411765
1142.156982421875 0.5813843011856079 0.1821570247411728 5.6123954157607896e-15 0.03420191647847492
1142.1668701171875 0.6619700193405151 0.19071099162101746 5.612529670482929e-15 0.03423364148027499
1142.1768798828125 0.9038255214691162 0.21311897039413452 5.612672819051015e-15 0.03426436343118005
1142.1868896484375 0.6073365211486816 0.18564900755882263 5.6128240144321e-15 0.034294085688028
1142.19677734375 0.7140105366706848 0.19518013298511505 5.612979868494395e-15 0.03432246955408222
1142.206787109375 0.8483631610870361 0.20861221849918365 5.613145463435583e-15 0.03435022011618963
1142.216796875 0.8496794700622559 0.20884132385253906 5.613318258156823e-15 0.03437698650709866
1142.2266845703125 0.9024451375007629 0.21295662224292755 5.6134961350757465e-15 0.03440246374554048
1142.2366943359375 0.6063757538795471 0.185785174369812 5.613683752873563e-15 0.03442728976556425
1142.2467041015625 0.7142476439476013 0.19652700424194336 5.613878570451432e-15 0.03445114485820535
1142.2567138671875 0.9278024435043335 0.2139449566602707 5.614080587809352e-15 0.03447375977131045
1142.2666015625 0.7942192554473877 0.20315007865428925 5.614287263848482e-15 0.034495703856280965
1142.276611328125 0.6075453162193298 0.18568411469459534 5.614504104282979e-15 0.034516690775576835
1142.28662109375 0.6348625421524048 0.18756888806819916 5.614727720981054e-15 0.034536491482417914
1142.2965087890625 0.7413515448570251 0.19873225688934326 5.614955996360339e-15 0.034555597749018487
1142.3065185546875 0.7142330408096313 0.1954144835472107 5.6151944361349914e-15 0.03457376597156201
1142.3165283203125 0.7188296914100647 0.196443572640419 5.615440499206169e-15 0.03459079664748331
1142.326416015625 0.7197279930114746 0.19720883667469025 5.615689950409135e-15 0.03460711514011113
1142.33642578125 1.0759114027023315 0.22731053829193115 5.615950413040416e-15 0.03462251051692968
1142.346435546875 0.3964441418647766 0.16327156126499176 5.6162176519352746e-15 0.034636818638168636
1142.3563232421875 0.7816545367240906 0.203614741563797 5.616488702478396e-15 0.034650395873730075
1142.3663330078125 1.0242440700531006 0.22351963818073273 5.616770340933358e-15 0.034663067446492765
1142.3763427734375 1.0392603874206543 0.22608020901679993 5.617059602684845e-15 0.034674837184245605
1142.38623046875 0.9872226715087891 0.22218705713748932 5.617351829051648e-15 0.03468558527086046
1142.396240234375 0.8886666893959045 0.21521705389022827 5.617655490363239e-15 0.034695583293143366
1142.40625 0.8445937037467957 0.2122119516134262 5.6179659279384075e-15 0.03470469772418034
1142.4161376953125 1.0692954063415527 0.23209865391254425 5.6182793301288916e-15 0.03471283750089203
1142.4261474609375 1.0105572938919067 0.22789670526981354 5.6186041672641636e-15 0.03472021083436871
1142.4361572265625 0.8301985859870911 0.21247932314872742 5.618936204179487e-15 0.03472671896217887
1142.4461669921875 1.3744877576828003 0.2571997046470642 5.619275017358389e-15 0.03473230167676136
1142.4560546875 1.050626516342163 0.22982899844646454 5.61961721866908e-15 0.03473710299618894
1142.466064453125 0.9992918372154236 0.23012998700141907 5.619970431408085e-15 0.03474105768194634
1142.47607421875 1.1716961860656738 0.24082517623901367 5.6203308439271415e-15 0.0347441359274559
1142.4859619140625 1.3525333404541016 0.2568916082382202 5.62069379754504e-15 0.03474641865242234
1142.4959716796875 0.9092225432395935 0.22087931632995605 5.621068186107726e-15 0.03474787366123606
1142.5059814453125 1.2821829319000244 0.2508038580417633 5.6214497744504644e-15 0.03474849848792418
1142.515869140625 0.9921921491622925 0.2280898541212082 5.621833903892044e-15 0.034748316819468134
1142.52587890625 0.7334715723991394 0.2049902230501175 5.622229468278412e-15 0.03474732466261264
1142.535888671875 1.3060081005096436 0.25192421674728394 5.6226322324448314e-15 0.03474554978219751
1142.5457763671875 1.401520848274231 0.25880149006843567 5.623037114193619e-15 0.03474296003818295
1142.5557861328125 0.8974533677101135 0.21682971715927124 5.623453854403668e-15 0.03473957642778933
1142.5657958984375 1.0468555688858032 0.22921088337898254 5.623877794393769e-15 0.03473546059694587
1142.57568359375 1.2701526880264282 0.246329203248024 5.624303428449764e-15 0.034730515951428224
1142.585693359375 0.8659576177597046 0.21247465908527374 5.624741344483495e-15 0.034724797736066994
1142.595703125 1.0917938947677612 0.23213614523410797 5.625186036780803e-15 0.034718310584711656
1142.6055908203125 1.255733609199524 0.2440570592880249 5.625632423144006e-15 0.03471115246069548
1142.6156005859375 1.2086519002914429 0.24107904732227325 5.626091091484944e-15 0.0347031572160542
1142.6256103515625 1.1629172563552856 0.2358470857143402 5.626556959605934e-15 0.0346944114161818
1142.635498046875 1.0483064651489258 0.22716620564460754 5.627024098276345e-15 0.03468504274953361
1142.6455078125 1.501037359237671 0.2608642280101776 5.627503518924491e-15 0.03467482679253743
1142.655517578125 0.8281879425048828 0.20875966548919678 5.6279901393526885e-15 0.03466388085765934
1142.66552734375 0.9557182192802429 0.21899265050888062 5.628483959560938e-15 0.034652357745776574
1142.6754150390625 1.0636943578720093 0.2277725636959076 5.628978203285661e-15 0.034639983106065975
1142.6854248046875 0.9507620334625244 0.2182416319847107 5.629485576021066e-15 0.03462689670562045
1142.6954345703125 0.8356195688247681 0.20783910155296326 5.629999725020049e-15 0.03461327868296259
1142.705322265625 1.126471757888794 0.2306336611509323 5.63051472105198e-15 0.03459879995338939
1142.71533203125 0.8854421377182007 0.21095959842205048 5.631042846094593e-15 0.034583634028465815
1142.725341796875 0.6856609582901001 0.19209696352481842 5.631577747400784e-15 0.03456798082751216
1142.7352294921875 1.2752801179885864 0.24063517153263092 5.632113072223449e-15 0.03455146239830097
1142.7452392578125 0.7905915379524231 0.2019125372171402 5.632661526056796e-15 0.0345342782235505
1142.7552490234375 0.844152569770813 0.2056727558374405 5.633217179670195e-15 0.03451665062891781
1142.76513671875 0.9234967231750488 0.21297793090343475 5.63377240976712e-15 0.03449815131348323
1142.775146484375 1.051940679550171 0.2229469120502472 5.634341615907675e-15 0.03447900792191032
1142.78515625 0.737642228603363 0.19735635817050934 5.634917598311808e-15 0.034459220239817547
1142.7950439453125 1.0712275505065918 0.22644251585006714 5.635493580715941e-15 0.03443905329716388
1142.8050537109375 0.8353841304779053 0.2074376493692398 5.63608311564723e-15 0.03441801125633233
1142.8150634765625 1.2941337823867798 0.2451983094215393 5.636679426842097e-15 0.034396349299525855
1142.824951171875 0.8956831693649292 0.21620742976665497 5.63727531452049e-15 0.03437434793093398
1142.8349609375 1.2239365577697754 0.2416442483663559 5.637885178242513e-15 0.034351473328176736
1142.844970703125 1.0717271566390991 0.22927942872047424 5.638501818228114e-15 0.034328001122720955
1142.85498046875 1.0306872129440308 0.2285316288471222 5.6391252344772935e-15 0.03430423107161179
1142.8648681640625 1.0091511011123657 0.22406630218029022 5.6397478036935254e-15 0.03427958797190094
1142.8748779296875 1.194095492362976 0.24394553899765015 5.640384772469861e-15 0.03425436419221865
1142.8848876953125 1.365395188331604 0.2543742060661316 5.641028517509774e-15 0.03422888914770093
1142.894775390625 1.3315249681472778 0.2540704011917114 5.641670992000266e-15 0.03420253935202448
1142.90478515625 0.8848385810852051 0.21897026896476746 5.642328289567336e-15 0.03417563133765302
1142.914794921875 1.1089751720428467 0.2379447966814041 5.6429919398815094e-15 0.034148514890190225
1142.9246826171875 0.7550173997879028 0.20664571225643158 5.643654319646262e-15 0.03412052324115391
1142.9346923828125 1.1934765577316284 0.2461925595998764 5.644331522487592e-15 0.03409199695664816
1142.9447021484375 1.1937367916107178 0.2441306859254837 5.6450155015925e-15 0.03406329790049065
1142.95458984375 0.9520511031150818 0.22593705356121063 5.645697786631513e-15 0.0340337302261896
1142.964599609375 0.9610535502433777 0.22557255625724792 5.6463948947471036e-15 0.03400365063829167
1142.974609375 1.293869137763977 0.2548186182975769 5.647098779126272e-15 0.03397343966293817
1142.9844970703125 0.6706068515777588 0.1954878568649292 5.647800545923072e-15 0.03394235831230101
1142.9945068359375 1.1386526823043823 0.24042612314224243 5.6485179828293965e-15 0.033910788461967684
1143.0045166015625 0.9337435364723206 0.225625142455101 5.649241772482825e-15 0.03387873277350868
1143.014404296875 0.8838565349578857 0.21679076552391052 5.649963021037412e-15 0.03384660168351293
1143.0244140625 1.0643235445022583 0.23249691724777222 5.6506999397015235e-15 0.03381360439474778
1143.034423828125 0.7290405035018921 0.20039397478103638 5.651443634629213e-15 0.03378014755113758
1143.04443359375 0.6939456462860107 0.20067118108272552 5.6521936823040065e-15 0.03374665248755526
1143.0543212890625 0.7132896780967712 0.20127755403518677 5.6529411888799584e-15 0.033712299900285354
1143.0643310546875 0.7588643431663513 0.20750539004802704 5.653704789081908e-15 0.033677504852871874
1143.0743408203125 0.9234902858734131 0.2238423377275467 5.654474318514489e-15 0.03364270977303653
1143.084228515625 0.5612557530403137 0.18749050796031952 5.6552413068482275e-15 0.03360706291478003
1143.09423828125 0.6046241521835327 0.1896936595439911 5.656024388807964e-15 0.03357099902375129
1143.104248046875 0.7744113206863403 0.20739148557186127 5.656813823514805e-15 0.03353496953864288
1143.1141357421875 0.772516131401062 0.20905709266662598 5.657600293606331e-15 0.03349809406992921
1143.1241455078125 0.6433013081550598 0.19594739377498627 5.658402857323854e-15 0.03346082503044509
1143.1341552734375 0.8981296420097351 0.2190091460943222 5.659211773788482e-15 0.03342362617527333
1143.14404296875 0.7828429937362671 0.20871314406394958 5.660017302121321e-15 0.03338558754975541
1143.154052734375 0.8898198008537292 0.22003626823425293 5.660839347596631e-15 0.03334717595425616
1143.1640625 0.8148037791252136 0.2115030586719513 5.661667745819046e-15 0.033308872049435355
1143.1739501953125 0.554288923740387 0.18518215417861938 5.6624927559096715e-15 0.033269739534421694
1143.1839599609375 0.5363289713859558 0.18499411642551422 5.663333859626295e-15 0.03323025040179593
1143.1939697265625 0.9420230984687805 0.22354958951473236 5.664181739606497e-15 0.03319041686377705
1143.203857421875 1.0757582187652588 0.2358866184949875 5.6650258079384355e-15 0.03315073951584597
1143.2138671875 0.7677345275878906 0.20751585066318512 5.665886393412846e-15 0.03311023876752825
1143.223876953125 0.9181956648826599 0.22136089205741882 5.666753755150834e-15 0.033069418044052244
1143.2337646484375 0.8369354009628296 0.21254713833332062 5.667616458207613e-15 0.03302878104358142
1143.2437744140625 0.754951000213623 0.20481382310390472 5.66849652543981e-15 0.032987335416878684
1143.2537841796875 0.7917459607124329 0.20692357420921326 5.669382945419112e-15 0.03294558430834925
1143.2637939453125 1.0278584957122803 0.22553527355194092 5.670275718145518e-15 0.032904053007457516
1143.273681640625 1.048224687576294 0.22645781934261322 5.671163832190714e-15 0.03286172343063403
1143.28369140625 0.7676595449447632 0.20226585865020752 5.672069310411329e-15 0.032819110446281
1143.293701171875 0.8572746515274048 0.2079424113035202 5.672981141379048e-15 0.032776748007357186
1143.3035888671875 0.679599404335022 0.19069205224514008 5.673888313665557e-15 0.03273359408988241
1143.3135986328125 0.7076181173324585 0.19370101392269135 5.674812850127485e-15 0.03269017898617097
1143.3236083984375 0.4662425220012665 0.1683618128299713 5.675743739336518e-15 0.03264704300977485
1143.33349609375 0.807927668094635 0.2022683471441269 5.676669546347867e-15 0.03260313028651239
1143.343505859375 0.9909382462501526 0.21687659621238708 5.677613141051108e-15 0.032558974062954694
1143.353515625 0.8064834475517273 0.20165926218032837 5.678563088501454e-15 0.03251512616972883
1143.3634033203125 0.7815840840339661 0.19917216897010803 5.679507530237642e-15 0.03247051210186267
1143.3734130859375 1.0915675163269043 0.22419913113117218 5.680469759665723e-15 0.032425675966892324
1143.3834228515625 0.6465469598770142 0.18672990798950195 5.6814383418409085e-15 0.03238062512469379
1143.393310546875 0.6209466457366943 0.18419721722602844 5.682401418301937e-15 0.032335916740698314
1143.4033203125 1.0406444072723389 0.22049731016159058 5.683382705971331e-15 0.03229045912807705
1143.413330078125 0.9351599216461182 0.21212352812290192 5.684370346387829e-15 0.032244802108579655
1143.4232177734375 0.8279715776443481 0.20266741514205933 5.685352057573697e-15 0.03219951727715281
1143.4332275390625 1.303367018699646 0.23960942029953003 5.686351979967931e-15 0.03215349236256305
1143.4432373046875 0.8830755352973938 0.207215815782547 5.687357831592795e-15 0.03210729102925787
1143.4532470703125 0.8044866919517517 0.20123308897018433 5.688370459481238e-15 0.032061483428390734
1143.463134765625 0.8010544776916504 0.20061072707176208 5.689376734622576e-15 0.03201494787641435
1143.47314453125 0.9876629710197449 0.21622751653194427 5.69040122097228e-15 0.031968251396435804
1143.483154296875 1.0633927583694458 0.22201678156852722 5.691432483585562e-15 0.03192197557149896
1143.4930419921875 0.9586530327796936 0.21383750438690186 5.692456969935266e-15 0.03187498005425144
1143.5030517578125 0.7486971020698547 0.19564954936504364 5.693500514526283e-15 0.031827845326824734
1143.5130615234375 0.9820249080657959 0.21548500657081604 5.6945499883479314e-15 0.031781154937628925
1143.52294921875 0.8242100477218628 0.2013511061668396 5.6955926859060015e-15 0.0317337526272022
1143.532958984375 1.0360691547393799 0.21942967176437378 5.696654441705385e-15 0.03168622807426734
1143.54296875 0.7759501338005066 0.19778457283973694 5.6977225502518724e-15 0.031639163219901116
1143.5528564453125 0.8798681497573853 0.20711715519428253 5.6987834590183084e-15 0.03159140616602074
1143.5628662109375 0.9789721369743347 0.21387748420238495 5.699863426026058e-15 0.031543540237437
1143.5728759765625 0.9576899409294128 0.21330174803733826 5.700949745780911e-15 0.0314961533138218
1143.582763671875 0.9051252007484436 0.20904333889484406 5.702028865755713e-15 0.03144808519422198
1143.5927734375 1.0864756107330322 0.22301480174064636 5.703127467488302e-15 0.031399921702854994
1143.602783203125 1.3940709829330444 0.24437610805034637 5.704231998451522e-15 0.03135166980370165
1143.6126708984375 1.4240715503692627 0.24721956253051758 5.705328906118216e-15 0.031303925227204016
1143.6226806640625 0.7469115853309631 0.19555553793907166 5.706445719059171e-15 0.031255510828051385
1143.6326904296875 0.9032354950904846 0.2088727056980133 5.707568461230756e-15 0.031207019410699314
1143.642578125 0.8468949198722839 0.20296171307563782 5.708683580105817e-15 0.031159051129615343
1143.652587890625 1.1629908084869385 0.22893083095550537 5.709818180738664e-15 0.031110426101705124
1143.66259765625 1.081161618232727 0.22227254509925842 5.710959134118615e-15 0.031061737300730894
1143.672607421875 0.9011865258216858 0.20825336873531342 5.712106016729198e-15 0.031013585766104912
1143.6824951171875 0.9288569688796997 0.21057745814323425 5.713244852526781e-15 0.030964783062414063
1143.6925048828125 0.8761516213417053 0.20650643110275269 5.714403593598625e-15 0.0309159341829504
1143.7025146484375 1.0290285348892212 0.2182028889656067 5.715568687417573e-15 0.030867634197933556
1143.71240234375 1.0568617582321167 0.22054395079612732 5.716724887390575e-15 0.030818693628041603
1143.722412109375 1.0292613506317139 0.2180740088224411 5.717901839670785e-15 0.030769715271321333
1143.732421875 0.9000099301338196 0.20815007388591766 5.719084721181626e-15 0.030721296783153277
1143.7423095703125 0.9495628476142883 0.21135270595550537 5.72025870884652e-15 0.030672249484655405
1143.7523193359375 1.053188443183899 0.2195945382118225 5.7214534488186225e-15 0.03062317528084227
1143.7623291015625 1.1346429586410522 0.2264024019241333 5.7226541180213555e-15 0.03057466947350848
1143.772216796875 0.874606728553772 0.2060232013463974 5.723845893378142e-15 0.030525542394611766
1143.7822265625 0.8966094255447388 0.20722942054271698 5.725058421042137e-15 0.030476396327604596
1143.792236328125 1.0259791612625122 0.2173604816198349 5.726276877936762e-15 0.030427227194934663
1143.8021240234375 1.080693006515503 0.221993088722229 5.727486017468968e-15 0.030378647453106856
1143.8121337890625 0.9740210175514221 0.21361121535301208 5.7287163328248545e-15 0.03032945181682588
1143.8221435546875 0.7684951424598694 0.19514523446559906 5.7299521538948985e-15 0.030280244802689434
1143.83203125 0.7446343898773193 0.19438081979751587 5.731179081118996e-15 0.03023163012820064
1143.842041015625 0.7136237025260925 0.19093705713748932 5.732426760650302e-15 0.030182404421792597
1143.85205078125 0.7676597237586975 0.19601644575595856 5.733680369412238e-15 0.030133178624452205
1143.862060546875 0.9492823481559753 0.21157731115818024 5.7349399074048055e-15 0.030084545669355763
1143.8719482421875 0.8957895040512085 0.20602786540985107 5.736189704518479e-15 0.030035310912108436
1143.8819580078125 0.8700976371765137 0.20475411415100098 5.737461100972308e-15 0.029986074609680745
1143.8919677734375 0.6618624329566956 0.18566632270812988 5.738738003140294e-15 0.02993744063092168
1143.90185546875 0.7945921421051025 0.19758155941963196 5.740005164429386e-15 0.029888206906421744
1143.911865234375 0.7408549785614014 0.19384315609931946 5.74129350154216e-15 0.02983897241872352
1143.921875 0.6876088380813599 0.1885041892528534 5.7425877678855645e-15 0.02979034463653582
1143.9317626953125 0.3542703092098236 0.1531602442264557 5.743872293350076e-15 0.029741118985211257
1143.9417724609375 0.5345449447631836 0.17373572289943695 5.745177994638268e-15 0.029691897231857455
1143.9517822265625 0.5081999897956848 0.1709715873003006 5.7464896251570915e-15 0.029643278079423362
1143.961669921875 0.35307836532592773 0.15279574692249298 5.747791091280548e-15 0.02959406697193128
1143.9716796875 0.27385106682777405 0.14170579612255096 5.749114156744159e-15 0.029544857012645757
1143.981689453125 0.4298209249973297 0.16158196330070496 5.750443151438401e-15 0.029495652744382945
1143.9915771484375 0.4527550935745239 0.1632700115442276 5.751761558220802e-15 0.029447053326975222
1144.0015869140625 0.3789398968219757 0.15542776882648468 5.753101987859832e-15 0.029397857060919973
1144.0115966796875 0.3517661988735199 0.15212716162204742 5.754447923213019e-15 0.02934866269618183
1144.021484375 0.45239296555519104 0.16296261548995972 5.755783270654366e-15 0.0293000726120053
1144.031494140625 0.403314471244812 0.1585092693567276 5.757140640952341e-15 0.029250882523781364
1144.04150390625 0.48060232400894165 0.16755905747413635 5.7585039404809465e-15 0.029201693568320065
1144.051513671875 0.5275059342384338 0.17065125703811646 5.7598727457237094e-15 0.029153101687886443
1144.0614013671875 0.6835210919380188 0.18751904368400574 5.761230539538158e-15 0.029103909685823503
1144.0714111328125 0.7847794890403748 0.19603939354419708 5.762610779725709e-15 0.02905471235866662
1144.0814208984375 0.8100470900535583 0.19823354482650757 5.763996525627417e-15 0.02900611033944619
1144.09130859375 0.8378453254699707 0.20127758383750916 5.765370836584337e-15 0.02895689990284879
1144.101318359375 0.8100183010101318 0.19853432476520538 5.766768017430833e-15 0.028907681326052374
1144.111328125 0.839374840259552 0.20129141211509705 5.768170703991486e-15 0.02885904915612922
1144.1212158203125 0.7377027869224548 0.1925020068883896 5.769561955607351e-15 0.028809807214739986
1144.1312255859375 0.8138213157653809 0.19865721464157104 5.770975653596319e-15 0.02876054459381032
1144.1412353515625 1.1188664436340332 0.22268612682819366 5.772395280815917e-15 0.028711866584191354
1144.151123046875 0.8841037154197693 0.2022068202495575 5.77380262605778e-15 0.0286625658976374
1144.1611328125 1.2442920207977295 0.23183929920196533 5.7752332647056925e-15 0.02861324166298213
1144.171142578125 0.8610935211181641 0.2023324966430664 5.776669832584236e-15 0.0285644914104648
1144.1810302734375 1.3447879552841187 0.23850637674331665 5.77809369496857e-15 0.028515105880941194
1144.1910400390625 0.7847268581390381 0.19644837081432343 5.779541274275428e-15 0.028465689885224018
1144.2010498046875 1.0147751569747925 0.21502989530563354 5.780993935779969e-15 0.02841623607576156
1144.2109375 0.9115312695503235 0.20690956711769104 5.7824347388232486e-15 0.02836734180374583
1144.220947265625 0.6849538683891296 0.18709494173526764 5.783898411756104e-15 0.028317803509002787
1144.23095703125 0.8059223890304565 0.19659025967121124 5.78536801391959e-15 0.028268213902471216
1144.2408447265625 1.1425062417984009 0.2245437204837799 5.786824910588868e-15 0.028219179335726513
1144.2508544921875 0.8109928965568542 0.19732095301151276 5.7883051006641945e-15 0.028169480402375616
1144.2608642578125 0.9662264585494995 0.21079136431217194 5.7897907964536786e-15 0.028119722005849876
1144.2708740234375 1.324191689491272 0.23645927011966705 5.791282421473793e-15 0.02807050400611478
1144.28076171875 0.7558010816574097 0.19320930540561676 5.792760917483226e-15 0.028020609832156346
1144.290771484375 1.0125865936279297 0.2143833041191101 5.794263130415181e-15 0.027970641079355846
1144.30078125 0.8335589170455933 0.20005545020103455 5.795770849061294e-15 0.027921203277017012
1144.3106689453125 1.0894874334335327 0.22036942839622498 5.797265862213198e-15 0.027871070036465988
1144.3206787109375 0.8063457012176514 0.1976250410079956 5.798784168771151e-15 0.02782084848550974
1144.3306884765625 0.910304844379425 0.2061258852481842 5.800308404559735e-15 0.027771146785359805
1144.340576171875 1.03314208984375 0.21545305848121643 5.801819087821163e-15 0.027720730645881677
1144.3505859375 1.1132686138153076 0.2217901200056076 5.803353911521588e-15 0.02767020991439541
1144.360595703125 1.1382966041564941 0.22328300774097443 5.80489424093617e-15 0.027620194906423583
1144.3704833984375 0.860383152961731 0.2018929123878479 5.806421017823596e-15 0.027569448460632886
1144.3804931640625 1.13529634475708 0.22331933677196503 5.8079719351500185e-15 0.027518578995456417
1144.3905029296875 1.2129993438720703 0.22882679104804993 5.809528358190598e-15 0.02746758185997751
1144.400390625 1.1090357303619385 0.2211989313364029 5.811070805187548e-15 0.027417073510832085
1144.410400390625 0.8800148963928223 0.20310929417610168 5.812637816139969e-15 0.0273658040056202
1144.42041015625 1.1122105121612549 0.22140318155288696 5.8142103328065464e-15 0.027314389181645554
1144.4302978515625 1.0874000787734985 0.21919816732406616 5.815768873429494e-15 0.02726345231737185
1144.4403076171875 0.9799876809120178 0.21100358664989471 5.817351978007913e-15 0.027211728272210047
1144.4503173828125 0.9543941617012024 0.20849530398845673 5.8189401647840144e-15 0.027159841234707112
1144.4603271484375 0.8055362105369568 0.19711577892303467 5.8205338572742734e-15 0.02710841631337627
1144.47021484375 1.1325501203536987 0.2226460576057434 5.822113573720903e-15 0.027056181810796047
1144.480224609375 1.1836762428283691 0.22635607421398163 5.823717854123002e-15 0.02700376356908781
1144.490234375 0.901442289352417 0.20423443615436554 5.8253272167227855e-15 0.026951796409076835
1144.5001220703125 1.1575016975402832 0.22419872879981995 5.826922603278939e-15 0.02689899221699915
1144.5101318359375 0.8509176969528198 0.19998738169670105 5.828542553790563e-15 0.02684598519326945
1144.5201416015625 0.8545765280723572 0.20085567235946655 5.830168010016344e-15 0.026793418290846086
1144.530029296875 1.155465006828308 0.22409948706626892 5.831778643165548e-15 0.02673998418397766
1144.5400390625 1.0274728536605835 0.2140454798936844 5.833414263786696e-15 0.02668632648413973
1144.550048828125 1.180795431137085 0.22536656260490417 5.835055390122001e-15 0.026633098689240575
1144.5599365234375 1.0012224912643433 0.21226903796195984 5.836681269864256e-15 0.026578973504866366
1144.5699462890625 0.875755250453949 0.20206139981746674 5.838332560594928e-15 0.02652460655546529
1144.5799560546875 0.6246945858001709 0.18008528649806976 5.8399893570397574e-15 0.026470653860024774
1144.58984375 1.1040490865707397 0.2200925499200821 5.841630906891536e-15 0.026415779270058278
1144.599853515625 0.7226695418357849 0.18879473209381104 5.843297867731733e-15 0.026360640924462275
1144.60986328125 0.7229763269424438 0.1885882318019867 5.844969910769613e-15 0.026305226810595713
1144.6197509765625 1.0508861541748047 0.2150513082742691 5.846627130730916e-15 0.02625021679948465
1144.6297607421875 0.9497690200805664 0.20800776779651642 5.848309338164163e-15 0.02619424304064268
1144.6397705078125 0.8228986859321594 0.19709765911102295 5.849997051311567e-15 0.02613797442052457
1144.6497802734375 0.6455790996551514 0.18135769665241241 5.851689846656655e-15 0.02608209712425495
1144.65966796875 0.6236008405685425 0.17812979221343994 5.853366971892218e-15 0.026025227198833194
1144.669677734375 0.6980250477790833 0.1862744241952896 5.855069931632673e-15 0.025968039079174377
1144.6796875 0.9493948221206665 0.20763543248176575 5.856777973570811e-15 0.02591123777135851
1144.6895751953125 0.7221401929855347 0.1884308159351349 5.858470345399425e-15 0.025853410064012237
1144.6995849609375 0.7673472762107849 0.1911984384059906 5.860188551732931e-15 0.02579524393160581
1144.7095947265625 0.9489675760269165 0.20756027102470398 5.8619118402641196e-15 0.025737455975371602
1144.719482421875 0.6947959065437317 0.1858326941728592 5.863619035169311e-15 0.02567860839459259
1144.7294921875 0.5434846878051758 0.17110852897167206 5.8653524880958666e-15 0.025619405746930113
1144.739501953125 0.7196778059005737 0.18806955218315125 5.867091023220106e-15 0.025560570659504546
1144.7493896484375 0.5440149903297424 0.17008058726787567 5.868813464718348e-15 0.02550064576899659
1144.7593994140625 0.6441056728363037 0.17940601706504822 5.870562164237954e-15 0.02544034967042214
1144.7694091796875 0.4709610342979431 0.16265825927257538 5.8723155224387705e-15 0.02538041042330273
1144.779296875 0.36892014741897583 0.15144012868404388 5.874052787013589e-15 0.02531935272997101
1144.789306640625 0.4450230896472931 0.16052719950675964 5.8758163096097726e-15 0.025257902611720034
1144.79931640625 0.34272944927215576 0.1477140337228775 5.8775849144036395e-15 0.025196052174545992
1144.8092041015625 0.2936992347240448 0.14204658567905426 5.879337002055035e-15 0.025134564873108136
1144.8192138671875 0.31829485297203064 0.1444147378206253 5.881115771244269e-15 0.02507190815673748
1144.8292236328125 0.3910512328147888 0.15279187262058258 5.882899199114713e-15 0.025008837178402035
1144.839111328125 0.1939583420753479 0.1270255297422409 5.884665686326212e-15 0.02494612363687852
1144.84912109375 0.24263596534729004 0.13480322062969208 5.886459278592023e-15 0.024882210225332376
1144.859130859375 0.292107492685318 0.14152273535728455 5.888257529539044e-15 0.024817867754726834
1144.869140625 0.2914023995399475 0.14043259620666504 5.890061286200222e-15 0.024753883936414294
1144.8790283203125 0.1679510921239853 0.1228983998298645 5.8918472551695075e-15 0.024688670805823373
1144.8890380859375 0.24168804287910461 0.13427142798900604 5.893660329193105e-15 0.024623015174720923
1144.8990478515625 0.36682263016700745 0.15056198835372925 5.895478485414387e-15 0.024557717511434044
1144.908935546875 0.31565743684768677 0.14356845617294312 5.897279277460249e-15 0.024491162279611466
1144.9189453125 0.6664909720420837 0.18176724016666412 5.899107174560424e-15 0.02442415056740478
1144.928955078125 0.46380507946014404 0.1608094424009323 5.900940153858282e-15 0.024357499702393894
1144.9388427734375 0.5643051862716675 0.1718945950269699 5.902755345464248e-15 0.02428956822047081
1144.9488525390625 0.6659970879554749 0.1819995492696762 5.9045976421245264e-15 0.024221168735096756
1144.9588623046875 0.7629058361053467 0.19046369194984436 5.906445020982488e-15 0.02415313459669133
1144.96875 0.7122365832328796 0.1855502426624298 5.908274612148557e-15 0.024083795368815736
1144.978759765625 0.5401421189308167 0.16938646137714386 5.9101317318854124e-15 0.02401397440067792
1144.98876953125 0.7625255584716797 0.18956002593040466 5.911993510303477e-15 0.02394367399986518
1144.9986572265625 0.9846221208572388 0.20819087326526642 5.91383750102965e-15 0.023873760617959015
1145.0086669921875 0.9152823686599731 0.20308420062065125 5.915709020326608e-15 0.02380250289425071
1145.0186767578125 0.9362873435020447 0.20494955778121948 5.917585198304777e-15 0.023730756812771682
1145.028564453125 1.0370436906814575 0.21217794716358185 5.919443165074579e-15 0.023659412309560104
1145.03857421875 0.904958188533783 0.2002972662448883 5.921329083931641e-15 0.023586696253685927
1145.048583984375 1.1075448989868164 0.21745896339416504 5.923219661469912e-15 0.023513499324113455
1145.05859375 1.0088462829589844 0.21030384302139282 5.925115321205867e-15 0.023440707997951584
1145.0684814453125 0.8849812150001526 0.20036856830120087 5.926991922700509e-15 0.023366537328560682
1145.0784912109375 1.1103336811065674 0.21761874854564667 5.928896899798884e-15 0.023291881269153727
1145.0885009765625 0.8325806856155396 0.19539271295070648 5.930806535578469e-15 0.023217650969067864
1145.098388671875 0.7600910067558289 0.189906045794487 5.932697536633214e-15 0.02314202397170621
1145.1083984375 0.8338759541511536 0.1960398405790329 5.934616489775219e-15 0.023065913603434744
1145.118408203125 0.9848243594169617 0.20817315578460693 5.936540525114907e-15 0.022990252206125026
1145.1282958984375 0.7846920490264893 0.19193661212921143 5.938445502213282e-15 0.02291318243094574
1145.1383056640625 1.0307462215423584 0.21159499883651733 5.940378431398916e-15 0.022835633124210702
1145.1483154296875 1.1066652536392212 0.2168792188167572 5.942316442782234e-15 0.02275856464531434
1145.158203125 0.788776159286499 0.19091098010540009 5.944234972407765e-15 0.02268007271349205
1145.168212890625 1.0751209259033203 0.21366827189922333 5.946182301153503e-15 0.02260111807243936
1145.17822265625 1.1290017366409302 0.2180902510881424 5.94813428858045e-15 0.022522668427112987
1145.1881103515625 1.1514935493469238 0.2198479026556015 5.950066794249611e-15 0.022442794160810416
1145.1981201171875 1.2047107219696045 0.2236192375421524 5.952027675522505e-15 0.022362470761117557
1145.2081298828125 0.929364025592804 0.20310106873512268 5.953993638993082e-15 0.022281697651037474
1145.218017578125 0.7578613758087158 0.18903055787086487 5.9559396971893986e-15 0.022201474377366387
1145.22802734375 0.9772254824638367 0.20647071301937103 5.957914554505922e-15 0.02211983370431512
1145.238037109375 1.0734394788742065 0.21378503739833832 5.959894070503655e-15 0.022037768679471874
1145.2479248046875 0.8793087005615234 0.19913171231746674 5.961854104743602e-15 0.021956288370052684
1145.2579345703125 0.9250454902648926 0.2022576630115509 5.963842938103755e-15 0.02187340001962621
1145.2679443359375 0.9516825079917908 0.2045913189649582 5.965836006628644e-15 0.0217901101727019
1145.2779541015625 0.9719201326370239 0.20489564538002014 5.967834157351217e-15 0.02170744959074536
1145.287841796875 0.9741753935813904 0.20594185590744019 5.969811979283056e-15 0.021623396595091014
1145.2978515625 0.9745393991470337 0.20568881928920746 5.971819023851575e-15 0.02153897232642365
1145.307861328125 0.9985866546630859 0.208101287484169 5.973830727101304e-15 0.02145522423079001
1145.3177490234375 0.9018312692642212 0.20022255182266235 5.975822101560299e-15 0.021370102539453262
1145.3277587890625 0.7776917219161987 0.18969890475273132 5.977842698655974e-15 0.021284645719367078
1145.3377685546875 0.55534428358078 0.16936276853084564 5.979867530916385e-15 0.021199925661012534
1145.34765625 0.7769274711608887 0.18998931348323822 5.981872457902536e-15 0.02111385293330358
1145.357666015625 0.8996100425720215 0.19993048906326294 5.983906184008894e-15 0.021027491110029013
1145.36767578125 0.9683018326759338 0.20446527004241943 5.985944992312935e-15 0.020941914957937267
1145.3775634765625 0.7764291763305664 0.1895170509815216 5.987963048309768e-15 0.020855029946916202
1145.3875732421875 0.7484375834465027 0.18673674762248993 5.990010326943282e-15 0.020767910512427074
1145.3975830078125 1.0183478593826294 0.20897693932056427 5.9920622642580055e-15 0.020680568725105774
1145.407470703125 1.3109480142593384 0.2295895367860794 5.994093449265521e-15 0.020594092855719483
1145.41748046875 0.9966477155685425 0.20688140392303467 5.996154280426191e-15 0.020506373531239276
1145.427490234375 0.8440044522285461 0.1944185346364975 5.998219770268071e-15 0.02041849447321187
1145.4373779296875 1.2585573196411133 0.22547216713428497 6.000264084286269e-15 0.0203315477673446
1145.4473876953125 1.1604201793670654 0.21873460710048676 6.002338044457621e-15 0.0202434198152372
1145.4573974609375 1.0428167581558228 0.21061119437217712 6.004416663310183e-15 0.02015519375589102
1145.4674072265625 0.818843424320221 0.19222794473171234 6.0064995173274814e-15 0.020067984759105116
1145.477294921875 1.232686161994934 0.2236013263463974 6.008561195521098e-15 0.01997965325650025
1145.4873046875 0.9892895817756653 0.2059677690267563 6.010652519867869e-15 0.019891306248070326
1145.497314453125 0.9171749949455261 0.20067311823368073 6.01274850289585e-15 0.01980405405443019
1145.5072021484375 1.1097652912139893 0.2147301733493805 6.0148233101001494e-15 0.019715762365714984
1145.5172119140625 1.0125571489334106 0.20717278122901917 6.016928186974076e-15 0.01962753982240452
1145.5272216796875 1.0125031471252441 0.20763051509857178 6.019036875496266e-15 0.01954049752774556
1145.537109375 1.1598199605941772 0.21800260245800018 6.021124811711248e-15 0.019452506009557176
1145.547119140625 0.8882738351821899 0.19758307933807373 6.0232423940793835e-15 0.0193646868125186
1145.55712890625 0.9387663006782532 0.20197013020515442 6.0253642116122556e-15 0.019278130606385672
1145.5670166015625 0.9854922294616699 0.20532485842704773 6.0274644298049726e-15 0.019190742998299065
1145.5770263671875 1.0078518390655518 0.2062344253063202 6.029595141183791e-15 0.01910362681366759
1145.5870361328125 1.0069189071655273 0.2062128633260727 6.031730087727345e-15 0.019016815130974335
1145.596923828125 0.9111418128013611 0.19941672682762146 6.033843011414271e-15 0.018931409968477024
1145.60693359375 0.937812864780426 0.20158348977565765 6.035986428287298e-15 0.018845332816649383
1145.616943359375 0.9136826992034912 0.1992047280073166 6.0381340803250614e-15 0.018759685678124312
1145.6268310546875 1.273272156715393 0.22551684081554413 6.040259709506196e-15 0.018675542936651218
1145.6368408203125 1.3205137252807617 0.22777234017848969 6.042415831873432e-15 0.018590872139595316
1145.6468505859375 1.127244234085083 0.21426880359649658 6.044576189405404e-15 0.018506759396374577
1145.6568603515625 1.1036099195480347 0.21361806988716125 6.046740782102112e-15 0.018424267332124343
1145.666748046875 0.8161693811416626 0.190972238779068 6.0488829284257185e-15 0.018341413184066693
1145.6767578125 1.5094143152236938 0.24032247066497803 6.051055991451899e-15 0.018259252116139785
1145.686767578125 1.1054216623306274 0.2126113772392273 6.0532332896428166e-15 0.018178836920697147
1145.6966552734375 0.9556267857551575 0.20197764039039612 6.055387717944158e-15 0.018098220398861782
1145.7066650390625 1.2204844951629639 0.2209530621767044 6.0575734864645476e-15 0.018018464052865314
1145.7166748046875 0.7624558210372925 0.18649637699127197 6.0597630666332e-15 0.01794057070908781
1145.7265625 1.0527969598770142 0.2096700370311737 6.06193020042875e-15 0.01786267595903014
1145.736572265625 1.0293400287628174 0.20770590007305145 6.064128250926875e-15 0.017785802764786886
1145.74658203125 1.1216046810150146 0.21415652334690094 6.066330536589736e-15 0.017710924503398298
1145.7564697265625 0.9285041689872742 0.19903969764709473 6.068509528846548e-15 0.017636252937380862
1145.7664794921875 0.8594282865524292 0.19453127682209015 6.0707202848388816e-15 0.01756278044638067
1145.7764892578125 1.0974317789077759 0.21141016483306885 6.072934852479478e-15 0.01749143654455831
1145.786376953125 1.12300705909729 0.21424482762813568 6.075126126714025e-15 0.01742052929874125
1145.79638671875 1.0018621683120728 0.20520657300949097 6.07734874116762e-15 0.01735100666776797
1145.806396484375 1.190234899520874 0.21813814342021942 6.079575590785952e-15 0.0172829354936837
1145.8162841796875 1.217370867729187 0.22084923088550568 6.081779570514707e-15 0.017217179912222175
1145.8262939453125 0.9282717108726501 0.1994323581457138 6.084014043429564e-15 0.017152186506558253
1145.8363037109375 1.0500953197479248 0.20857647061347961 6.086253175025631e-15 0.0170888467519798
1145.84619140625 1.2834439277648926 0.2245011180639267 6.088469013215648e-15 0.01702796708038817
1145.856201171875 1.2166600227355957 0.22033379971981049 6.09071576810824e-15 0.016968118754538627
1145.8662109375 1.0001729726791382 0.2047516405582428 6.092967181682042e-15 0.01691012821783825
1145.876220703125 0.8552365303039551 0.19358614087104797 6.095222406904107e-15 0.016854744771450325
1145.8861083984375 1.3802286386489868 0.231216698884964 6.097453915203648e-15 0.016800663302748355
1145.8961181640625 1.2850533723831177 0.22436080873012543 6.099716763722238e-15 0.01674866312462154
1145.9061279296875 0.851871132850647 0.19209931790828705 6.101984270922038e-15 0.016699403752686925
1145.916015625 1.1646488904953003 0.21647654473781586 6.104227637682841e-15 0.016651748665671685
1145.926025390625 1.016552448272705 0.20540836453437805 6.106502768179166e-15 0.016606388454449967
1145.93603515625 1.0418894290924072 0.20740215480327606 6.1087817103237536e-15 0.016563907775359998
1145.9459228515625 1.0182899236679077 0.20570823550224304 6.111036935545818e-15 0.01652333276718671
1145.9559326171875 1.0856724977493286 0.20980499684810638 6.113323924503405e-15 0.016485274745860562
1145.9659423828125 1.112217903137207 0.212415874004364 6.115614725109254e-15 0.01645022458542142
1145.975830078125 1.0873388051986694 0.21004484593868256 6.11788180879258e-15 0.01641739032275342
1145.98583984375 0.9927279949188232 0.20351271331310272 6.120180656211428e-15 0.016387293359866273
1145.995849609375 1.0420719385147095 0.20702984929084778 6.1224828917620655e-15 0.016360004635292042
1146.0057373046875 0.9698596596717834 0.2015630006790161 6.1247614103901796e-15 0.016335880227774324
1146.0157470703125 0.7510383725166321 0.18335476517677307 6.127072116270289e-15 0.016314390012170592
1146.0257568359375 1.3523163795471191 0.22815632820129395 6.129386210282188e-15 0.016295921303801694
1146.03564453125 0.9937731623649597 0.20329661667346954 6.131676587371564e-15 0.0162807119015393
1146.045654296875 1.062217116355896 0.20816005766391754 6.133998304679988e-15 0.016268452206153857
1146.0556640625 0.9431214332580566 0.19941993057727814 6.136324680669622e-15 0.016259416203209528
1146.065673828125 1.2042912244796753 0.21842221915721893 6.138654444791045e-15 0.016253715218316134
1146.0755615234375 1.2955783605575562 0.22399495542049408 6.140959644956997e-15 0.016251272882566527
1146.0855712890625 0.9378219842910767 0.19813227653503418 6.1432970323749454e-15 0.01625224052756415
1146.0955810546875 0.987846314907074 0.2020101100206375 6.145638231441156e-15 0.016256601507315258
1146.10546875 1.1081149578094482 0.2110271155834198 6.147954866551897e-15 0.016264517449795717
1146.115478515625 0.9386721849441528 0.19773438572883606 6.150303688914633e-15 0.01627601242243572
1146.12548828125 1.2008984088897705 0.21770142018795013 6.1526567464421054e-15 0.016290928900922493
1146.1353759765625 1.104380488395691 0.21082951128482819 6.15498439298116e-15 0.016309687296147176
1146.1453857421875 0.7733023762702942 0.1850113719701767 6.157344650288684e-15 0.01633216963630874
1146.1553955078125 1.0550997257232666 0.20704439282417297 6.159708719244471e-15 0.016358076517687073
1146.165283203125 1.1491930484771729 0.21354596316814423 6.162047800728314e-15 0.016388089072746293
1146.17529296875 1.0051485300064087 0.20265568792819977 6.164419069464152e-15 0.01642194924635485
1146.185302734375 0.8924081921577454 0.1941448301076889 6.166794573364727e-15 0.01645920617102896
1146.1951904296875 1.1033298969268799 0.21010825037956238 6.169144666276884e-15 0.01650081278423474
1146.2052001953125 0.8395852446556091 0.18995140492916107 6.17152736995751e-15 0.016546358906306183
1146.2152099609375 1.0795559883117676 0.20807284116744995 6.173913885286399e-15 0.016595874122788873
1146.22509765625 0.9353472590446472 0.19767454266548157 6.176274989626871e-15 0.016648700905863782
1146.235107421875 0.81867915391922 0.18769945204257965 6.178668704735811e-15 0.016706161320593074
1146.2451171875 0.9583051204681396 0.19949178397655487 6.181066231493015e-15 0.01676764983716377
1146.255126953125 1.0510218143463135 0.2060794085264206 6.183467569898481e-15 0.016832349919132364
1146.2650146484375 0.8863002061843872 0.19350934028625488 6.185843497315529e-15 0.016901866028533906
1146.2750244140625 0.9099004864692688 0.1955256462097168 6.1882520355010465e-15 0.01697543782820967
1146.2850341796875 1.0039211511611938 0.20267818868160248 6.190663961818353e-15 0.017052094086935532
1146.294921875 1.0954397916793823 0.2090015858411789 6.193050477147242e-15 0.01713372150220542
1146.304931640625 1.0713059902191162 0.20729516446590424 6.195470026761074e-15 0.017219407316168764
1146.31494140625 0.8858887553215027 0.19318094849586487 6.197892964506695e-15 0.017308016259829827
1146.3248291015625 0.9091846942901611 0.19473129510879517 6.200290491263898e-15 0.01740173483699227
1146.3348388671875 1.0926536321640015 0.20864732563495636 6.202720628789571e-15 0.01749947205037823
1146.3448486328125 1.0703608989715576 0.20699603855609894 6.205154577963506e-15 0.017599956544795094
1146.354736328125 0.9505820870399475 0.19775286316871643 6.2075622691160764e-15 0.01770564731801609
1146.36474609375 1.0002129077911377 0.20106597244739532 6.210003418070063e-15 0.017815319529858
1146.374755859375 0.83266282081604 0.18849049508571625 6.212448378672313e-15 0.017927528660459907
1146.3846435546875 1.0686396360397339 0.20631292462348938 6.214866657736724e-15 0.018045030622468664
1146.3946533203125 0.6701211333274841 0.17420054972171783 6.2173183946025515e-15 0.018166425218302498
1146.4046630859375 0.6449404358863831 0.17226064205169678 6.219773943116642e-15 0.018291700198616694
1146.41455078125 0.6910667419433594 0.17582403123378754 6.2222028100928934e-15 0.018419211991889412
1146.424560546875 1.088697910308838 0.20790407061576843 6.224665134870562e-15 0.018552080784872436
1146.4345703125 0.9013627767562866 0.1937444806098938 6.2271312712964925e-15 0.018688729070494323
1146.4444580078125 1.1813009977340698 0.21412579715251923 6.229570302668111e-15 0.01882738158485227
1146.4544677734375 1.205497145652771 0.21537843346595764 6.23204321535762e-15 0.01897141903321124
1146.4644775390625 0.9244134426116943 0.19552123546600342 6.234519939695392e-15 0.01911912751500433
1146.4744873046875 0.8801277875900269 0.19177240133285522 6.236999628648479e-15 0.01926858589034131
1146.484375 0.8532373309135437 0.18938423693180084 6.239452636063727e-15 0.01942344501672857
1146.494384765625 0.9948083162307739 0.2002972513437271 6.241939524796866e-15 0.01958185328543188
1146.50439453125 0.9210532307624817 0.19427603483200073 6.2444298016617935e-15 0.019741755431050806
1146.5142822265625 0.9218205213546753 0.19443529844284058 6.246893396988883e-15 0.01990706976228222
1146.5242919921875 0.9897350072860718 0.19990217685699463 6.249390450117388e-15 0.02007578297368499
1146.5343017578125 0.9187840819358826 0.19400283694267273 6.251890891377683e-15 0.020245751751504126
1146.544189453125 0.9678946137428284 0.1983005702495575 6.2543642275836656e-15 0.020421104210565245
1146.55419921875 1.037461280822754 0.20349383354187012 6.256871868624012e-15 0.02059972736251078
1146.564208984375 1.1733108758926392 0.21286429464817047 6.259382474279674e-15 0.020779342386942484
1146.5740966796875 0.9867044687271118 0.19923372566699982 6.261865974881023e-15 0.020964332844179822
1146.5841064453125 0.7787667512893677 0.18295606970787048 6.264383780316737e-15 0.021152449388204292
1146.5941162109375 0.8931534886360168 0.19173575937747955 6.2669045503677655e-15 0.021343657178028153
1146.60400390625 0.7767267823219299 0.1825188845396042 6.269398215364482e-15 0.021535506889708556
1146.614013671875 0.8459009528160095 0.18760189414024353 6.271925761679089e-15 0.021732701923110588
1146.6240234375 0.9817413687705994 0.19756290316581726 6.274456696125485e-15 0.02193282291312499
1146.6339111328125 0.8936240077018738 0.19194063544273376 6.2769605255175685e-15 0.022133356934663503
1146.6439208984375 1.2128815650939941 0.21488013863563538 6.279497812711069e-15 0.022339188373304474
1146.6539306640625 1.121411919593811 0.20858651399612427 6.282038911552832e-15 0.02254783219653195
1146.6639404296875 1.07384192943573 0.20472173392772675 6.2845833985263836e-15 0.022756635732964155
1146.673828125 0.8204160928726196 0.1858031451702118 6.287099933412676e-15 0.022970697066487567
1146.683837890625 0.8677643537521362 0.1894620656967163 6.2896507731333325e-15 0.02318741525214104
1146.69384765625 1.026045560836792 0.20145608484745026 6.292205000985778e-15 0.02340406357195937
1146.7037353515625 0.8722931742668152 0.1896509826183319 6.294731276750964e-15 0.0236259519899606
1146.7137451171875 0.6911370754241943 0.17745478451251984 6.2972918573505135e-15 0.023850352135682835
1146.7237548828125 0.860379695892334 0.19203399121761322 6.299855826081852e-15 0.024074461161030538
1146.733642578125 1.0955137014389038 0.21107010543346405 6.302391842725932e-15 0.02430375817960485
1146.74365234375 1.337408185005188 0.22967252135276794 6.304962164204375e-15 0.024535441464414286
1146.753662109375 1.106789231300354 0.21329808235168457 6.307535873814607e-15 0.024766616815253883
1146.7635498046875 0.7394969463348389 0.1853337585926056 6.310081207821106e-15 0.025002939276152228
1146.7735595703125 1.0630069971084595 0.2122851312160492 6.312661270178443e-15 0.02524152278874826
1146.7835693359375 0.9613409638404846 0.20434975624084473 6.3152447206675684e-15 0.025479385404756527
1146.79345703125 1.3694294691085815 0.2367219179868698 6.317799372036487e-15 0.025722357698573593
1146.803466796875 1.329923152923584 0.23373544216156006 6.320389598789191e-15 0.02596747872576101
1146.8134765625 0.9756923317909241 0.20691326260566711 6.3229823666407364e-15 0.026214691063907048
1146.8233642578125 1.0608307123184204 0.21404695510864258 6.325546335372075e-15 0.02646091937981428
1146.8333740234375 1.0443305969238281 0.21137331426143646 6.328145879487199e-15 0.026712198264965917
1146.8433837890625 0.8708697557449341 0.19605594873428345 6.330747964701164e-15 0.026965474735880814
1146.853271484375 1.0493770837783813 0.21058572828769684 6.333321674311396e-15 0.02721757718149841
1146.86328125 1.007171392440796 0.20789051055908203 6.335930112272466e-15 0.02747469086498217
1146.873291015625 1.1813400983810425 0.2242661565542221 6.338541938365324e-15 0.027733670766840763
1146.88330078125 1.0821194648742676 0.21693170070648193 6.341156729073498e-15 0.02799131078364301
1146.8931884765625 0.9969806671142578 0.20825940370559692 6.343742720661466e-15 0.028253927233983272
1146.9031982421875 0.7671079635620117 0.18913716077804565 6.346363864116744e-15 0.028518300412226614
1146.9132080078125 0.9101505279541016 0.20373770594596863 6.348987972187338e-15 0.028781166380831745
1146.923095703125 0.9686927199363708 0.20749512314796448 6.3515828576212515e-15 0.02904896572979623
