wave flux_norm flux_err cont_fit cont_err
1140.087158203125 0.7602507472038269 0.2251165360212326 5.68420813957843e-15 0.024328796944348575
1140.09716796875 1.1099331378936768 0.2623078525066376 5.6834703738813715e-15 0.024241414140028936
1140.107177734375 0.9124292731285095 0.24215185642242432 5.682731337634892e-15 0.024181044322188136
1140.1170654296875 0.9362990856170654 0.24360883235931396 5.6819995011684644e-15 0.024145903629173925
1140.1270751953125 1.3375146389007568 0.27662181854248047 5.681257076790196e-15 0.024136514255367048
1140.1370849609375 1.0796191692352295 0.25345611572265625 5.680513381862507e-15 0.024152072688693023
1140.1470947265625 1.0244911909103394 0.2501729130744934 5.679768416385397e-15 0.024192441112122594
1140.156982421875 1.1834380626678467 0.26266905665397644 5.679031074204812e-15 0.024256972364673085
1140.1669921875 0.9087288975715637 0.23832863569259644 5.678283144112386e-15 0.02434379397888351
1140.177001953125 1.1097019910812378 0.2560782730579376 5.67753394347054e-15 0.024454343092592562
1140.1868896484375 0.7020521759986877 0.21619273722171783 5.676792366125219e-15 0.024586919938791002
1140.1968994140625 1.1083035469055176 0.2557501792907715 5.676040200868057e-15 0.024738728048214153
1140.2069091796875 1.0397611856460571 0.24967744946479797 5.675287188577948e-15 0.024912682431361705
1140.216796875 0.9721795320510864 0.24381762742996216 5.674541799584364e-15 0.025106175352609585
1140.226806640625 1.1441243886947632 0.2580074667930603 5.6737858226789395e-15 0.025315641537871057
1140.23681640625 0.8032472729682922 0.2275085598230362 5.673028998740568e-15 0.025545376150831866
1140.2467041015625 0.9724444150924683 0.24353928864002228 5.672280221615195e-15 0.02579202858665995
1140.2567138671875 1.0761051177978516 0.2509947717189789 5.6715208565779815e-15 0.026051407224855057
1140.2667236328125 1.005361557006836 0.24662716686725616 5.670760220991347e-15 0.026329064402713025
1140.276611328125 0.9722004532814026 0.24303403496742249 5.670007632217712e-15 0.026621026135938215
1140.28662109375 1.1407241821289062 0.25820374488830566 5.669244879048709e-15 0.02692644212334711
1140.296630859375 1.038886547088623 0.24787579476833344 5.6684812788467594e-15 0.027240550347766283
1140.3065185546875 0.8392209410667419 0.23096886277198792 5.6677257254578086e-15 0.027570314108849005
1140.3165283203125 1.2442268133163452 0.2669273912906647 5.666959584157017e-15 0.027911161894309124
1140.3265380859375 1.213382363319397 0.2624059021472931 5.666192595823278e-15 0.02825799454547064
1140.33642578125 0.7718611359596252 0.2216653674840927 5.665434077819012e-15 0.028618677193882818
1140.346435546875 0.9718131422996521 0.2428528368473053 5.664665395419379e-15 0.028988292542348196
1140.3564453125 1.0430546998977661 0.2498626559972763 5.663895442470325e-15 0.029361529942581288
1140.366455078125 0.9723048210144043 0.24337811768054962 5.663124642488323e-15 0.029746972389754513
1140.3763427734375 1.142764925956726 0.25872862339019775 5.662362312835794e-15 0.03013947668966395
1140.3863525390625 1.1757042407989502 0.26094087958335876 5.6615898187878985e-15 0.03053355184541024
1140.3963623046875 0.7700818181037903 0.2242702841758728 5.660816477707055e-15 0.03093840478101888
1140.40625 1.0413070917129517 0.24978245794773102 5.660051606955685e-15 0.03134867442502866
1140.416259765625 1.1751306056976318 0.26018860936164856 5.659276571808947e-15 0.031758801919624415
1140.42626953125 1.1422460079193115 0.2584511637687683 5.658500689629262e-15 0.032178427663400885
1140.4361572265625 0.8387607932090759 0.23117120563983917 5.657733701295523e-15 0.03260209151967441
1140.4461669921875 1.1457260847091675 0.2588816285133362 5.6569565485664174e-15 0.033024149513051666
1140.4561767578125 0.9432631134986877 0.2413731813430786 5.656178548804364e-15 0.03345464090368307
1140.466064453125 0.8758546113967896 0.23524998128414154 5.6554094428882574e-15 0.03388799087594595
1140.47607421875 1.2210160493850708 0.2657681405544281 5.6546301725767835e-15 0.03432384246242419
1140.486083984375 1.0153785943984985 0.2483583688735962 5.653850055232362e-15 0.03475653335967377
1140.4959716796875 1.4278889894485474 0.2820515036582947 5.653079255250361e-15 0.035196396643919756
1140.5059814453125 0.8839585781097412 0.2368459552526474 5.652297867356519e-15 0.0356378553722196
1140.5159912109375 0.9142300486564636 0.2388550490140915 5.651516479462677e-15 0.03607520938486843
1140.52587890625 0.853091299533844 0.23400846123695374 5.650743561898307e-15 0.03651897214154955
1140.535888671875 1.0971388816833496 0.2567606568336487 5.649960903455044e-15 0.036963533043593566
1140.5458984375 1.0546519756317139 0.25157400965690613 5.649177397978834e-15 0.03740320830068567
1140.555908203125 1.1675020456314087 0.2628394365310669 5.648393892502624e-15 0.03784864920922256
1140.5657958984375 1.0298494100570679 0.25098392367362976 5.64761928087236e-15 0.03829419934808935
1140.5758056640625 0.8240155577659607 0.23156015574932098 5.6468345048467285e-15 0.03873425039031926
1140.5858154296875 1.2170912027359009 0.2679073214530945 5.6460497288210974e-15 0.03917948528509105
1140.595703125 1.0677483081817627 0.2539413273334503 5.6452738466414125e-15 0.03962427436300747
1140.605712890625 1.0560981035232544 0.2550816237926483 5.6444878000663605e-15 0.04006306676787974
1140.61572265625 0.9129591584205627 0.24232178926467896 5.6437017534913085e-15 0.04050651112129534
1140.6256103515625 0.9607225656509399 0.24801410734653473 5.642925024278676e-15 0.040949065501175656
1140.6356201171875 0.9610109925270081 0.24682137370109558 5.642138554187151e-15 0.04138518521649042
1140.6456298828125 0.9749128222465515 0.2463807910680771 5.6413516605791515e-15 0.04182553981831821
1140.655517578125 0.5593873262405396 0.20449182391166687 5.640574084333572e-15 0.04226459352163398
1140.66552734375 0.8568100333213806 0.23820839822292328 5.639786767209099e-15 0.04269689807346382
1140.675537109375 0.6541450023651123 0.21875689923763275 5.638999026568153e-15 0.043133030646967586
1140.6854248046875 0.6049810647964478 0.21114106476306915 5.6382210268060996e-15 0.04356752497596636
1140.6954345703125 1.0947729349136353 0.26291826367378235 5.637433286165153e-15 0.044000287504044236
1140.7054443359375 0.6896213889122009 0.22243580222129822 5.636645122007733e-15 0.04442597602546324
1140.71533203125 0.9276959300041199 0.24892452359199524 5.635866698729206e-15 0.044855014729170514
1140.725341796875 0.7190960049629211 0.2249365895986557 5.635078534571786e-15 0.04528206751970447
1140.7353515625 0.9423114657402039 0.24672935903072357 5.634290370414366e-15 0.04570186302558888
1140.7452392578125 1.0377010107040405 0.2592049837112427 5.633511947135839e-15 0.04612470930678887
1140.7552490234375 0.8601717948913574 0.2390209138393402 5.632723782978419e-15 0.04654532761592389
1140.7652587890625 0.9228394627571106 0.2474026083946228 5.631935618820999e-15 0.04695856077446924
1140.7752685546875 0.9673022627830505 0.25255557894706726 5.631147454663579e-15 0.0473745482953062
1140.78515625 1.1038448810577393 0.26429012417793274 5.630369031385052e-15 0.047788118031596216
1140.795166015625 0.9563242197036743 0.25091198086738586 5.629580867227632e-15 0.048194227473030656
1140.80517578125 1.2232446670532227 0.2748177647590637 5.6287931265866856e-15 0.04860283600669314
1140.8150634765625 1.4009990692138672 0.289679616689682 5.6280151268246325e-15 0.049008848138113854
1140.8250732421875 1.0280393362045288 0.25364476442337036 5.627227386183686e-15 0.04940734403789946
1140.8350830078125 0.9329033493995667 0.24600674211978912 5.626440069059213e-15 0.049808086465342995
1140.844970703125 1.514331579208374 0.295236736536026 5.625662492813634e-15 0.05020610625828025
1140.85498046875 1.124375343322754 0.26428690552711487 5.6248755992056344e-15 0.05059656461591639
1140.864990234375 1.1581121683120728 0.26665952801704407 5.624089129114109e-15 0.05098906725217755
1140.8748779296875 1.16887629032135 0.2657780051231384 5.623311976385003e-15 0.05137873151207035
1140.8848876953125 1.0410865545272827 0.252586305141449 5.622525929809951e-15 0.05176081707053897
1140.8948974609375 1.1536660194396973 0.26332515478134155 5.621740306751373e-15 0.05214473505631043
1140.90478515625 1.3546998500823975 0.2791217565536499 5.620964424571688e-15 0.05252571291454716
1140.914794921875 0.8626429438591003 0.23539996147155762 5.6201796485460566e-15 0.0529037029026648
1140.9248046875 0.9944712519645691 0.24772746860980988 5.6193948725204255e-15 0.0532741601265208
1140.9346923828125 1.329229712486267 0.27511823177337646 5.6186202608901614e-15 0.05364618197902123
1140.9447021484375 0.844426155090332 0.23206648230552673 5.617836755413951e-15 0.05401516124451502
1140.9547119140625 0.8087837100028992 0.2287004441022873 5.617053249937741e-15 0.054376611713106586
1140.964599609375 1.0416263341903687 0.25002527236938477 5.6162803323733714e-15 0.05473945424087577
1140.974609375 0.9368685483932495 0.24029035866260529 5.615498097446582e-15 0.05509917560980518
1140.984619140625 0.8371136784553528 0.23099909722805023 5.614716286036266e-15 0.055451430626933716
1140.99462890625 1.0743725299835205 0.2527153789997101 5.613935321658898e-15 0.05580489628090287
1141.0045166015625 1.2723702192306519 0.26873457431793213 5.613164098160423e-15 0.05615518206159948
1141.0145263671875 1.1033905744552612 0.25457051396369934 5.612383980816002e-15 0.05649806723581421
1141.0245361328125 1.372839331626892 0.27659717202186584 5.611604710504528e-15 0.05684199375738636
1141.034423828125 1.2043002843856812 0.26323002576828003 5.610835604588421e-15 0.05718270337960185
1141.04443359375 0.9006076455116272 0.23650072515010834 5.610057604826368e-15 0.057516071430548106
1141.054443359375 1.1034330129623413 0.25482282042503357 5.609280452097262e-15 0.05785031468169089
1141.0643310546875 1.0695557594299316 0.25181105732917786 5.608513463763523e-15 0.05818131177675675
1141.0743408203125 0.9679582118988037 0.2422601729631424 5.607737581583838e-15 0.058505044351648924
1141.0843505859375 1.2717974185943604 0.26796117424964905 5.606962969953574e-15 0.05882951116267637
1141.09423828125 0.9339895844459534 0.23978546261787415 5.6061980992022035e-15 0.05915067751881078
1141.104248046875 1.2713428735733032 0.26865077018737793 5.60542475812136e-15 0.05946854544819349
1141.1142578125 1.1029630899429321 0.2548164427280426 5.604652264073464e-15 0.05977927049198555
1141.1241455078125 0.8000593185424805 0.22666387259960175 5.6038899344209355e-15 0.06009053447029747
1141.1341552734375 0.9338949918746948 0.23861180245876312 5.603119134438934e-15 0.06039845841131895
1141.1441650390625 1.1362245082855225 0.2572903335094452 5.6023496050063536e-15 0.06069935378701991
1141.154052734375 0.8015913367271423 0.2262200564146042 5.6015898164526665e-15 0.06100064254012603
1141.1640625 0.6308539509773254 0.20925429463386536 5.6008219810859804e-15 0.061298569976537404
1141.174072265625 1.2389672994613647 0.26561814546585083 5.600054992752242e-15 0.06158957381299744
1141.18408203125 1.0476428270339966 0.2509564757347107 5.599289274967924e-15 0.061880820659984244
1141.1939697265625 1.2474101781845093 0.26731547713279724 5.598533721578973e-15 0.062168707657601886
1141.2039794921875 0.9032184481620789 0.23618625104427338 5.5977696978605496e-15 0.062449770158306266
1141.2139892578125 1.0813167095184326 0.25393205881118774 5.597006944691547e-15 0.06273094656518767
1141.223876953125 1.2424421310424805 0.26670369505882263 5.596254779434385e-15 0.06300874195019339
1141.23388671875 1.0794870853424072 0.2536536157131195 5.595494143847751e-15 0.06327982802089281
1141.243896484375 0.8395930528640747 0.23101341724395752 5.5947347788105374e-15 0.06355090031270502
1141.2537841796875 1.2138376235961914 0.2647952735424042 5.5939860016851646e-15 0.06381858056679414
1141.2637939453125 1.1177678108215332 0.2571221590042114 5.593229177746793e-15 0.06407967833327571
1141.2738037109375 0.9879175424575806 0.24620841443538666 5.5924732008413684e-15 0.06434062023117332
1141.28369140625 1.0631376504898071 0.2536379396915436 5.591728235364258e-15 0.06459817630259262
1141.293701171875 0.8293529748916626 0.2318887561559677 5.5909747995576756e-15 0.06484925468408036
1141.3037109375 1.234590768814087 0.26798781752586365 5.590223057816987e-15 0.06510006230563317
1141.3135986328125 0.8952335119247437 0.23881614208221436 5.589481480471666e-15 0.06534748196379649
1141.3236083984375 0.8899040818214417 0.2377060055732727 5.58873227982982e-15 0.06559150403829883
1141.3336181640625 0.6108963489532471 0.20837710797786713 5.587984349737394e-15 0.0658292180940862
1141.343505859375 0.9007812142372131 0.23985199630260468 5.587247007556809e-15 0.06606649117224121
1141.353515625 0.9988464117050171 0.24616248905658722 5.586502042079699e-15 0.06630037709021634
1141.363525390625 0.8648442029953003 0.2361513376235962 5.58575834715201e-15 0.06652807959893943
1141.3734130859375 1.0636626482009888 0.2535601854324341 5.585025240136161e-15 0.06675522920360419
1141.3834228515625 0.6086917519569397 0.2080935686826706 5.5842845098237875e-15 0.06697898393284324
1141.3934326171875 0.8833863139152527 0.2361140251159668 5.5835450500608345e-15 0.06719669007714577
1141.4034423828125 0.9076829552650452 0.23788291215896606 5.5828077078802496e-15 0.06741371638776575
1141.413330078125 0.9439459443092346 0.24147094786167145 5.582080530095032e-15 0.06762736460427471
1141.42333984375 1.2573837041854858 0.26859351992607117 5.581345729013289e-15 0.06783508620858442
1141.433349609375 0.9459682703018188 0.2413354068994522 5.580613045513914e-15 0.06804202052043677
1141.4432373046875 1.050369143486023 0.2514476180076599 5.579890526409906e-15 0.06824557854449549
1141.4532470703125 1.2676141262054443 0.27055516839027405 5.579160807525846e-15 0.06844334241143439
1141.4632568359375 1.0258290767669678 0.250121533870697 5.578433206224155e-15 0.06864020163095348
1141.47314453125 0.7803786396980286 0.22602766752243042 5.57771576931783e-15 0.06883369263860181
1141.483154296875 0.8522861003875732 0.23390209674835205 5.576991132631454e-15 0.0690215317306878
1141.4931640625 0.9577208161354065 0.2435542196035385 5.576268190010973e-15 0.06920835499158358
1141.5030517578125 0.9789414405822754 0.2467934489250183 5.575555835302332e-15 0.06939181958178396
1141.5130615234375 1.013004183769226 0.25109973549842834 5.574836704330113e-15 0.06957193098677705
1141.5230712890625 0.6252806782722473 0.2117043435573578 5.574119267423789e-15 0.06974656767580488
1141.532958984375 0.9364450573921204 0.2433164268732071 5.573412418429305e-15 0.06992004246853689
1141.54296875 1.131117582321167 0.2625884413719177 5.572698793171243e-15 0.07009017392685336
1141.552978515625 1.0178428888320923 0.2511816918849945 5.571986861979076e-15 0.0702549685890982
1141.5628662109375 0.7115523219108582 0.22079995274543762 5.571285518698749e-15 0.07041848568367805
1141.5728759765625 0.9271697402000427 0.24497641623020172 5.570577399154845e-15 0.07057868611515218
1141.5828857421875 0.8428986668586731 0.234906405210495 5.569871397193308e-15 0.07073367623876455
1141.5927734375 0.8820999264717102 0.23968380689620972 5.5691759831436125e-15 0.07088728803827621
1141.602783203125 0.535173773765564 0.20156265795230865 5.568473792830339e-15 0.07103759293725093
1141.61279296875 0.8513356447219849 0.2367820143699646 5.567773720099433e-15 0.07118282462858132
1141.622802734375 0.8654935359954834 0.2358587235212326 5.5670757649508955e-15 0.07132657993139573
1141.6326904296875 0.9419126510620117 0.24425634741783142 5.566388397714199e-15 0.07146704287864741
1141.6427001953125 0.8976147770881653 0.23811694979667664 5.565694254213924e-15 0.07160256784674471
1141.6527099609375 1.145792841911316 0.26197317242622375 5.5650026518124906e-15 0.07173651210280552
1141.66259765625 0.8323198556900024 0.23300950229167938 5.564321637322898e-15 0.07186718834625098
1141.672607421875 0.8268594145774841 0.23187905550003052 5.563634270086201e-15 0.07199307133204316
1141.6826171875 0.925432026386261 0.24129179120063782 5.5629490204318725e-15 0.07211726144129668
1141.6925048828125 1.2248402833938599 0.2663373351097107 5.5622743586893845e-15 0.07223820561012094
1141.7025146484375 0.8446303606033325 0.23239727318286896 5.561593344199792e-15 0.07235448615211468
1141.7125244140625 0.9465727210044861 0.24101650714874268 5.560914870809041e-15 0.07246898687646888
1141.722412109375 0.8683595657348633 0.23322945833206177 5.560246985330131e-15 0.07258025490230428
1141.732421875 1.4112402200698853 0.27974361181259155 5.5595731706205905e-15 0.07268830198560061
1141.742431640625 1.0692116022109985 0.2518419325351715 5.558901473493418e-15 0.07279187280668734
1141.7523193359375 0.966192901134491 0.2421349436044693 5.558240364278086e-15 0.07289353152436906
1141.7623291015625 1.1348412036895752 0.2572803795337677 5.557573749348597e-15 0.07299199059526115
1141.7723388671875 1.099391222000122 0.25344857573509216 5.556909252001476e-15 0.07308611325465723
1141.7822265625 1.0656479597091675 0.2509336471557617 5.5562553425661954e-15 0.07317823011609866
1141.792236328125 1.2676960229873657 0.2676491141319275 5.555595503900284e-15 0.07326716739755898
1141.80224609375 0.9668371677398682 0.24259787797927856 5.554938629849689e-15 0.07335190323877609
1141.812255859375 0.966290295124054 0.24250738322734833 5.554283873381461e-15 0.07343454666423266
1141.8221435546875 1.3353626728057861 0.27316737174987793 5.553639704825074e-15 0.07351402585797175
1141.8321533203125 1.2694048881530762 0.2682989537715912 5.552990454071004e-15 0.07358945644961737
1141.8421630859375 0.7314984798431396 0.21938078105449677 5.5523433208993014e-15 0.07366269223788346
1141.85205078125 1.0346859693527222 0.24825403094291687 5.55170677563944e-15 0.07373279206178128
1141.862060546875 1.0682213306427002 0.2516082227230072 5.551065148181895e-15 0.0737989775036249
1141.8720703125 1.067949891090393 0.25156936049461365 5.550426061823191e-15 0.07386287926391315
1141.8819580078125 1.033246636390686 0.24824130535125732 5.549797139859855e-15 0.07392368110354162
1141.8919677734375 1.102461576461792 0.2546282708644867 5.549163559215309e-15 0.07398069633739766
1141.9019775390625 1.1021250486373901 0.2544896602630615 5.548532519669604e-15 0.0740353473734806
1141.911865234375 1.2354048490524292 0.2654048800468445 5.547911644519267e-15 0.07408691674826821
1141.921875 1.237481951713562 0.2647000253200531 5.54728611068772e-15 0.07413484540342336
1141.931884765625 1.4036582708358765 0.27868184447288513 5.546663541471488e-15 0.07418032521992071
1141.9417724609375 1.368157982826233 0.27559351921081543 5.546051136650623e-15 0.07422274860561595
1141.9517822265625 1.1352037191390991 0.25699421763420105 5.545434073148548e-15 0.07426212617574285
1141.9617919921875 0.797731339931488 0.22616343200206757 5.544819550745315e-15 0.07429804948125142
1141.9716796875 0.8665863275527954 0.23184655606746674 5.544215616253923e-15 0.07433140969741597
1141.981689453125 0.931482195854187 0.23917822539806366 5.5436070230813206e-15 0.07436175055696946
1141.99169921875 0.9668046832084656 0.24229328334331512 5.543001394524034e-15 0.0743887764854751
1142.0015869140625 0.72991544008255 0.2183769941329956 5.542405930362114e-15 0.07441315951657448
1142.0115966796875 1.067298173904419 0.2512795925140381 5.541806231035458e-15 0.07443454984751374
1142.0216064453125 0.9996645450592041 0.24476154148578644 5.541209496324117e-15 0.07445276486199531
1142.0316162109375 1.170098066329956 0.25951385498046875 5.540616149744566e-15 0.07446825216329923
1142.04150390625 0.9319263100624084 0.23914669454097748 5.5400325440439074e-15 0.07448078795025888
1142.051513671875 1.1658873558044434 0.2595391273498535 5.5394451266949866e-15 0.07449027947151192
1142.0615234375 1.135208010673523 0.25688299536705017 5.5388602504449075e-15 0.07449696294386049
1142.0714111328125 0.9306948781013489 0.2389305979013443 5.538285962106669e-15 0.07450072857479927
1142.0814208984375 0.8973634243011475 0.2357548177242279 5.537707862120168e-15 0.07450158304614443
1142.0914306640625 0.8641493320465088 0.2327883392572403 5.537132726748982e-15 0.07449956097990383
1142.101318359375 0.7640292048454285 0.2227526605129242 5.536567755773164e-15 0.07449465185020115
1142.111328125 0.9969554543495178 0.24421599507331848 5.5359989731490825e-15 0.07448696798555074
1142.121337890625 0.9319193959236145 0.2386673390865326 5.53543357865679e-15 0.07447633052747156
1142.1312255859375 1.0325121879577637 0.24776175618171692 5.534878348559865e-15 0.0744628428610268
1142.1412353515625 0.833186686038971 0.22908245027065277 5.534319306814677e-15 0.07444649903533077
1142.1512451171875 0.7638037204742432 0.22304627299308777 5.533763653201278e-15 0.074427569359703
1142.1611328125 0.7977769374847412 0.22611451148986816 5.533217740466773e-15 0.07440559731875075
1142.171142578125 0.7315688133239746 0.21931840479373932 5.532668863116952e-15 0.07438080606976882
1142.18115234375 0.9654415845870972 0.24187560379505157 5.5321233738989204e-15 0.07435356563762918
1142.1910400390625 0.7322793006896973 0.21914570033550262 5.531587625559782e-15 0.07432321567965605
1142.2010498046875 0.5624960660934448 0.2006845474243164 5.531048912605328e-15 0.07429008001601269
1142.2110595703125 0.56461501121521 0.20055873692035675 5.53051316426619e-15 0.07425463107039822
1142.2210693359375 0.6307191848754883 0.20903241634368896 5.529981227575314e-15 0.07421600338971242
1142.23095703125 0.835622251033783 0.2303549200296402 5.529459455279806e-15 0.07417463424410484
1142.240966796875 0.5686778426170349 0.20144671201705933 5.528934294852508e-15 0.07413108285894167
1142.2509765625 0.7105163931846619 0.2187790423631668 5.528412946073473e-15 0.07408428920996224
1142.2608642578125 0.6029279232025146 0.2065816968679428 5.527901761689805e-15 0.07403479054359535
1142.2708740234375 0.8505606651306152 0.2327882945537567 5.527387189174348e-15 0.07398324227346967
1142.2808837890625 0.6560067534446716 0.2140791267156601 5.526876851823627e-15 0.07392839369982428
1142.290771484375 0.7568073272705078 0.2250174880027771 5.526375831835326e-15 0.07387086933607419
1142.30078125 0.7649036049842834 0.22669459879398346 5.525872270748184e-15 0.07381143563041842
1142.310791015625 0.9480427503585815 0.2454483062028885 5.525372521309304e-15 0.07374864629895093
1142.3206787109375 0.9574134945869446 0.24721822142601013 5.524882936265791e-15 0.07368321614971053
1142.3306884765625 1.0446490049362183 0.25685200095176697 5.524390386606962e-15 0.07361601023920879
1142.3406982421875 0.7864704728126526 0.23110802471637726 5.52390207211287e-15 0.0735453869004782
1142.3505859375 0.8998281955718994 0.24312350153923035 5.523423074981198e-15 0.07347216681041287
1142.360595703125 0.8145624995231628 0.2365981638431549 5.5229419602671574e-15 0.0733963730831445
1142.37060546875 0.7567808032035828 0.23274752497673035 5.522465080717853e-15 0.07331897463593261
1142.3804931640625 0.6799156665802002 0.22355948388576508 5.521997518530969e-15 0.07323808541644579
1142.3905029296875 0.8223981261253357 0.24159382283687592 5.521527838761716e-15 0.07315465344655118
1142.4005126953125 0.8213905096054077 0.2421279400587082 5.5210623941572e-15 0.07306976120985714
1142.410400390625 1.1043152809143066 0.2705782353878021 5.520606266915104e-15 0.07298132519567448
1142.42041015625 1.3555439710617065 0.294119268655777 5.520148445607113e-15 0.07289039137650412
1142.430419921875 0.9201539158821106 0.2542926073074341 5.519694859463858e-15 0.07279812238890106
1142.4404296875 0.7934989333152771 0.23990793526172638 5.519245084968866e-15 0.0727022577338289
1142.4503173828125 0.9110914468765259 0.2525966465473175 5.518804627836294e-15 0.07260394126353836
1142.4603271484375 0.8703150153160095 0.24747499823570251 5.518362900154301e-15 0.07250442174765226
1142.4703369140625 1.230108618736267 0.2822986841201782 5.51792498412057e-15 0.07240126823374139
1142.480224609375 0.8434605598449707 0.24012453854084015 5.517496808965733e-15 0.07229569350959307
1142.490234375 1.1386334896087646 0.2736637592315674 5.517067363261475e-15 0.07218905637196021
1142.500244140625 1.4187345504760742 0.2980126440525055 5.51664172920548e-15 0.07207873442027937
1142.5101318359375 1.0696868896484375 0.26778295636177063 5.516225836028378e-15 0.07196603920879929
1142.5201416015625 1.0160094499588013 0.261771559715271 5.515808672301855e-15 0.07185241655226868
1142.5301513671875 0.9853452444076538 0.2593386769294739 5.515395743740069e-15 0.07173505948561294
1142.5400390625 1.1195796728134155 0.2704075276851654 5.514992132540702e-15 0.07161538390751844
1142.550048828125 1.3908337354660034 0.29383549094200134 5.514587674308388e-15 0.0714949001992771
1142.56005859375 1.1273233890533447 0.2716158330440521 5.5141874512408106e-15 0.07137065033380792
1142.5699462890625 0.9906249642372131 0.25705868005752563 5.513796545535653e-15 0.07124412175643759
1142.5799560546875 1.0619406700134277 0.26356980204582214 5.513404792797548e-15 0.07111533897949597
1142.5899658203125 1.0804113149642944 0.2666419446468353 5.513017275224179e-15 0.07098592231668
1142.599853515625 0.9310265183448792 0.24929656088352203 5.51263907501323e-15 0.07085268898557083
1142.60986328125 0.8089175224304199 0.23887622356414795 5.512260874802281e-15 0.07071724782397813
1142.619873046875 1.015769362449646 0.255143940448761 5.511886486239594e-15 0.07058129680979104
1142.6297607421875 1.290536880493164 0.2811858654022217 5.511521415039328e-15 0.07044150255414386
1142.6397705078125 1.170540452003479 0.2701950967311859 5.511156343839061e-15 0.07029954542755862
1142.6497802734375 1.0104448795318604 0.2574450969696045 5.510795507803531e-15 0.07015721445534817
1142.6597900390625 1.4486013650894165 0.2945784628391266 5.51043933044921e-15 0.07001100593220083
1142.669677734375 1.0067030191421509 0.2503068447113037 5.5100916234243624e-15 0.06986268053419789
1142.6796875 1.1554744243621826 0.26741740107536316 5.509744763432462e-15 0.06971411466412727
1142.689697265625 0.6579664349555969 0.21940548717975616 5.5094021386052974e-15 0.06956163833099217
1142.6995849609375 0.9387676119804382 0.24427339434623718 5.509067984107606e-15 0.06940710601012258
1142.7095947265625 1.477614402770996 0.2960815131664276 5.508734676642861e-15 0.06925245092929437
1142.7196044921875 0.9836769104003906 0.25220608711242676 5.508406027859326e-15 0.06909387480303611
1142.7294921875 0.616330623626709 0.2097722887992859 5.508085849405264e-15 0.06893328588711674
1142.739501953125 0.8347427845001221 0.23385293781757355 5.507766517984149e-15 0.0687726964142495
1142.74951171875 1.1137899160385132 0.2631996273994446 5.5074518452442444e-15 0.06860816517289567
1142.7593994140625 1.1393448114395142 0.2648031711578369 5.507145642833812e-15 0.0684416781468141
1142.7694091796875 1.079036831855774 0.2601974606513977 5.506840287456327e-15 0.06827325488844994
1142.7794189453125 1.1871424913406372 0.2721904516220093 5.506540014276525e-15 0.06810499575204103
1142.789306640625 0.6272986531257629 0.21240708231925964 5.5062477879097224e-15 0.06793277395661138
1142.79931640625 1.1149121522903442 0.26350757479667664 5.5059568320923406e-15 0.06775866846543041
1142.809326171875 1.0861430168151855 0.2582333981990814 5.505670958472642e-15 0.0675848596486209
1142.8192138671875 1.188869595527649 0.2668968737125397 5.5053935551824165e-15 0.06740706996752628
1142.8292236328125 0.7029454112052917 0.22167710959911346 5.5051174224416115e-15 0.06722745031929973
1142.8392333984375 0.9220625758171082 0.24406050145626068 5.5048459483820165e-15 0.06704824779869788
1142.8492431640625 0.9076589941978455 0.24108122289180756 5.504579556520105e-15 0.06686505853627842
1142.859130859375 1.0787862539291382 0.25276264548301697 5.504321634987666e-15 0.06668009572046621
1142.869140625 1.076507568359375 0.25264590978622437 5.504065407521122e-15 0.06649567459204472
1142.879150390625 1.1520811319351196 0.2598942220211029 5.503813838735787e-15 0.06630725983943514
1142.8890380859375 1.077988624572754 0.2527156472206116 5.503570740279925e-15 0.06611712847006976
1142.8990478515625 0.7272686958312988 0.21865372359752655 5.503329335889958e-15 0.06592766224836731
1142.9090576171875 0.8596967458724976 0.23152707517147064 5.5030934372141474e-15 0.06573419326256628
1142.9189453125 0.9919655323028564 0.24235467612743378 5.502865161834862e-15 0.0655390766304356
1142.928955078125 1.0918976068496704 0.25208941102027893 5.502639427554419e-15 0.06534473830493533
1142.93896484375 0.8299623727798462 0.2286578267812729 5.502418775471659e-15 0.0651464008754046
1142.9488525390625 1.062741756439209 0.25014257431030273 5.502205746685425e-15 0.06494647756068105
1142.9588623046875 1.163521409034729 0.25857335329055786 5.501995258998032e-15 0.06474744908158779
1142.9688720703125 0.8974783420562744 0.2347230613231659 5.501790277024797e-15 0.06454442927810762
1142.978759765625 0.6266350150108337 0.20773634314537048 5.5015929183480864e-15 0.06433987784332275
1142.98876953125 0.8598541617393494 0.23127903044223785 5.501398100770218e-15 0.06413382864324585
1142.998779296875 0.9635106921195984 0.24106010794639587 5.50120921242298e-15 0.06392883395757537
1143.0086669921875 0.9954575300216675 0.24405556917190552 5.501027523855794e-15 0.0637198513977305
1143.0186767578125 0.6904060244560242 0.21383903920650482 5.5008487999039235e-15 0.06350943021330412
1143.0286865234375 0.5605551600456238 0.199766144156456 5.50067558166621e-15 0.06330018364090295
1143.03857421875 0.8274136781692505 0.22846296429634094 5.500509563208548e-15 0.06308696575300347
1143.048583984375 0.7970990538597107 0.22586651146411896 5.500347356399149e-15 0.06287236510155628
1143.05859375 0.9374901056289673 0.23944473266601562 5.500190231787433e-15 0.06265906020780379
1143.068603515625 0.7702667713165283 0.22375108301639557 5.500038612889875e-15 0.06244180039080835
1143.0784912109375 0.8770850300788879 0.23430246114730835 5.4998946172888415e-15 0.06222322850801419
1143.0885009765625 0.6696786284446716 0.21331292390823364 5.499754009819597e-15 0.06200606271893152
1143.0985107421875 0.6046046614646912 0.205903559923172 5.49961890806451e-15 0.06178495509866543
1143.1083984375 0.8110255002975464 0.22574089467525482 5.4994914296059485e-15 0.06156260909490996
1143.118408203125 0.5063380599021912 0.19425566494464874 5.499367339279176e-15 0.06134178206211378
1143.12841796875 0.7122808694839478 0.21832750737667084 5.499249178183034e-15 0.06111704085806863
1143.1383056640625 0.36801934242248535 0.17617996037006378 5.49913779335047e-15 0.060891132797790605
1143.1483154296875 0.6404426097869873 0.21055494248867035 5.499031067199116e-15 0.0606668478292195
1143.1583251953125 0.9123539924621582 0.2382339984178543 5.498929846761919e-15 0.06043868063467201
1143.168212890625 0.8760782480239868 0.23335790634155273 5.4988354025883e-15 0.06020941571855464
1143.17822265625 0.7044239044189453 0.2171296328306198 5.498745617095891e-15 0.05997907296721723
1143.188232421875 0.8699617981910706 0.23284177482128143 5.498661337317639e-15 0.05975050594024672
1143.1981201171875 0.9383631944656372 0.23987652361392975 5.498584257319439e-15 0.059518098848681
1143.2081298828125 0.5300477147102356 0.19678203761577606 5.498511412485975e-15 0.05928468495347559
1143.2181396484375 0.6623806357383728 0.21132466197013855 5.498444920399616e-15 0.05905316203051309
1143.22802734375 0.7271316647529602 0.21781301498413086 5.498384781060361e-15 0.058817826239215706
1143.238037109375 0.5946656465530396 0.20340238511562347 5.498329723918789e-15 0.05858156655959905
1143.248046875 0.790998637676239 0.2241142988204956 5.4982805960078485e-15 0.05834730104054892
1143.2579345703125 0.9920163750648499 0.24339377880096436 5.498237820844012e-15 0.058109262864091404
1143.2679443359375 0.7261454463005066 0.21783633530139923 5.498200551394333e-15 0.057870374498093076
1143.2779541015625 0.9584122896194458 0.24034783244132996 5.4981692111752845e-15 0.057633589023673534
1143.2879638671875 0.7247846722602844 0.2177104502916336 5.498143800186867e-15 0.05739308399160496
1143.2978515625 1.0945967435836792 0.2518209218978882 5.498124741945554e-15 0.05715179872578606
1143.307861328125 0.7257420420646667 0.2176423817873001 5.498111612934871e-15 0.056912719938470135
1143.31787109375 0.9574410915374756 0.23977933824062347 5.4981044131548196e-15 0.05666996689168273
1143.3277587890625 0.7580234408378601 0.22100886702537537 5.498103142605399e-15 0.05642652030345741
1143.3377685546875 0.7926124930381775 0.22461599111557007 5.498108224803082e-15 0.05618537885109392
1143.3477783203125 1.0272507667541504 0.24654394388198853 5.4981192362313965e-15 0.055940617846792134
1143.357666015625 1.0914891958236694 0.2518651485443115 5.498136176890342e-15 0.05569524111306097
1143.36767578125 0.893007755279541 0.2342674285173416 5.498159470296391e-15 0.05545226980618628
1143.377685546875 0.5900432467460632 0.20207156240940094 5.498189116449545e-15 0.05520573977331321
1143.3875732421875 0.9551221132278442 0.23845215141773224 5.49822469183333e-15 0.05495867319420122
1143.3975830078125 0.9228011965751648 0.23671042919158936 5.498266619964219e-15 0.054711093594376856
1143.4075927734375 0.8908067941665649 0.23395691812038422 5.498314900842212e-15 0.05446606474444993
1143.41748046875 0.7259300351142883 0.21756796538829803 5.498368687434363e-15 0.05421754586625289
1143.427490234375 0.6891537308692932 0.21339376270771027 5.498429673806565e-15 0.0539686065646905
1143.4375 0.8566049337387085 0.23055759072303772 5.498497012925872e-15 0.05372230734749708
1143.4473876953125 1.2219822406768799 0.2625442147254944 5.498569857759336e-15 0.05347259288831928
1143.4573974609375 1.019957184791565 0.24506668746471405 5.498649902372851e-15 0.0532225384354305
1143.4674072265625 1.0541924238204956 0.24750983715057373 5.498736299733471e-15 0.05297522483190088
1143.4774169921875 0.6899364590644836 0.21366563439369202 5.498829049841196e-15 0.052724568558361835
1143.4873046875 1.423710823059082 0.27809154987335205 5.4989268821466035e-15 0.05247365328957456
1143.497314453125 0.5927345752716064 0.2024386078119278 5.49903276126501e-15 0.05222557064621909
1143.50732421875 1.0252759456634521 0.24562139809131622 5.4991449931305215e-15 0.051974225654751856
1143.5172119140625 0.6235155463218689 0.20648029446601868 5.499262307193716e-15 0.0517227042979645
1143.5272216796875 1.0864840745925903 0.25085291266441345 5.49938766806991e-15 0.05147410966664977
1143.5372314453125 0.8228273391723633 0.22702065110206604 5.4995198052096815e-15 0.05122233409111563
1143.547119140625 0.8573439717292786 0.23024368286132812 5.499656601030663e-15 0.05097047281868216
1143.55712890625 0.6233308911323547 0.2062227725982666 5.4998014436646436e-15 0.0507216270418727
1143.567138671875 0.7238160967826843 0.2167498618364334 5.499953486078676e-15 0.0504696835675268
1143.5770263671875 0.9533337950706482 0.2386966049671173 5.500109763657444e-15 0.0502177379513144
1143.5870361328125 1.0518478155136108 0.24776896834373474 5.500274935082159e-15 0.04996890354849688
1143.5970458984375 1.122110366821289 0.25378933548927307 5.500446882770451e-15 0.04971705364095895
1143.60693359375 0.9163016080856323 0.23491722345352173 5.50062306562348e-15 0.04946529796459953
1143.616943359375 0.9215155243873596 0.23604591190814972 5.500808565838929e-15 0.049213667740985005
1143.626953125 1.0538359880447388 0.2480717897415161 5.501000842317956e-15 0.04896525319061922
1143.6368408203125 1.2844576835632324 0.267006516456604 5.501196930445245e-15 0.0487139538704307
1143.6468505859375 1.2519196271896362 0.264193058013916 5.501402759451428e-15 0.04846286951564571
1143.6568603515625 1.0178231000900269 0.24472278356552124 5.501615364721189e-15 0.048215086341555226
1143.666748046875 1.2841929197311401 0.26693788170814514 5.501832205155686e-15 0.047964512604379825
1143.6767578125 0.9521700739860535 0.23888525366783142 5.502058786469076e-15 0.047714252110979724
1143.686767578125 1.054601788520813 0.24806350469589233 5.502291720529571e-15 0.04746737206538354
1143.69677734375 1.0489040613174438 0.24695466458797455 5.5025322778865914e-15 0.047217802654403146
1143.7066650390625 1.4188628196716309 0.27724334597587585 5.502776646891874e-15 0.04696863757406313
1143.7166748046875 0.7173866629600525 0.21523413062095642 5.5030307567760506e-15 0.04672293022343171
1143.7266845703125 1.1518604755401611 0.25613507628440857 5.5032920664402785e-15 0.04647464939344142
1143.736572265625 1.085668683052063 0.2502534091472626 5.5035567642362955e-15 0.046226854127395814
1143.74658203125 0.784415066242218 0.2225736528635025 5.503832473460627e-15 0.045982601345339776
1143.756591796875 0.5215741991996765 0.19394874572753906 5.504114958948536e-15 0.04573587747475523
1143.7664794921875 1.0833172798156738 0.250148206949234 5.5044008325682344e-15 0.04548973841930327
1143.7764892578125 1.149731993675232 0.2558024227619171 5.5046972940997734e-15 0.045247205360632536
1143.7864990234375 1.1170583963394165 0.2516941428184509 5.505001378927838e-15 0.04500232210023258
1143.79638671875 0.8498222231864929 0.22889898717403412 5.505308428371217e-15 0.04475812372296525
1143.806396484375 0.9845342040061951 0.2414834052324295 5.505626912759385e-15 0.04451462828352629
1143.81640625 0.7176053524017334 0.21578030288219452 5.505952173411131e-15 0.04427483323260678
1143.8262939453125 1.0151240825653076 0.24400873482227325 5.506280822194665e-15 0.04403283812807892
1143.8363037109375 0.8859691023826599 0.23210623860359192 5.506620905922988e-15 0.04379165628032045
1143.8463134765625 0.5863420367240906 0.2014007270336151 5.506968189431362e-15 0.04355423123515288
1143.856201171875 0.781536877155304 0.221424862742424 5.507318437555052e-15 0.04331473844477274
1143.8662109375 0.6852015256881714 0.2119125872850418 5.507680544140003e-15 0.04307614464397889
1143.876220703125 0.4567771553993225 0.18390323221683502 5.508049850505006e-15 0.04284136981111793
1143.8861083984375 0.6153216361999512 0.2038009911775589 5.508422121485324e-15 0.04260465524600182
1143.8961181640625 0.48637622594833374 0.1895710676908493 5.508806250926904e-15 0.04236892523611594
1143.9061279296875 0.3870503902435303 0.1765962690114975 5.509198003665009e-15 0.042137079414605295
1143.9161376953125 0.15756909549236298 0.13900180160999298 5.509596956183166e-15 0.04190341496620502
1143.926025390625 0.586175262928009 0.20115670561790466 5.5099984498001645e-15 0.04167083307518214
1143.93603515625 0.4825504720211029 0.18770772218704224 5.510412648911372e-15 0.04144218639278286
1143.946044921875 0.25364264845848083 0.15639126300811768 5.5108344713191044e-15 0.04121184819500751
1143.9559326171875 0.28700757026672363 0.16181084513664246 5.511258411309205e-15 0.040982689935606165
1143.9659423828125 0.45229747891426086 0.18490509688854218 5.511695056793515e-15 0.040757509107286996
1143.9759521484375 0.48486804962158203 0.18875710666179657 5.51213932557435e-15 0.04053077616305027
1143.98583984375 0.35453706979751587 0.1719479262828827 5.512586135454026e-15 0.040305305961998036
1143.995849609375 0.4532700479030609 0.1850404292345047 5.513045650827912e-15 0.04008386118924892
1144.005859375 0.5521145462989807 0.1971314698457718 5.513513213014796e-15 0.03986099855196245
1144.0157470703125 0.8133215308189392 0.22477589547634125 5.513982469267575e-15 0.03963948972388981
1144.0257568359375 0.48562297224998474 0.18894198536872864 5.514464854531036e-15 0.039419363563680074
1144.0357666015625 0.5834136009216309 0.20066922903060913 5.51495571012397e-15 0.03920331261779547
1144.045654296875 0.8121976852416992 0.2239353507757187 5.515447836266325e-15 0.038986018510598026
1144.0556640625 0.4852904975414276 0.18905146420001984 5.5159539384523094e-15 0.03877019866381044
1144.065673828125 0.6140994429588318 0.20324672758579254 5.516467663934819e-15 0.03855848266278339
1144.0755615234375 0.7448493838310242 0.21702127158641815 5.5169830834832234e-15 0.03834566375688755
1144.0855712890625 0.951575756072998 0.23680628836154938 5.517512902591731e-15 0.038134400168239754
1144.0955810546875 0.946821391582489 0.2369574010372162 5.518050344996764e-15 0.03792726092818404
1144.1055908203125 1.1431375741958618 0.25424498319625854 5.5185958342147956e-15 0.03771916128636721
1144.115478515625 0.9480929970741272 0.23720069229602814 5.519142593982248e-15 0.0375126960685925
1144.12548828125 1.0440804958343506 0.24574388563632965 5.519703753309804e-15 0.03731036901847101
1144.135498046875 0.6799913048744202 0.21073365211486816 5.520272959450359e-15 0.03710722327353238
1144.1453857421875 0.816406786441803 0.22386258840560913 5.520843436140335e-15 0.036905778658794665
1144.1553955078125 0.8454160094261169 0.22745148837566376 5.521428735906888e-15 0.03670849648939818
1144.1654052734375 0.8164257407188416 0.22452852129936218 5.522022082486439e-15 0.0365105224077234
1144.17529296875 0.9776410460472107 0.23984475433826447 5.522616276098938e-15 0.036314329037493626
1144.185302734375 0.8770841956138611 0.23033949732780457 5.523226139820961e-15 0.03612229553779393
1144.1953125 1.0734063386917114 0.24776999652385712 5.52384362683951e-15 0.03592970601742891
1144.2052001953125 1.1073477268218994 0.2508414089679718 5.524461960891005e-15 0.03573896578262825
1144.2152099609375 0.9730418920516968 0.23857687413692474 5.525095965052025e-15 0.035552379077562625
1144.2252197265625 0.9768365025520325 0.23958922922611237 5.525738016026044e-15 0.03536537199895542
1144.235107421875 0.9446528553962708 0.2367534190416336 5.52638091403301e-15 0.03518027307688896
1144.2451171875 0.8464524149894714 0.2275586575269699 5.5270394821495e-15 0.03499709854183623
1144.255126953125 0.9067980051040649 0.2319471836090088 5.527706520595463e-15 0.0348180721730416
1144.2650146484375 0.7457212805747986 0.21734705567359924 5.528373559041426e-15 0.034638781405367886
1144.2750244140625 1.110690951347351 0.25111377239227295 5.52905711462986e-15 0.03446147658446495
1144.2850341796875 1.038061499595642 0.2438642531633377 5.529748717031293e-15 0.0342882974278719
1144.294921875 0.8453459739685059 0.22734589874744415 5.5304407429492e-15 0.0341149794947659
1144.304931640625 0.877856969833374 0.22880107164382935 5.531149286009578e-15 0.033943689753903473
1144.31494140625 0.6175721883773804 0.2034062296152115 5.531866299399429e-15 0.03377649536045966
1144.324951171875 1.1768648624420166 0.25639134645462036 5.532591783118752e-15 0.033609280300742686
1144.3348388671875 0.8789997696876526 0.2302417755126953 5.533316843321602e-15 0.033444133875074306
1144.3448486328125 0.9722194075584412 0.23813273012638092 5.53405926769987e-15 0.033283043859941124
1144.3548583984375 1.1388503313064575 0.25314778089523315 5.534810162407611e-15 0.03312204283386417
1144.36474609375 0.8744514584541321 0.22876249253749847 5.535560633598878e-15 0.032963144727004026
1144.374755859375 1.0070244073867798 0.24176286160945892 5.536328468965564e-15 0.03280825546569067
1144.384765625 1.170561671257019 0.2556086778640747 5.5371051981781966e-15 0.0326535548134042
1144.3946533203125 1.0713932514190674 0.24716682732105255 5.537880656841408e-15 0.03250098020004393
1144.4046630859375 1.0074973106384277 0.24183323979377747 5.538674750229459e-15 0.0323523605117797
1144.4146728515625 0.8790718913078308 0.22980201244354248 5.539477313946982e-15 0.03220403255168833
1144.424560546875 1.0100295543670654 0.24204319715499878 5.540278183598611e-15 0.03205783821040767
1144.4345703125 1.2346795797348022 0.26056718826293945 5.541098111491553e-15 0.03191378812122081
1144.444580078125 1.0384351015090942 0.24410977959632874 5.541926933230442e-15 0.03177360447546078
1144.4544677734375 1.2027148008346558 0.2580093443393707 5.542753637386962e-15 0.031633822115604976
1144.4644775390625 0.9108448624610901 0.23295530676841736 5.543599823301269e-15 0.03149618549939616
1144.4744873046875 0.8762559294700623 0.22947746515274048 5.5444544795450485e-15 0.03136233730010575
1144.484375 0.8463994264602661 0.2265811711549759 5.545307865239407e-15 0.031228963408556982
1144.494384765625 0.8435702919960022 0.2261601835489273 5.546180309175079e-15 0.031097731071989165
1144.50439453125 0.8414484262466431 0.22596746683120728 5.547061646956697e-15 0.03097019698459304
1144.514404296875 1.2635130882263184 0.2623250186443329 5.5479518785842615e-15 0.03084320296408924
1144.5242919921875 0.9091466665267944 0.232486292719841 5.548839992629458e-15 0.030718337421263675
1144.5343017578125 1.2685377597808838 0.2626648545265198 5.549748011948914e-15 0.030597067364823777
1144.5443115234375 0.7762058973312378 0.21966080367565155 5.550664925114317e-15 0.030476402401063855
1144.55419921875 1.2665495872497559 0.262654572725296 5.551579720697352e-15 0.030357833251955995
1144.564208984375 0.9082990288734436 0.23229973018169403 5.552514421554647e-15 0.030242757350506525
1144.57421875 0.7729006409645081 0.21884962916374207 5.553458439774362e-15 0.03012832598524182
1144.5841064453125 1.0315953493118286 0.24239705502986908 5.554399916895235e-15 0.03001595968634309
1144.5941162109375 0.7794943451881409 0.21944312751293182 5.555362146323316e-15 0.029906973118815874
1144.6041259765625 0.5147069692611694 0.19119581580162048 5.556333269597343e-15 0.029798662606298244
1144.614013671875 0.9052138924598694 0.23184287548065186 5.557301851772528e-15 0.029692370880998305
1144.6240234375 0.6767714023590088 0.20911316573619843 5.558291186254921e-15 0.02958933987375802
1144.634033203125 0.7697871923446655 0.21693195402622223 5.559289838099734e-15 0.02948700558085211
1144.6439208984375 1.0322299003601074 0.24270883202552795 5.560285101812758e-15 0.029386634520655965
1144.6539306640625 0.9056655168533325 0.2317541390657425 5.56130238838241e-15 0.029288206622648173
1144.6639404296875 0.8403909802436829 0.2255076766014099 5.562328568798009e-15 0.029192865218922937
1144.673828125 1.1617136001586914 0.25356370210647583 5.563351361081818e-15 0.029098232811376808
1144.683837890625 0.8053786754608154 0.22207148373126984 5.5643961762222565e-15 0.029005476026169107
1144.69384765625 0.970707356929779 0.23715130984783173 5.565449885208641e-15 0.02891567438133811
1144.7037353515625 0.773145854473114 0.21818028390407562 5.56650062957971e-15 0.02882657451016808
1144.7137451171875 0.6447262167930603 0.20530883967876434 5.567573396807407e-15 0.028739271247136933
1144.7237548828125 0.6431190371513367 0.20525063574314117 5.568655481397525e-15 0.028654777600289883
1144.7337646484375 0.7384842038154602 0.2151530683040619 5.569746883350062e-15 0.028570975806014677
1144.74365234375 0.6769408583641052 0.20850355923175812 5.5708344736543364e-15 0.028488886746198604
1144.753662109375 0.34970879554748535 0.16890768706798553 5.571944933848187e-15 0.028409457945831263
1144.763671875 0.481035441160202 0.1862867772579193 5.573064711404457e-15 0.028330692857851215
1144.7735595703125 0.38264840841293335 0.17253434658050537 5.574180253795991e-15 0.028253554927851286
1144.7835693359375 0.3172031342983246 0.16417109966278076 5.575319089593574e-15 0.028178919394580764
1144.7935791015625 0.31756120920181274 0.1646333485841751 5.576467666270051e-15 0.028104918393498324
1144.803466796875 0.28619256615638733 0.15983016788959503 5.577611584265318e-15 0.028032439988326642
1144.8134765625 0.28416135907173157 0.1592579483985901 5.578779219183108e-15 0.027962316184903403
1144.823486328125 0.21990428864955902 0.14902521669864655 5.579956171463318e-15 0.027892772737508127
1144.8333740234375 0.31890177726745605 0.16326817870140076 5.581128465062318e-15 0.027824655644003073
1144.8433837890625 0.18883824348449707 0.14335983991622925 5.582324899100315e-15 0.027758730293753107
1144.8533935546875 0.15513911843299866 0.13711385428905487 5.583531074017205e-15 0.027693336261507797
1144.86328125 0.22101816534996033 0.1492530256509781 5.584732166736411e-15 0.027629258938933768
1144.873291015625 0.44443479180336 0.18041454255580902 5.585957823411088e-15 0.027566456297382996
1144.88330078125 0.2506113648414612 0.15310320258140564 5.587193220964659e-15 0.027505636785452914
1144.8931884765625 0.34929361939430237 0.16883869469165802 5.588423112804072e-15 0.027445262319344577
1144.9031982421875 0.5094350576400757 0.18924525380134583 5.589677992115429e-15 0.027386052793474995
1144.9132080078125 0.31713172793388367 0.16417202353477478 5.59094261230568e-15 0.02732866882008565
1144.923095703125 0.44625967741012573 0.18172834813594818 5.5922017267817734e-15 0.02727165480615226
1144.93310546875 0.575827419757843 0.19716256856918335 5.593485828729811e-15 0.027215690339519077
1144.943115234375 0.865583062171936 0.22665217518806458 5.594780518589689e-15 0.027161395808255225
1144.953125 0.6707538366317749 0.2073192000389099 5.596084525811987e-15 0.02710739187315334
1144.9630126953125 0.6396798491477966 0.20374014973640442 5.597382603803654e-15 0.02705431902578264
1144.9730224609375 0.6680614948272705 0.20624828338623047 5.5987069398166864e-15 0.027002761644574786
1144.9830322265625 0.9313228726387024 0.23236456513404846 5.600041016708612e-15 0.026951412571840992
1144.992919921875 0.8958078026771545 0.22865097224712372 5.601368740853433e-15 0.026900870527048173
1145.0029296875 0.763882577419281 0.21601125597953796 5.602723146536093e-15 0.02685169779381105
1145.012939453125 0.7670214772224426 0.21682240068912506 5.604087293097646e-15 0.026802641774400036
1145.0228271484375 0.9860814213752747 0.23528608679771423 5.605444663395621e-15 0.02675427625607095
1145.0328369140625 0.890927791595459 0.22792355716228485 5.606829138747908e-15 0.02670713492918373
1145.0428466796875 0.9901665449142456 0.2372824251651764 5.608223778495562e-15 0.026660015037805893
1145.052734375 0.9577158689498901 0.23451320827007294 5.609611641979638e-15 0.026613464821739048
1145.062744140625 0.8586161136627197 0.22497901320457458 5.611026187001553e-15 0.026567443704675207
1145.07275390625 0.8606756329536438 0.22542573511600494 5.612451319935308e-15 0.026522466449301913
1145.0826416015625 1.180050253868103 0.2530108392238617 5.613869253089012e-15 0.026477379656886135
1145.0926513671875 0.6028823852539062 0.19916614890098572 5.6153147148135015e-15 0.02643270606835131
1145.1026611328125 1.3117883205413818 0.2635332942008972 5.616770764449832e-15 0.026388947426998335
1145.112548828125 1.308436632156372 0.26245245337486267 5.618218767273163e-15 0.02634498045509319
1145.12255859375 1.0202113389968872 0.23875825107097626 5.619695145700227e-15 0.026301312097036643
1145.132568359375 1.0221112966537476 0.23978547751903534 5.621182112039132e-15 0.02625843323815442
1145.142578125 0.6656776666641235 0.205451101064682 5.622679242773404e-15 0.02621524789873649
1145.1524658203125 0.953891396522522 0.233543261885643 5.624168326694677e-15 0.02617225187904848
1145.1624755859375 0.8849082589149475 0.22553613781929016 5.625686209736157e-15 0.026129929264638686
1145.1724853515625 1.0545192956924438 0.24208691716194153 5.627214680689477e-15 0.026087200026539487
1145.182373046875 0.8916027545928955 0.22745202481746674 5.628734681313325e-15 0.02604455596969074
1145.1923828125 0.7914941906929016 0.2180316299200058 5.630283904573853e-15 0.026002477710156506
1145.202392578125 1.0452131032943726 0.24052739143371582 5.631843715746222e-15 0.02595989609865223
1145.2122802734375 0.8222123980522156 0.22075395286083221 5.633395056589118e-15 0.025917296789375363
1145.2222900390625 0.8611509203910828 0.2237648218870163 5.634976043585168e-15 0.025875165678445132
1145.2322998046875 0.7637382745742798 0.21512635052204132 5.636567618493059e-15 0.025832434886944543
1145.2421875 1.2410808801651 0.2571256756782532 5.63814987603853e-15 0.025789592687658253
1145.252197265625 1.076120376586914 0.2421707659959793 5.639762626770102e-15 0.02574713378860718
1145.26220703125 0.7906380295753479 0.21730740368366241 5.641385965413515e-15 0.025703976993977678
1145.2720947265625 1.143267035484314 0.24809138476848602 5.642999986694508e-15 0.02566062134206802
1145.2821044921875 1.2742607593536377 0.2592255175113678 5.644644924678076e-15 0.025617038824687174
1145.2921142578125 0.7247125506401062 0.21093043684959412 5.646300027057011e-15 0.025573732827121002
1145.302001953125 0.8859754204750061 0.226551353931427 5.64794623559e-15 0.025529616762029344
1145.31201171875 0.8879592418670654 0.22604991495609283 5.64962293730909e-15 0.025485192051540467
1145.322021484375 0.9139626026153564 0.22861340641975403 5.651310650456494e-15 0.025440987198791596
1145.3319091796875 1.1705760955810547 0.2508801221847534 5.652988622725005e-15 0.02539588003088388
1145.3419189453125 1.1002197265625 0.24329398572444916 5.654697935212564e-15 0.025350401400856714
1145.3519287109375 1.0735504627227783 0.24272312223911285 5.656418259128437e-15 0.02530508456948995
1145.3619384765625 0.9467774629592896 0.23167866468429565 5.6581491709561515e-15 0.02525879066071035
1145.371826171875 1.4217146635055542 0.26984208822250366 5.6598699183884986e-15 0.02521206037364936
1145.3818359375 0.8172455430030823 0.21951931715011597 5.661622853072841e-15 0.025165452764983165
1145.391845703125 0.91829913854599 0.22851823270320892 5.6633867991854984e-15 0.02511779815780549
1145.4017333984375 1.1040171384811401 0.2447471022605896 5.665140157386315e-15 0.025069652360726027
1145.4117431640625 0.9781843423843384 0.23422223329544067 5.666925702839127e-15 0.02502160013888342
1145.4217529296875 1.1028845310211182 0.24450522661209106 5.668722683236727e-15 0.024972440250093722
1145.431640625 0.8486821055412292 0.22224122285842896 5.670508652206013e-15 0.02492274583547011
1145.441650390625 1.1334004402160645 0.24713851511478424 5.672327655460241e-15 0.024873124617614303
1145.45166015625 1.196778655052185 0.2518562376499176 5.674157670142784e-15 0.024822339743184905
1145.4615478515625 1.3245528936386108 0.2619599997997284 5.675976673397013e-15 0.024770992676390678
1145.4715576171875 1.036211609840393 0.2383694052696228 5.677829134452658e-15 0.024719075383846302
1145.4815673828125 1.162933349609375 0.24925118684768677 5.679692606936617e-15 0.024667224762046875
1145.491455078125 1.2575253248214722 0.25668907165527344 5.681544220959315e-15 0.024614152107548606
1145.50146484375 1.4765433073043823 0.2728651463985443 5.683430139816377e-15 0.02456049265943561
1145.511474609375 1.158962607383728 0.2483881562948227 5.6853274936182266e-15 0.024506911943048527
1145.5213623046875 0.9403299689292908 0.2299475520849228 5.687212565442341e-15 0.024452080315030295
1145.5313720703125 1.1294361352920532 0.24608322978019714 5.689132365617293e-15 0.024396659699854023
1145.5413818359375 0.6524258255958557 0.20158512890338898 5.691063177220559e-15 0.02434133404351464
1145.55126953125 0.7791008353233337 0.21454335749149323 5.69298170684609e-15 0.024284743316141343
1145.561279296875 1.0020809173583984 0.23518212139606476 5.694935388338932e-15 0.024227575352669756
1145.5712890625 1.5031417608261108 0.2742030620574951 5.696900504776562e-15 0.024170535856280012
1145.581298828125 1.1294682025909424 0.2456716150045395 5.69887705615898e-15 0.024112232790027652
1145.5911865234375 0.7790136933326721 0.2146405726671219 5.700840902047189e-15 0.024053368177130063
1145.6011962890625 0.9691282510757446 0.23195432126522064 5.702839899802709e-15 0.02399468627576139
1145.6112060546875 1.2152016162872314 0.25120624899864197 5.704850756019491e-15 0.02393474670307162
1145.62109375 1.031468391418457 0.23714980483055115 5.70684848322559e-15 0.02387428784918795
1145.631103515625 1.0892914533615112 0.2415473610162735 5.708882209331948e-15 0.023814072641766534
1145.64111328125 0.6491129994392395 0.20032769441604614 5.710927793899567e-15 0.0237526311079648
1145.6510009765625 1.0949655771255493 0.24231232702732086 5.71295982594003e-15 0.023690723101155876
1145.6610107421875 0.9335081577301025 0.22846488654613495 5.715028280397225e-15 0.02362913139180088
1145.6710205078125 1.2503668069839478 0.2548668682575226 5.717108169799208e-15 0.02356635781425123
1145.680908203125 1.056885838508606 0.2388104796409607 5.719174506674035e-15 0.023503192037860852
1145.69091796875 0.9944260120391846 0.2336922138929367 5.721278112998541e-15 0.02343965373835389
1145.700927734375 1.376171350479126 0.26400095224380493 5.723393154267835e-15 0.023376560719333462
1145.7108154296875 0.9282830357551575 0.22704844176769257 5.7254937959770255e-15 0.02331237761747704
1145.7208251953125 1.1524629592895508 0.24634987115859985 5.727632554168843e-15 0.023247917778733227
1145.7308349609375 1.6192114353179932 0.2812073230743408 5.729782747305448e-15 0.023184010309845043
1145.74072265625 1.087631344795227 0.24064867198467255 5.731918540881949e-15 0.023119108478080286
1145.750732421875 0.7744812369346619 0.21286673843860626 5.7340924509410775e-15 0.023054046370750862
1145.7607421875 1.0572149753570557 0.2384834587574005 5.736278219461467e-15 0.022989653435781836
1145.770751953125 0.9904980063438416 0.23274214565753937 5.7384758464431185e-15 0.022924393376402764
1145.7806396484375 1.1798417568206787 0.24853669106960297 5.740658226831719e-15 0.02285909724429971
1145.7906494140625 1.022300362586975 0.23544645309448242 5.742879570735894e-15 0.022794613314894456
1145.8006591796875 0.9888243079185486 0.23229528963565826 5.74511277310133e-15 0.022729402405817053
1145.810546875 1.1163548231124878 0.24311412870883942 5.747330728873715e-15 0.022664308503562942
1145.820556640625 0.9856435060501099 0.231293722987175 5.749587648161674e-15 0.022600184782729578
1145.83056640625 1.176750659942627 0.2479112297296524 5.751856849427368e-15 0.0225355002519131
1145.8404541015625 1.051951289176941 0.23705317080020905 5.754109957067065e-15 0.022471113157791336
1145.8504638671875 0.8937776684761047 0.2236320972442627 5.756403298771756e-15 0.02240785896218857
1145.8604736328125 0.9883132576942444 0.23177644610404968 5.758708498937708e-15 0.02234424437707177
1145.870361328125 0.644137442111969 0.19908680021762848 5.760997605477663e-15 0.02228112393066882
1145.88037109375 1.1162344217300415 0.24240100383758545 5.7633269460826125e-15 0.02221932326970898
1145.890380859375 1.013008952140808 0.23343539237976074 5.765668568665297e-15 0.02215739135781724
1145.9002685546875 0.8610384464263916 0.22001205384731293 5.76799367410551e-15 0.022096168704085668
1145.9102783203125 0.8290772438049316 0.2172103375196457 5.770359437127191e-15 0.022035738045709498
1145.9202880859375 0.639889121055603 0.19793158769607544 5.772737482126608e-15 0.021976897048300723
1145.93017578125 1.1017727851867676 0.23956744372844696 5.775099009983553e-15 0.021918275472348845
1145.940185546875 1.0148917436599731 0.23337149620056152 5.777501195421966e-15 0.021860697613983966
1145.9501953125 0.7938830256462097 0.21290667355060577 5.779916086354588e-15 0.021804928122771718
1145.9600830078125 0.9535791873931885 0.22787170112133026 5.782313613111791e-15 0.021749681382148247
1145.9700927734375 1.0777504444122314 0.23863224685192108 5.784753067999884e-15 0.021695749692011924
1145.9801025390625 0.7019335031509399 0.20420090854167938 5.787204804865711e-15 0.021643860411946683
1145.9901123046875 0.7957846522331238 0.21350868046283722 5.7896692472257476e-15 0.021592829216620528
1146.0 0.9170934557914734 0.22448720037937164 5.792115478377418e-15 0.02154340818065676
1146.010009765625 0.8885953426361084 0.22178789973258972 5.794604484692925e-15 0.02149627464269094
1146.02001953125 0.8233157396316528 0.2154422253370285 5.797105772986167e-15 0.021450366137295156
1146.0299072265625 0.48538556694984436 0.17933841049671173 5.799589273587516e-15 0.02140638323633677
1146.0399169921875 0.6386348605155945 0.19740577042102814 5.802115549352702e-15 0.021364939113129394
1146.0499267578125 0.7294769883155823 0.2048128843307495 5.804654530612097e-15 0.02132512109466501
1146.059814453125 1.072428822517395 0.2375657856464386 5.8071744536301786e-15 0.021287568603976677
1146.06982421875 0.9443017244338989 0.22617998719215393 5.809738422361517e-15 0.021252812547633643
1146.079833984375 1.0377963781356812 0.23439542949199677 5.812315096587065e-15 0.021220109085824206
1146.0897216796875 0.9158168435096741 0.22380046546459198 5.814872712571299e-15 0.02119002612482629
1146.0997314453125 1.0063539743423462 0.23171700537204742 5.817474374268791e-15 0.02116268236661605
1146.1097412109375 1.0697705745697021 0.2367844134569168 5.820088741460491e-15 0.02113848289292021
1146.11962890625 0.9726378321647644 0.2283458262681961 5.822683626894405e-15 0.021116952186394016
1146.129638671875 0.8201470971107483 0.21471205353736877 5.825323405074523e-15 0.02109853404555951
1146.1396484375 0.9432541728019714 0.22592470049858093 5.82797588874885e-15 0.02108351514165615
1146.1495361328125 1.124833106994629 0.2410462498664856 5.83060889066539e-15 0.021071653345864694
1146.1595458984375 1.3408091068267822 0.2578085958957672 5.833286785328134e-15 0.021063280687226245
1146.1695556640625 1.4927709102630615 0.26864174008369446 5.8359773854850874e-15 0.021058554390869465
1146.1795654296875 1.032137155532837 0.23221275210380554 5.838681114652723e-15 0.021057491314289342
1146.189453125 0.8808541893959045 0.2200048863887787 5.841364515029625e-15 0.02106029349301749
1146.199462890625 0.8492185473442078 0.21620257198810577 5.844093655185678e-15 0.021066980790833106
1146.20947265625 1.1228952407836914 0.24053578078746796 5.846835924352414e-15 0.021077843684299616
1146.2193603515625 0.8181167840957642 0.2139662802219391 5.849557441211942e-15 0.02109294335309189
1146.2293701171875 1.1874454021453857 0.2450893223285675 5.852325544883569e-15 0.021112142898094093
1146.2393798828125 1.0616459846496582 0.23523658514022827 5.855106354049405e-15 0.021136034205122046
1146.249267578125 0.570510745048523 0.1884423792362213 5.857866410908033e-15 0.02116452662260157
1146.25927734375 1.0272765159606934 0.23193711042404175 5.860673478095234e-15 0.021197307393337663
1146.269287109375 0.935679018497467 0.22364401817321777 5.863493250776643e-15 0.02123529189106954
1146.2791748046875 1.0587735176086426 0.2347511351108551 5.8662918476343716e-15 0.021278222546400175
1146.2891845703125 0.7234644293785095 0.20400533080101013 5.869137878337146e-15 0.02132558880752307
1146.2991943359375 0.8145044445991516 0.21279935538768768 5.871997038050603e-15 0.02137866877831466
1146.30908203125 1.085968017578125 0.2365746945142746 5.874834598423905e-15 0.021437009785820246
1146.319091796875 0.9620151519775391 0.2258024662733078 5.877719592642253e-15 0.021500709888718304
1146.3291015625 0.8421799540519714 0.2152082771062851 5.880618562904231e-15 0.021568988753613703
1146.3389892578125 1.359092354774475 0.25753945112228394 5.883494663276633e-15 0.021643626835231345
1146.3489990234375 1.2073570489883423 0.2458355724811554 5.8864198915599755e-15 0.02172389365713905
1146.3590087890625 0.8099957704544067 0.21198488771915436 5.889357825337527e-15 0.02180879340533989
1146.368896484375 0.9299181699752808 0.22272750735282898 5.89227373625845e-15 0.02190049729414039
1146.37890625 0.6572168469429016 0.1965479552745819 5.89523835157384e-15 0.021998070449493725
1146.388916015625 0.7156890034675598 0.20225359499454498 5.898216519416386e-15 0.022100278693866222
1146.39892578125 0.9285730719566345 0.2224562168121338 5.901207816269615e-15 0.022209714992677022
1146.4088134765625 0.7763683795928955 0.20835141837596893 5.9041762432332674e-15 0.022325206805076225
1146.4188232421875 1.0467052459716797 0.23196086287498474 5.9071942216243345e-15 0.02244528977022983
1146.4288330078125 1.0178974866867065 0.2279188632965088 5.910225752542558e-15 0.022572974592664115
1146.438720703125 0.8378339409828186 0.21407827734947205 5.913233990054731e-15 0.022706872454765534
1146.44873046875 0.8640605807304382 0.2158607393503189 5.916292202510793e-15 0.022845258137453407
1146.458740234375 1.1364229917526245 0.23901675641536713 5.919364391010484e-15 0.022991589256217606
1146.4686279296875 0.6840047240257263 0.19850315153598785 5.922412015554705e-15 0.023144226055130827
1146.4786376953125 1.0152314901351929 0.2292202115058899 5.925510885592235e-15 0.023301217921842032
1146.4886474609375 0.7751550078392029 0.20764954388141632 5.928623731673395e-15 0.02346645585198832
1146.49853515625 1.1630951166152954 0.2407228946685791 5.93171159028261e-15 0.02363805754565483
1146.508544921875 1.2232879400253296 0.2452714443206787 5.934851117901608e-15 0.02381382243100871
1146.5185546875 1.0741618871688843 0.23392659425735474 5.938004621564236e-15 0.02399808661579906
1146.5284423828125 0.8012410402297974 0.20980338752269745 5.941132714238446e-15 0.024188724643871968
1146.5384521484375 1.2520908117294312 0.247618168592453 5.944313322955386e-15 0.024385734821971716
1146.5484619140625 1.1017110347747803 0.2355329543352127 5.947507484199482e-15 0.024586593878167428
1146.558349609375 0.8306589722633362 0.21179725229740143 5.95067623445516e-15 0.024796250302113052
1146.568359375 0.9489197731018066 0.2227441817522049 5.953897924270042e-15 0.025012234005629682
1146.578369140625 0.9141067862510681 0.21828347444534302 5.9571335901285535e-15 0.02523178995209152
1146.5882568359375 0.675868809223175 0.19656336307525635 5.9603429979657e-15 0.025460309250475915
1146.5982666015625 0.8573067784309387 0.2142278254032135 5.963605768878524e-15 0.0256950935927558
1146.6082763671875 0.6763060688972473 0.1967959851026535 5.9668829393514505e-15 0.02593315114206775
1146.6182861328125 0.8364687561988831 0.21299606561660767 5.9701736623515335e-15 0.026180305706030388
1146.628173828125 1.114763855934143 0.24011480808258057 5.9734381273302516e-15 0.026433644995224603
1146.63818359375 0.811794638633728 0.21433916687965393 5.97675637890112e-15 0.026689895521840805
1146.648193359375 0.8799843192100525 0.2210734784603119 5.980089030032092e-15 0.026955389904386794
1146.6580810546875 1.297736644744873 0.25912538170814514 5.983394152592279e-15 0.027226909101518943
1146.6680908203125 1.3323554992675781 0.26222652196884155 5.98675475581051e-15 0.027501044325632124
1146.6781005859375 1.026334285736084 0.2389211356639862 5.9901289115558976e-15 0.027784477188443513
1146.68798828125 0.9745378494262695 0.23559391498565674 5.993475962246973e-15 0.028073844298219096
1146.697998046875 0.8129091858863831 0.22015485167503357 5.99687807007962e-15 0.028365431941731505
1146.7080078125 1.0119541883468628 0.23942875862121582 6.000295000988844e-15 0.028666394154521303
1146.7178955078125 1.1628412008285522 0.2535381317138672 6.0036835562943345e-15 0.0289731255736777
1146.7279052734375 1.11225426197052 0.25091779232025146 6.007128015774344e-15 0.02928556788061136
1146.7379150390625 1.210572600364685 0.2589758038520813 6.010586874814457e-15 0.029599776563617
1146.747802734375 1.1018904447555542 0.24647769331932068 6.014017358250837e-15 0.02992341848196228
1146.7578125 1.016637921333313 0.2399311363697052 6.017504592894683e-15 0.030252612950012674
1146.767822265625 0.9003331661224365 0.23037710785865784 6.0210058035821586e-15 0.030583194967849604
1146.7777099609375 0.940737783908844 0.23256343603134155 6.0244782151494276e-15 0.030923260087087245
1146.7877197265625 1.121255874633789 0.24976608157157898 6.02800822495711e-15 0.03126872988774729
1146.7977294921875 0.7867607474327087 0.21805930137634277 6.031552210808422e-15 0.03161519887328017
1146.8077392578125 0.7654460072517395 0.214626744389534 6.035110596219837e-15 0.03197118619438117
1146.817626953125 1.031601905822754 0.24273109436035156 6.038639758994572e-15 0.03233240701119344
1146.82763671875 1.0339586734771729 0.24325403571128845 6.0422265200097205e-15 0.032694270306888894
1146.837646484375 1.0656684637069702 0.24506086111068726 6.045828104101446e-15 0.033065681395872924
1146.8475341796875 1.1938464641571045 0.256022185087204 6.0493996185235436e-15 0.03344213090520082
1146.8575439453125 1.0259031057357788 0.24157625436782837 6.0530300017354755e-15 0.03381891138200128
1146.8675537109375 0.7900451421737671 0.21847164630889893 6.056674784507511e-15 0.03420522621072086
1146.87744140625 1.031000018119812 0.24253463745117188 6.060289074093445e-15 0.034596423142741424
1146.887451171875 1.1441588401794434 0.2530658543109894 6.063962655985687e-15 0.03498758901023339
1146.8974609375 1.1218839883804321 0.24851347506046295 6.067650637438032e-15 0.035388332489512966
1146.9073486328125 1.1545886993408203 0.25197258591651917 6.071308125704276e-15 0.03579378312200794
1146.9173583984375 0.9149242043495178 0.23043714463710785 6.0750253297933016e-15 0.03619886675763364
