wave flux_norm flux_err cont_fit cont_err
1140.086181640625 0.7876800298690796 0.229129359126091 3.779184877907883e-15 0.024316015493098114
1140.09619140625 0.681674063205719 0.2205091416835785 3.7791107625249985e-15 0.0241063478874929
1140.1060791015625 0.8599743843078613 0.23280088603496552 3.779035376592693e-15 0.023921402311609316
1140.1160888671875 0.6644110083580017 0.2159116417169571 3.778957026045072e-15 0.02376282980216464
1140.1260986328125 0.9845967888832092 0.2463878095149994 3.778876134398609e-15 0.023626471827512253
1140.135986328125 0.8534421920776367 0.23136848211288452 3.778793972202725e-15 0.023514146432199144
1140.14599609375 0.8350317478179932 0.2315703183412552 3.778708421875053e-15 0.02342643466080612
1140.156005859375 1.1907391548156738 0.26160839200019836 3.778620330448538e-15 0.023360754789050343
1140.1658935546875 1.153281331062317 0.2580733001232147 3.7785313919890765e-15 0.02331785571140067
1140.1759033203125 0.9047386646270752 0.2367270588874817 3.778439065397826e-15 0.023297320121784804
1140.1859130859375 0.7100902795791626 0.21779750287532806 3.778344621224207e-15 0.02329806223181644
1140.19580078125 0.9157152771949768 0.23798124492168427 3.778248906501167e-15 0.02331984258928447
1140.205810546875 1.2763997316360474 0.2651706039905548 3.7781498036463385e-15 0.02336134886950736
1140.2158203125 0.8582189679145813 0.23313984274864197 3.7780485832091416e-15 0.02342291006069902
1140.225830078125 1.1417298316955566 0.25327205657958984 3.7779452451895765e-15 0.02350339539279605
1140.2357177734375 1.372551679611206 0.2706283628940582 3.777841060137064e-15 0.023600733155761368
1140.2457275390625 1.4238736629486084 0.2742822766304016 3.777733063436289e-15 0.023716564914368743
1140.2557373046875 1.0845330953598022 0.24908657371997833 3.77762337266962e-15 0.02384899691448943
1140.265625 1.2781552076339722 0.262930303812027 3.7775124113535296e-15 0.023995347540096596
1140.275634765625 1.023818016052246 0.24320709705352783 3.777398485422124e-15 0.02415843316846779
1140.28564453125 0.8000006675720215 0.22460228204727173 3.7772820183918764e-15 0.02433574928693876
1140.2955322265625 0.6876158714294434 0.21528202295303345 3.777165551361629e-15 0.02452651863562187
1140.3055419921875 0.9147464036941528 0.23429763317108154 3.777044849166645e-15 0.024727411883046748
1140.3155517578125 1.1673063039779663 0.2551479935646057 3.776922452905767e-15 0.02494263472924378
1140.325439453125 1.0271625518798828 0.2439212054014206 3.776799633128415e-15 0.025169043811334155
1140.33544921875 0.6880708336830139 0.21360114216804504 3.7766730017028006e-15 0.025402985952708703
1140.345458984375 0.9122416973114014 0.2341504991054535 3.7765446762112916e-15 0.02564953213330575
1140.3553466796875 0.8576943278312683 0.23087744414806366 3.776415503686835e-15 0.025905199968403136
1140.3653564453125 1.1391050815582275 0.2526717185974121 3.7762833665470636e-15 0.026166064118151085
1140.3753662109375 1.279641032218933 0.2629231810569763 3.77614868830845e-15 0.026437942292435748
1140.38525390625 0.9965528845787048 0.2413482815027237 3.776014010069837e-15 0.026717079175803845
1140.395263671875 0.9417406916618347 0.2369706630706787 3.775875520182961e-15 0.02699938203894623
1140.4052734375 1.2221297025680542 0.25890716910362244 3.77573533623019e-15 0.027291286209922126
1140.415283203125 0.9689423441886902 0.23994985222816467 3.775593034695051e-15 0.027588827781443316
1140.4251708984375 0.9996023178100586 0.24230767786502838 3.775450733159913e-15 0.027887784672486104
1140.4351806640625 0.9422286152839661 0.2376345992088318 3.775305043492985e-15 0.028195087445332143
1140.4451904296875 1.0261993408203125 0.24319027364253998 3.775156812727215e-15 0.028506628651802562
1140.455078125 1.0596671104431152 0.24730852246284485 3.7750090054779195e-15 0.028818120485458613
1140.465087890625 0.8649693727493286 0.23172810673713684 3.774857810096835e-15 0.029136854620864638
1140.47509765625 1.1537227630615234 0.2540256679058075 3.774704073616908e-15 0.02945865802943533
1140.4849853515625 0.9562716484069824 0.2371508926153183 3.7745511841699286e-15 0.02977917655427009
1140.4949951171875 0.899228036403656 0.2346314936876297 3.774394059558213e-15 0.03010601554901445
1140.5050048828125 1.0206092596054077 0.24394504725933075 3.774235240880603e-15 0.030434909311110234
1140.514892578125 1.2444496154785156 0.26269927620887756 3.774076845719466e-15 0.03076555939377288
1140.52490234375 1.0208555459976196 0.24540680646896362 3.773914638910067e-15 0.031093613028350068
1140.534912109375 1.077531099319458 0.24778079986572266 3.773750738034773e-15 0.03142694661356403
1140.5447998046875 1.0487492084503174 0.24781030416488647 3.7735868371594795e-15 0.03176124290964358
1140.5548095703125 1.0477862358093262 0.24734683334827423 3.773419548152397e-15 0.03209219630687806
1140.5648193359375 0.8133297562599182 0.2269585281610489 3.773250141562946e-15 0.03242774765142455
1140.57470703125 1.1650954484939575 0.25588899850845337 3.773081582006442e-15 0.03276361790262078
1140.584716796875 1.3043636083602905 0.26585277915000916 3.772909210801676e-15 0.033095507787964266
1140.5947265625 1.020034909248352 0.24559812247753143 3.772735145531015e-15 0.033431439903358014
1140.604736328125 0.5860437750816345 0.20545388758182526 3.77255938619446e-15 0.03376715048163333
1140.6146240234375 0.7270864248275757 0.21811208128929138 3.7723840503743784e-15 0.034098384043071146
1140.6246337890625 0.7515808939933777 0.21969443559646606 3.772204902906034e-15 0.034433179021348154
1140.6346435546875 1.1628972291946411 0.2552347779273987 3.772024484888269e-15 0.03476729217028877
1140.64453125 0.7819415926933289 0.22320158779621124 3.7718444903869774e-15 0.03509654761728271
1140.654541015625 1.195103645324707 0.2587433159351349 3.771660684237423e-15 0.035428937738318296
1140.66455078125 1.1399263143539429 0.25525450706481934 3.771475607538448e-15 0.035760266981494364
1140.6744384765625 1.243361473083496 0.26204922795295715 3.771290954355947e-15 0.03608643801648982
1140.6844482421875 1.0076985359191895 0.24543409049510956 3.771102489525183e-15 0.036415381360503395
1140.6944580078125 0.6537812352180481 0.21396690607070923 3.770912754144998e-15 0.036742975637136036
1140.704345703125 1.0007694959640503 0.24490538239479065 3.77072386579776e-15 0.03706912348417846
1140.71435546875 1.0760786533355713 0.2517010271549225 3.77053116580226e-15 0.03738979808803671
1140.724365234375 1.0857692956924438 0.25087887048721313 3.770336771740865e-15 0.037712835467197406
1140.7342529296875 0.805545449256897 0.22740384936332703 3.770143648228891e-15 0.038034182806259066
1140.7442626953125 0.9840312004089355 0.2445192039012909 3.7699462895521806e-15 0.03834991087288169
1140.7542724609375 0.7966444492340088 0.2255859225988388 3.7697476603260494e-15 0.0386677275434961
1140.76416015625 1.2389596700668335 0.2629009485244751 3.769550301649339e-15 0.03898368649452933
1140.774169921875 0.9629923105239868 0.24323545396327972 3.769348707807893e-15 0.03929389786158728
1140.7841796875 0.9129764437675476 0.23981189727783203 3.769145843417025e-15 0.03960596447465103
1140.794189453125 0.5899003744125366 0.20919287204742432 3.7689421319932106e-15 0.03991600943858908
1140.8040771484375 1.2053475379943848 0.2629736065864563 3.7687388440858696e-15 0.040220230937416244
1140.8140869140625 0.889086127281189 0.2373417317867279 3.7685321680467395e-15 0.04052610941312475
1140.8240966796875 0.6344121694564819 0.2126093953847885 3.7683242214581886e-15 0.04082983569614717
1140.833984375 0.8846229314804077 0.23780803382396698 3.768117121902585e-15 0.04112770872970906
1140.843994140625 0.7870962619781494 0.22795909643173218 3.767906634215192e-15 0.0414270396613797
1140.85400390625 1.0728986263275146 0.2516171336174011 3.767694452461905e-15 0.041724112992091646
1140.8638916015625 0.8333348035812378 0.2320297360420227 3.767483964774512e-15 0.04201532540396211
1140.8739013671875 1.054821252822876 0.25161316990852356 3.767269241922383e-15 0.04230781583252701
1140.8839111328125 1.016918420791626 0.249459370970726 3.767053672037307e-15 0.042597980562305134
1140.893798828125 0.7426639795303345 0.2217397689819336 3.766839372701652e-15 0.04288578158185267
1140.90380859375 0.815462589263916 0.2300504595041275 3.766621261717734e-15 0.043167726070310906
1140.913818359375 1.0730475187301636 0.2514898180961609 3.766401880184395e-15 0.04345076892247561
1140.9237060546875 1.006226658821106 0.24534229934215546 3.766183769200477e-15 0.04373139037024426
1140.9337158203125 0.9518710374832153 0.2411552369594574 3.76596227008477e-15 0.044006185189034895
1140.9437255859375 1.0474586486816406 0.24982522428035736 3.765739500419642e-15 0.04428193192751054
1140.95361328125 1.0862905979156494 0.25039130449295044 3.765518424820409e-15 0.04455522046529147
1140.963623046875 1.1513832807540894 0.25686684250831604 3.765293114056439e-15 0.04482273478280148
1140.9736328125 1.2408031225204468 0.26127636432647705 3.765066956259522e-15 0.045091080974690036
1140.9835205078125 1.0423650741577148 0.24650348722934723 3.7648424925285e-15 0.045356924062821526
1140.9935302734375 1.1250829696655273 0.25144633650779724 3.764614217149215e-15 0.04561705433649858
1141.0035400390625 0.920438826084137 0.23523764312267303 3.764384671220509e-15 0.04587788798094149
1141.0135498046875 1.0020875930786133 0.24146707355976105 3.764154278258856e-15 0.04613620404353781
1141.0234375 1.0589882135391235 0.24678608775138855 3.763925579363097e-15 0.046388882381668176
1141.033447265625 0.718061089515686 0.2167358547449112 3.763693068819076e-15 0.046642154895020195
1141.04345703125 1.2449772357940674 0.2601046860218048 3.763459711242107e-15 0.04689288603390172
1141.0533447265625 1.4095780849456787 0.2706209719181061 3.763228047731033e-15 0.047138062021407266
1141.0633544921875 0.9622934460639954 0.237345352768898 3.762992572571696e-15 0.04738372332256403
1141.0733642578125 1.0437010526657104 0.24402789771556854 3.7627562503794124e-15 0.0476268398515367
1141.083251953125 1.2925620079040527 0.26302745938301086 3.762521622253023e-15 0.047864481968634215
1141.09326171875 0.9882656931877136 0.23930521309375763 3.762283182478371e-15 0.04810251613721027
1141.103271484375 0.9604856371879578 0.2373267114162445 3.7620438956707716e-15 0.04833800029145451
1141.1131591796875 0.9030870795249939 0.23150673508644104 3.76180672644554e-15 0.048570928412306154
1141.1231689453125 1.152391791343689 0.2520855665206909 3.7615657455720465e-15 0.04879849558490697
1141.1331787109375 1.1517250537872314 0.2522842288017273 3.7613239176656054e-15 0.04902634718737236
1141.14306640625 0.6806286573410034 0.21204541623592377 3.7610842073415324e-15 0.04925164233818991
1141.153076171875 0.9026172161102295 0.23172880709171295 3.760840685369197e-15 0.04947168344786609
1141.1630859375 1.2910113334655762 0.26248446106910706 3.760596316363914e-15 0.049691904120552986
1141.1729736328125 1.2627458572387695 0.2604786455631256 3.760354064940999e-15 0.04990958278623291
1141.1829833984375 0.8188440203666687 0.22481444478034973 3.760108001869822e-15 0.05012211126355964
1141.1929931640625 0.9850480556488037 0.23872235417366028 3.759861091765697e-15 0.050334741589691104
1141.2030029296875 0.8193881511688232 0.22457623481750488 3.759613758145099e-15 0.050544824847270145
1141.212890625 0.9007367491722107 0.2314172387123108 3.759368118590395e-15 0.05074987026352829
1141.222900390625 1.2341927289962769 0.258127361536026 3.7591190909039025e-15 0.05095493285813616
1141.23291015625 1.2347346544265747 0.25765231251716614 3.7588692161844624e-15 0.051157463300125654
1141.2427978515625 0.6793027520179749 0.2123914659023285 3.758621882563864e-15 0.051355060889341844
1141.2528076171875 0.7364411950111389 0.21826070547103882 3.758370737295003e-15 0.05155259904782311
1141.2628173828125 0.5963319540023804 0.20389696955680847 3.758118744993195e-15 0.051747617726643436
1141.272705078125 0.7366985082626343 0.21774064004421234 3.757869293790229e-15 0.05193780892936343
1141.28271484375 0.6543175578117371 0.20978616178035736 3.757616030939e-15 0.0521278597777381
1141.292724609375 1.293530821800232 0.2626655101776123 3.757362344571297e-15 0.05231541938167557
1141.3026123046875 1.0424079895019531 0.24305924773216248 3.7571107757859625e-15 0.05250049527430361
1141.3126220703125 0.7948481440544128 0.2236029952764511 3.756855818868839e-15 0.052680878367096964
1141.3226318359375 0.599532425403595 0.2040082961320877 3.756600014918768e-15 0.05286102755348839
1141.33251953125 0.8256145715713501 0.22593151032924652 3.756346752067539e-15 0.053038710717531766
1141.342529296875 0.9619007706642151 0.23657509684562683 3.7560896775680475e-15 0.05321181349047115
1141.3525390625 0.8530114889144897 0.22808775305747986 3.755832603068556e-15 0.05338460688004803
1141.3624267578125 0.5450109243392944 0.19902940094470978 3.755577646151432e-15 0.05355495315160152
1141.3724365234375 1.0274038314819336 0.24396997690200806 3.755318877586046e-15 0.05372082639872857
1141.3824462890625 0.6869082450866699 0.21319535374641418 3.75506010902066e-15 0.05388632733425456
1141.3924560546875 0.8584346771240234 0.22880402207374573 3.7548004934223264e-15 0.05404940473344364
1141.40234375 0.6887074708938599 0.21315604448318481 3.754543842439308e-15 0.054208114917501896
1141.412353515625 0.3911702632904053 0.18331299722194672 3.754283379808028e-15 0.05436638645538626
1141.42236328125 0.9012250304222107 0.23414506018161774 3.754022493660273e-15 0.05452225651636465
1141.4322509765625 0.8621557950973511 0.23057006299495697 3.753764148611361e-15 0.05467386280726737
1141.4422607421875 0.8840194940567017 0.23100413382053375 3.753502415430659e-15 0.054824970183721254
1141.4522705078125 0.9639629125595093 0.2380487471818924 3.753240258733484e-15 0.0549736986290269
1141.462158203125 0.6347656846046448 0.20965515077114105 3.7529806431351505e-15 0.05511827317283595
1141.47216796875 1.0562463998794556 0.24537555873394012 3.752717639405028e-15 0.05526227925168298
1141.482177734375 0.7753090262413025 0.22143669426441193 3.752454635674906e-15 0.05540393030771249
1141.4920654296875 0.5451462864875793 0.19972960650920868 3.752193749527151e-15 0.05554322600537396
1141.5020751953125 1.0166606903076172 0.2422609180212021 3.7519298987640816e-15 0.055678517937170206
1141.5120849609375 0.7466890215873718 0.21943703293800354 3.751665624484538e-15 0.05581315846263201
1141.52197265625 1.1087779998779297 0.250039666891098 3.751403891303837e-15 0.05594547138620685
1141.531982421875 0.8829280138015747 0.23181462287902832 3.75113919350782e-15 0.05607388788267721
1141.5419921875 0.9686753153800964 0.23800276219844818 3.7508736486788555e-15 0.056201589685039306
1141.5518798828125 1.2239935398101807 0.25826025009155273 3.75061149198168e-15 0.05632698606062983
1141.5618896484375 1.0272769927978516 0.24358852207660675 3.750345947152716e-15 0.056448599043577255
1141.5718994140625 0.9731818437576294 0.23934167623519897 3.750079978807278e-15 0.0565694360008658
1141.581787109375 0.9901632070541382 0.2403506338596344 3.749816975077156e-15 0.056687986693899566
1141.591796875 1.2553367614746094 0.26109230518341064 3.749550159698771e-15 0.056802860232700154
1141.601806640625 0.7173009514808655 0.21626822650432587 3.749283767836859e-15 0.05691690218070684
1141.61181640625 1.2481207847595215 0.2584426701068878 3.749016952458474e-15 0.0570286784832846
1141.6217041015625 1.0881545543670654 0.24723908305168152 3.748753101695404e-15 0.05713688872096816
1141.6317138671875 0.8669440150260925 0.23071089386940002 3.7484858628005456e-15 0.05724420364561331
1141.6417236328125 0.9095003008842468 0.2362411916255951 3.748218623905687e-15 0.05734927591139654
1141.651611328125 1.0295946598052979 0.24580185115337372 3.747954773142617e-15 0.057450887331139046
1141.66162109375 0.7855612635612488 0.22301247715950012 3.747687110731285e-15 0.05755154983614072
1141.671630859375 1.2005475759506226 0.25950103998184204 3.7474194483199524e-15 0.057649997446642134
1141.6815185546875 0.8459941148757935 0.22934521734714508 3.747155174040409e-15 0.05774624282504241
1141.6915283203125 0.9956796169281006 0.24325662851333618 3.746887088112603e-15 0.0578391523380543
1141.7015380859375 1.0426805019378662 0.245584636926651 3.746619425701271e-15 0.05793104077229888
1141.71142578125 1.0038596391677856 0.2440439760684967 3.746354727905254e-15 0.05802075063659698
1141.721435546875 0.945368230342865 0.23613648116588593 3.7460870654939214e-15 0.05810723379880229
1141.7314453125 0.8926828503608704 0.232424795627594 3.7458189795661154e-15 0.0581926280719759
1141.7413330078125 1.2387735843658447 0.2608630061149597 3.745554705286572e-15 0.058275870942941954
1141.7513427734375 1.085477590560913 0.2483842521905899 3.745286619358766e-15 0.05835599120575892
1141.7613525390625 0.8257044553756714 0.2246818095445633 3.745018956947434e-15 0.05843497541751009
1141.771240234375 1.107011079788208 0.24842791259288788 3.744754259151417e-15 0.05851182023262415
1141.78125 1.1357051134109497 0.25124749541282654 3.7444865967400844e-15 0.05858564911340186
1141.791259765625 0.5980747938156128 0.20507444441318512 3.744218934328752e-15 0.05865828098086093
1141.80126953125 1.0666247606277466 0.24529136717319489 3.743951695433893e-15 0.0587288071094218
1141.8111572265625 0.9826453328132629 0.23782189190387726 3.74368742115435e-15 0.058796406576930124
1141.8211669921875 1.1210098266601562 0.24815858900547028 3.743420182259491e-15 0.058862763821817654
1141.8311767578125 0.87093585729599 0.22900806367397308 3.7431529433646325e-15 0.05892703426750432
1141.841064453125 0.8154509663581848 0.22302033007144928 3.742889092601563e-15 0.05898848179911062
1141.85107421875 0.9258200526237488 0.23408620059490204 3.742622277223178e-15 0.05904862795176523
1141.861083984375 1.0365554094314575 0.24258628487586975 3.742355885361266e-15 0.05910671386223801
1141.8709716796875 0.9258180260658264 0.2341335266828537 3.74209245811467e-15 0.059162077480968425
1141.8809814453125 0.9258168339729309 0.23371288180351257 3.741826066252759e-15 0.05921608999729843
1141.8909912109375 0.8982494473457336 0.2316104620695114 3.741560097907321e-15 0.05926806105718084
1141.90087890625 1.2301143407821655 0.2553632855415344 3.741297517693672e-15 0.059318001146209755
1141.910888671875 0.9816423654556274 0.23698756098747253 3.741031972864708e-15 0.05936534641439744
1141.9208984375 0.9536284804344177 0.2352505624294281 3.740766851552217e-15 0.059411279137297386
1141.9307861328125 1.0357447862625122 0.2426920086145401 3.7405051183715156e-15 0.05945520008287996
1141.9407958984375 0.9799157381057739 0.23745450377464294 3.740240420575499e-15 0.059496618344625406
1141.9508056640625 0.7038223743438721 0.2141459584236145 3.739975722779482e-15 0.059536569689143004
1141.960693359375 1.1450122594833374 0.25002169609069824 3.739714836631727e-15 0.05957453478191158
1141.970703125 0.9520601630210876 0.23512007296085358 3.739451409385131e-15 0.05961010056439733
1141.980712890625 0.9798476696014404 0.2366584986448288 3.739187982138535e-15 0.05964414648893429
1141.99072265625 0.8694276213645935 0.2283247411251068 3.738924978408413e-15 0.059676231334430535
1142.0006103515625 1.3654146194458008 0.26538902521133423 3.738665362810079e-15 0.05970600649246642
1142.0106201171875 1.172616958618164 0.25232234597206116 3.738403206112904e-15 0.05973420978984676
1142.0206298828125 1.0626121759414673 0.24433058500289917 3.7381414729322025e-15 0.05976047750195856
1142.030517578125 1.145302653312683 0.24974177777767181 3.73788312788329e-15 0.059784530018091635
1142.04052734375 0.8965963125228882 0.2313447743654251 3.7376222417355356e-15 0.05980697222292785
1142.050537109375 0.7590789198875427 0.21947933733463287 3.737361779104255e-15 0.05982749169413847
1142.0604248046875 0.9246145486831665 0.2316005676984787 3.737104704604763e-15 0.05984588936575822
1142.0704345703125 1.0070140361785889 0.2398872822523117 3.73684508900643e-15 0.05986262720988617
1142.0804443359375 0.9240787029266357 0.23366199433803558 3.73658589692457e-15 0.05987746736285365
1142.09033203125 0.95181804895401 0.23509441316127777 3.736330516490973e-15 0.059890425886723636
1142.100341796875 0.5933380126953125 0.20304468274116516 3.736072594958534e-15 0.059901380056414176
1142.1103515625 0.9519349336624146 0.23523977398872375 3.7358150969425685e-15 0.05991061531959193
1142.1202392578125 0.7311943769454956 0.2161964327096939 3.735561410574866e-15 0.0599179827704595
1142.1302490234375 0.8408346176147461 0.2265060991048813 3.735304759591848e-15 0.05992344197266348
1142.1402587890625 0.8412043452262878 0.22645248472690582 3.735048955641777e-15 0.05992713595451878
1142.150146484375 0.759238600730896 0.2190442532300949 3.734796963339969e-15 0.05992898647669825
1142.16015625 0.7039130926132202 0.21398498117923737 3.734542429939319e-15 0.05992901289538116
1142.170166015625 0.7047094106674194 0.21169301867485046 3.734288320055143e-15 0.0599272334367936
1142.18017578125 0.7319074869155884 0.21634699404239655 3.734035057203914e-15 0.05992363642192969
1142.1900634765625 0.787093460559845 0.22083909809589386 3.733785606000947e-15 0.059918303805027606
1142.2000732421875 0.5389229655265808 0.19677993655204773 3.733533613699139e-15 0.059911114616082825
1142.2100830078125 0.5113212466239929 0.19455750286579132 3.733282468430278e-15 0.059902132562196564
1142.219970703125 0.6211993098258972 0.20652930438518524 3.733034711293206e-15 0.059891508259429536
1142.22998046875 0.703898012638092 0.21317149698734283 3.732784836573766e-15 0.05987897793640326
1142.239990234375 0.6220005750656128 0.2053409367799759 3.7325358088872735e-15 0.05986468660587311
1142.2498779296875 0.42864087224006653 0.1861184537410736 3.73229016933257e-15 0.05984883357022187
1142.2598876953125 0.2912667393684387 0.16944155097007751 3.7320428357119715e-15 0.05983103725417777
1142.2698974609375 0.29124003648757935 0.16895918548107147 3.731795925607847e-15 0.05981150001480873
1142.27978515625 0.31838950514793396 0.17232578992843628 3.731552827151985e-15 0.05979021821740829
1142.289794921875 0.2633640468120575 0.16547521948814392 3.731307187597281e-15 0.059767500944594106
1142.2998046875 0.5117529034614563 0.19452625513076782 3.731062818591998e-15 0.05974278049499229
1142.3096923828125 0.4016074538230896 0.181341752409935 3.730822261234978e-15 0.05971634795749512
1142.3197021484375 0.7075359225273132 0.21336205303668976 3.730579162779116e-15 0.05968856380645675
1142.3297119140625 0.40706342458724976 0.18289686739444733 3.730337334872675e-15 0.05965873719882675
1142.339599609375 0.9661657810211182 0.23582297563552856 3.7300993186144965e-15 0.05962722383432853
1142.349609375 0.6607748866081238 0.21063610911369324 3.729858761257476e-15 0.059594442688568894
1142.359619140625 0.5204132199287415 0.19725091755390167 3.729619474449877e-15 0.05955958013363274
1142.3695068359375 0.9124038219451904 0.2337368130683899 3.72938399929054e-15 0.059523057761707986
1142.3795166015625 0.8880922198295593 0.2322247177362442 3.7291464065488354e-15 0.05948534212715325
1142.3895263671875 0.9293425679206848 0.23532739281654358 3.7289100843565515e-15 0.05944551589539113
1142.3995361328125 0.8314980268478394 0.225591242313385 3.728674609197215e-15 0.05940404962619689
1142.409423828125 0.6732750535011292 0.21329891681671143 3.728442522169667e-15 0.05936148290638261
1142.41943359375 0.9865812659263611 0.24338695406913757 3.7282091645926985e-15 0.05931676446059558
1142.429443359375 0.9664661884307861 0.24164049327373505 3.727976654048677e-15 0.05927042488096108
1142.4393310546875 0.6630859971046448 0.21489444375038147 3.727747531636445e-15 0.05922306695605237
1142.4493408203125 0.9478989839553833 0.2419442981481552 3.727517138674792e-15 0.05917352891646082
1142.4593505859375 1.1264508962631226 0.25074732303619385 3.727287592746086e-15 0.059122397049596834
1142.46923828125 0.7942707538604736 0.2281753271818161 3.7270618584656426e-15 0.05907032471225055
1142.479248046875 0.7868905067443848 0.22584925591945648 3.726834430119305e-15 0.05901603358774513
1142.4892578125 0.7923312187194824 0.22831709682941437 3.726608272322388e-15 0.05896017669400993
1142.4991455078125 1.0421932935714722 0.24362774193286896 3.726385926173734e-15 0.05890275056796811
1142.5091552734375 0.8756499886512756 0.23078544437885284 3.726161462442711e-15 0.05884450049710409
1142.5191650390625 1.0045247077941895 0.2471093386411667 3.725938692777583e-15 0.058783992847021786
1142.529052734375 0.7784296870231628 0.22400468587875366 3.725719734760718e-15 0.05872194247238127
1142.5390625 1.0295085906982422 0.24588656425476074 3.7254990826779584e-15 0.05865914649178696
1142.549072265625 0.8275243639945984 0.2289389669895172 3.725279277628146e-15 0.058594062894435694
1142.5589599609375 1.0911554098129272 0.2512839138507843 3.72506370774307e-15 0.058527465868756436
1142.5689697265625 0.9359757304191589 0.23925702273845673 3.7248468673085726e-15 0.05846019933207715
1142.5789794921875 1.132747769355774 0.2544226050376892 3.724630873907023e-15 0.05839061653248258
1142.5889892578125 1.0620638132095337 0.24841918051242828 3.724416151054894e-15 0.05831954303804559
1142.598876953125 1.2264186143875122 0.2624315619468689 3.7242052398510275e-15 0.058247886229529255
1142.60888671875 0.9896335005760193 0.2414379119873047 3.723993481614214e-15 0.05817388450397063
1142.618896484375 0.9913604855537415 0.24196676909923553 3.7237825704103476e-15 0.058098412757359164
1142.6287841796875 1.0159344673156738 0.24318827688694 3.723575470854744e-15 0.05802243909664087
1142.6387939453125 0.9443250894546509 0.23925887048244476 3.723367100749719e-15 0.05794409584096394
1142.6488037109375 1.1095199584960938 0.25188907980918884 3.723160001194116e-15 0.0578643111072066
1142.65869140625 0.4991838335990906 0.1936907321214676 3.722957136803248e-15 0.05778409952925594
1142.668701171875 0.9614822268486023 0.23966172337532043 3.72275300186296e-15 0.05770148845620029
1142.6787109375 1.0303990840911865 0.24256043136119843 3.722549713955619e-15 0.05761747366072636
1142.6885986328125 0.9245206713676453 0.23506218194961548 3.722350661213014e-15 0.057532053034344936
1142.6986083984375 1.0297882556915283 0.2428579479455948 3.722150761437462e-15 0.057446314383727576
1142.7086181640625 0.8801408410072327 0.22945727407932281 3.721952132211331e-15 0.057358144828702114
1142.718505859375 0.9046919345855713 0.23082281649112701 3.721756891116989e-15 0.057268599618833606
1142.728515625 1.0425431728363037 0.24242815375328064 3.721561226506173e-15 0.05717881442596241
1142.738525390625 1.064432144165039 0.2426392138004303 3.721366832444778e-15 0.057086567938108256
1142.7484130859375 0.8968226313591003 0.23010842502117157 3.721176250031646e-15 0.05699298292366055
1142.7584228515625 0.9512315988540649 0.23505909740924835 3.720984397069093e-15 0.05689923466483184
1142.7684326171875 1.0604199171066284 0.24314860999584198 3.720794661688908e-15 0.05680300995938812
1142.7784423828125 1.3346669673919678 0.2635408341884613 3.720606196858144e-15 0.056705465755067665
1142.788330078125 0.8400105834007263 0.22594328224658966 3.7204215436756425e-15 0.05660783425367552
1142.79833984375 1.361872911453247 0.26558196544647217 3.720236043460194e-15 0.056507712629948095
1142.808349609375 0.921798825263977 0.2330484837293625 3.720051813794166e-15 0.056406309277544885
1142.8182373046875 1.1679691076278687 0.2518296539783478 3.7198718192928745e-15 0.056304882622175485
1142.8282470703125 1.0042544603347778 0.2385445237159729 3.719690977758636e-15 0.05620095310244203
1142.8382568359375 1.1148678064346313 0.24718080461025238 3.719511830290291e-15 0.056095769668492695
1142.84814453125 1.1957029104232788 0.25319522619247437 3.71933649447021e-15 0.055990642625224095
1142.858154296875 1.0583299398422241 0.2435155212879181 3.7191607351336545e-15 0.05588299092958255
1142.8681640625 1.1409103870391846 0.24966880679130554 3.71898624634652e-15 0.055774124370752014
1142.8780517578125 0.9203366637229919 0.23157308995723724 3.718815569207648e-15 0.05566403679534475
1142.8880615234375 1.1130715608596802 0.24675245583057404 3.7186448920687766e-15 0.0555541155533736
1142.8980712890625 0.9198397397994995 0.23138576745986938 3.718475485479326e-15 0.05544164806621726
1142.907958984375 0.8946372270584106 0.2295292466878891 3.7183098905381375e-15 0.05532800009694951
1142.91796875 0.5084787011146545 0.19349707663059235 3.718143872080476e-15 0.05521459104580871
1142.927978515625 0.8374830484390259 0.22486136853694916 3.717979971205182e-15 0.05509863177188264
1142.9378662109375 0.7824437618255615 0.2193814069032669 3.717819458461677e-15 0.05498151947783438
1142.9478759765625 1.0837287902832031 0.2449335902929306 3.717658522201699e-15 0.054864720858793646
1142.9578857421875 0.7550864815711975 0.2178994119167328 3.717499703524089e-15 0.05474536226209133
1142.9677734375 0.9173712730407715 0.23075072467327118 3.717344272978268e-15 0.0546248887261762
1142.977783203125 0.726626992225647 0.21442115306854248 3.7171888424324465e-15 0.05450479702957857
1142.98779296875 0.9476907253265381 0.23315495252609253 3.7170355294689934e-15 0.05438214026250675
1142.997802734375 0.8919468522071838 0.2291519045829773 3.716883910571435e-15 0.054258397636143416
1143.0076904296875 0.8661381602287292 0.22616422176361084 3.7167356798056654e-15 0.05413511524821963
1143.0177001953125 0.7270126938819885 0.2151200920343399 3.716587449039896e-15 0.05400926390383928
1143.0277099609375 1.2219691276550293 0.254742830991745 3.7164413358564945e-15 0.05388236405907109
1143.03759765625 0.47969385981559753 0.19092907011508942 3.716299034321356e-15 0.05375600212129664
1143.047607421875 0.7014781832695007 0.21183985471725464 3.7161563092697435e-15 0.053627056122226305
1143.0576171875 0.7813227772712708 0.21923001110553741 3.716016125316973e-15 0.053497106037771455
1143.0675048828125 0.8370794653892517 0.22513163089752197 3.715878905979518e-15 0.05336615327158446
1143.0775146484375 0.6453153491020203 0.20673948526382446 3.71574253367501e-15 0.05323582896113494
1143.0875244140625 0.61737459897995 0.20481659471988678 3.715607855436396e-15 0.053102932078288374
1143.097412109375 0.6718898415565491 0.20909000933170319 3.715476565329572e-15 0.05296907933715577
1143.107421875 0.5906388163566589 0.20200593769550323 3.715345698739221e-15 0.05283592359072813
1143.117431640625 0.5614991188049316 0.19859689474105835 3.7152169497312384e-15 0.052700192298516975
1143.1273193359375 0.5907651782035828 0.20188885927200317 3.7150920123715184e-15 0.052563539309504574
1143.1373291015625 0.6173532009124756 0.20369099080562592 3.7149670750117984e-15 0.052427662081609
1143.1473388671875 0.5106098651885986 0.19329676032066345 3.71484467875092e-15 0.05228921155670517
1143.1572265625 0.6776105165481567 0.2110733836889267 3.714725247105357e-15 0.052149880578847105
1143.167236328125 0.43003955483436584 0.18457749485969543 3.714606662492742e-15 0.052011393685134806
1143.17724609375 0.8227603435516357 0.2251792848110199 3.714490195462494e-15 0.05187034804524907
1143.187255859375 0.9893130660057068 0.2384832501411438 3.714375846014615e-15 0.051728451992309146
1143.1971435546875 0.7381349802017212 0.21725475788116455 3.714265308214998e-15 0.051587478431081205
1143.2071533203125 0.7424889206886292 0.21796488761901855 3.714155193931855e-15 0.051443951172590624
1143.2171630859375 0.8517195582389832 0.22681936621665955 3.71404719723108e-15 0.05129961671117487
1143.22705078125 1.02110755443573 0.24141795933246613 3.713942588662094e-15 0.05115627153439597
1143.237060546875 0.8454622626304626 0.22514474391937256 3.713838827126056e-15 0.05101038322384207
1143.2470703125 0.6541836857795715 0.20953591167926788 3.713737183172385e-15 0.05086373794428042
1143.2569580078125 0.7629073858261108 0.2191483974456787 3.713639350866977e-15 0.05071815128682199
1143.2669677734375 0.9280125498771667 0.2333947718143463 3.713541942078043e-15 0.05057003357054339
1143.2769775390625 0.7602477669715881 0.21732084453105927 3.7134470743879506e-15 0.05042120864960844
1143.286865234375 0.8716487884521484 0.22827871143817902 3.713355594829647e-15 0.05027166675076878
1143.296875 1.0033409595489502 0.23602166771888733 3.7132653858207645e-15 0.05012327848940425
1143.306884765625 0.5635325312614441 0.19969429075717926 3.71317729439425e-15 0.049972389767949245
1143.3167724609375 0.8657987713813782 0.22731813788414001 3.713092591099525e-15 0.0498208412167232
1143.3267822265625 0.810694694519043 0.22135959565639496 3.71300915835422e-15 0.04967050900688839
1143.3367919921875 1.3049067258834839 0.2606353461742401 3.712927843191284e-15 0.04951769384874624
1143.3466796875 0.42486345767974854 0.18327279388904572 3.712849916160136e-15 0.04936426644211426
1143.356689453125 0.6985860466957092 0.21220389008522034 3.71277325967841e-15 0.04921212590691591
1143.36669921875 0.8350988626480103 0.2237570583820343 3.712699144295525e-15 0.049057524321183724
1143.376708984375 0.9727011322975159 0.23442703485488892 3.712627570011482e-15 0.04890235616831083
1143.3865966796875 1.0003211498260498 0.23684002459049225 3.7125589603427545e-15 0.04874854044106722
1143.3966064453125 0.9174196720123291 0.2309798300266266 3.712492044739921e-15 0.04859229429508345
1143.4066162109375 1.0251730680465698 0.2399597018957138 3.7124272467194564e-15 0.0484355239812313
1143.41650390625 0.7238484025001526 0.21298275887966156 3.7123658368307805e-15 0.04828017619332872
1143.426513671875 0.9442867636680603 0.23294492065906525 3.712306121007999e-15 0.04812242589422533
1143.4365234375 0.6988134980201721 0.2111203521490097 3.712248946284059e-15 0.047964200759331194
1143.4464111328125 0.7245969176292419 0.212930828332901 3.712194736175435e-15 0.04780746424739111
1143.4564208984375 0.9434174299240112 0.23105132579803467 3.712142220132705e-15 0.04764835642812283
1143.4664306640625 0.6983351707458496 0.21168094873428345 3.712092668705291e-15 0.047488823871223156
1143.476318359375 0.9442089796066284 0.2326279878616333 3.712045658376718e-15 0.04732888883559346
1143.486328125 0.9141753315925598 0.23001858592033386 3.7120011891469875e-15 0.04717052060314119
1143.496337890625 0.9398584365844727 0.2318504899740219 3.711958837499625e-15 0.04700983396148659
1143.5062255859375 1.0484156608581543 0.24112583696842194 3.7119194504675775e-15 0.046848789253855765
1143.5162353515625 1.0784075260162354 0.24406416714191437 3.711882604534372e-15 0.04668938062539521
1143.5262451171875 0.9989457130432129 0.23744353652000427 3.7118478761835345e-15 0.046527683331316905
1143.5361328125 0.9711593985557556 0.23521952331066132 3.711816535964486e-15 0.04636568898154844
1143.546142578125 0.8606338500976562 0.2261851578950882 3.711787313327806e-15 0.04620538738564413
1143.55615234375 0.8612624406814575 0.2262866497039795 3.711760631789967e-15 0.046042841354355636
1143.566162109375 0.7778350114822388 0.21952307224273682 3.7117364913509705e-15 0.045880047385983946
1143.5760498046875 0.9969922304153442 0.237202987074852 3.711715315527289e-15 0.04571901146606178
1143.5860595703125 0.7526355981826782 0.21646198630332947 3.7116966808024496e-15 0.04555577562336171
1143.5960693359375 1.048721432685852 0.24119341373443604 3.711680587176452e-15 0.045392341798341174
1143.60595703125 0.804881751537323 0.21942660212516785 3.711667458165769e-15 0.045230729998875424
1143.615966796875 0.7788534760475159 0.21907323598861694 3.711656870253929e-15 0.04506696289433692
1143.6259765625 1.077818751335144 0.24370698630809784 3.711649246957403e-15 0.04490305438884534
1143.6358642578125 1.077729344367981 0.24255426228046417 3.71164416475972e-15 0.04474102185638114
1143.6458740234375 0.7234051823616028 0.21427562832832336 3.711641623660878e-15 0.04457688455583001
1143.6558837890625 1.1594829559326172 0.24881553649902344 3.711642047177352e-15 0.04441266587139915
1143.665771484375 1.1588540077209473 0.24936877191066742 3.711645435309141e-15 0.0442483758957442
1143.67578125 0.9138184189796448 0.22977766394615173 3.7116513645397715e-15 0.04408604548740098
1143.685791015625 0.8584902286529541 0.22469790279865265 3.711660258385718e-15 0.04392167784380283
1143.6956787109375 1.2674537897109985 0.2572672963142395 3.7116716933305056e-15 0.04375729970198368
1143.7056884765625 0.8032053709030151 0.2201971560716629 3.711686092890609e-15 0.043594934095915826
1143.7156982421875 1.2115600109100342 0.25322481989860535 3.711703457066028e-15 0.04343058876024982
1143.7255859375 0.8857647180557251 0.22770103812217712 3.711723362340288e-15 0.04326628882441876
1143.735595703125 1.0493645668029785 0.24025683104991913 3.7117466557463376e-15 0.04310405543288918
1143.74560546875 0.7203193306922913 0.21169880032539368 3.711772490251229e-15 0.042939905296417884
1143.7554931640625 0.9125766158103943 0.22876378893852234 3.7118012893714355e-15 0.04277585133029675
1143.7655029296875 1.102496862411499 0.24529193341732025 3.7118330531069575e-15 0.04261392158233489
1143.7755126953125 0.8045401573181152 0.22007232904434204 3.711867781457795e-15 0.04245012959567761
1143.7855224609375 0.7754258513450623 0.2174467146396637 3.711905474423948e-15 0.042286498868162235
1143.79541015625 1.1568679809570312 0.24788369238376617 3.711946132005416e-15 0.04212503682799897
1143.805419921875 0.9692012071609497 0.233504518866539 3.7119897542021996e-15 0.041961780939429885
1143.8154296875 0.8262422680854797 0.22178718447685242 3.7120363410142986e-15 0.04179874308076155
1143.8253173828125 0.7733484506607056 0.2170695960521698 3.712085468925239e-15 0.041637921783911375
1143.8353271484375 0.8031805753707886 0.21991656720638275 3.712138408484443e-15 0.041475377265814566
1143.8453369140625 0.6915277242660522 0.21050110459327698 3.7121943126589615e-15 0.041313097104413624
1143.855224609375 1.0203572511672974 0.23801401257514954 3.7122523344158484e-15 0.0411530922936765
1143.865234375 0.4472335875034332 0.18589510023593903 3.7123145913374716e-15 0.04099141849968556
1143.875244140625 0.502464234828949 0.1910024881362915 3.7123793893579365e-15 0.04083008207297118
1143.8851318359375 0.7156490087509155 0.2109561264514923 3.712446728477243e-15 0.04066909643992369
1143.8951416015625 0.7476139068603516 0.21467918157577515 3.712518302761286e-15 0.040510435821276586
1143.9051513671875 0.529803454875946 0.19324064254760742 3.712592841660645e-15 0.0403502043998409
1143.9150390625 0.47449830174446106 0.18635033071041107 3.712669498142371e-15 0.04019038285748478
1143.925048828125 0.39374950528144836 0.17859701812267303 3.71274996627236e-15 0.040032931146717264
1143.93505859375 0.20303542912006378 0.15429557859897614 3.7128338225341385e-15 0.03987397562965282
1143.9449462890625 0.25681671500205994 0.16236187517642975 3.7129202198947584e-15 0.039715491413328884
1143.9549560546875 0.3116869032382965 0.16834527254104614 3.713010428903641e-15 0.03955941582541051
1143.9649658203125 0.2572052478790283 0.16219055652618408 3.7131040260443126e-15 0.03940190543477279
1143.9749755859375 0.2298198640346527 0.15833599865436554 3.7132005878002996e-15 0.03924492392777225
1143.98486328125 0.22972100973129272 0.15873843431472778 3.713299690655128e-15 0.03909038209074959
1143.994873046875 0.3385927677154541 0.17157457768917084 3.713403028674693e-15 0.0389344936233806
1144.0048828125 0.1489429622888565 0.1459726095199585 3.713509331309574e-15 0.03877917556377818
1144.0147705078125 0.31737008690834045 0.16995872557163239 3.713618175043296e-15 0.038626337550131826
1144.0247802734375 0.3814103901386261 0.1795356571674347 3.7137312539417544e-15 0.03847222173463705
1144.0347900390625 0.4366404414176941 0.18506066501140594 3.713847720972002e-15 0.038318734528349815
1144.044677734375 0.46157824993133545 0.1870519071817398 3.713965882068144e-15 0.03816775655968212
1144.0546875 0.4809647798538208 0.1923026740550995 3.714089125361969e-15 0.03801557315031006
1144.064697265625 0.30550649762153625 0.1705213338136673 3.714215756787584e-15 0.037864075055190925
1144.0745849609375 0.5652819275856018 0.20481856167316437 3.714344082279093e-15 0.037713276680477
1144.0845947265625 0.5615881085395813 0.20127706229686737 3.7144774899682854e-15 0.03756502067213076
1144.0946044921875 0.757549524307251 0.22483497858047485 3.714614285789267e-15 0.037415662438085605
1144.1044921875 0.6644690036773682 0.21578079462051392 3.714752775676143e-15 0.037267055613268076
1144.114501953125 1.0896638631820679 0.25429674983024597 3.714896347760703e-15 0.037121009050982486
1144.12451171875 0.7612078189849854 0.22254545986652374 3.715043307977051e-15 0.03697393825916168
1144.1343994140625 0.7870036959648132 0.2253226637840271 3.7151919622592944e-15 0.03682766605542888
1144.1444091796875 0.8638342618942261 0.23172536492347717 3.715346122255695e-15 0.03668397270382869
1144.1544189453125 1.0626229047775269 0.25220128893852234 3.7155032468674104e-15 0.03653933503879295
1144.1644287109375 0.8022139072418213 0.22885914146900177 3.715664606643862e-15 0.036395531323253516
1144.17431640625 0.8272794485092163 0.23204118013381958 3.7158268134532615e-15 0.03625432770795452
1144.184326171875 0.7866047024726868 0.22673939168453217 3.7159949494932915e-15 0.03611224488910383
1144.1943359375 1.0580981969833374 0.25463390350341797 3.7161664736651105e-15 0.035971049873314793
1144.2042236328125 1.4181487560272217 0.28245827555656433 3.716339691902824e-15 0.035832457517352506
1144.2142333984375 0.9753392934799194 0.2446081042289734 3.716518415854695e-15 0.0356930617080745
1144.2242431640625 1.0191067457199097 0.2522852122783661 3.716700951454828e-15 0.03555459052425063
1144.234130859375 1.364155650138855 0.2773140072822571 3.7168843340879085e-15 0.035418731322840895
1144.244140625 1.125185251235962 0.25717297196388245 3.7170740694680935e-15 0.03528213821465548
1144.254150390625 1.0527414083480835 0.25552770495414734 3.7172671929800675e-15 0.03514650560753047
1144.2640380859375 0.7477070689201355 0.22412829101085663 3.717461587041462e-15 0.03501184665071195
1144.2740478515625 1.0754420757293701 0.25595343112945557 3.717662333849962e-15 0.03487979333049798
1144.2840576171875 0.9101568460464478 0.2410404235124588 3.71786646879025e-15 0.03474710102040497
1144.2939453125 1.0964716672897339 0.2573432922363281 3.718071874279959e-15 0.03461541138713347
1144.303955078125 0.7420350313186646 0.2267901748418808 3.718283632516773e-15 0.034486324457060194
1144.31396484375 0.8815658688545227 0.2385524958372116 3.718498778885375e-15 0.034356660981122576
1144.3238525390625 1.3803107738494873 0.2771303951740265 3.718715195803399e-15 0.03422802699220246
1144.3338623046875 1.0321050882339478 0.2515622675418854 3.718938388985e-15 0.03410198553863643
1144.3438720703125 1.110813856124878 0.2535957992076874 3.719164970298391e-15 0.03397542695521764
1144.3538818359375 0.7887570858001709 0.23005597293376923 3.719395363260044e-15 0.03384992654695905
1144.36376953125 0.7186596989631653 0.22057457268238068 3.719626603254644e-15 0.03372699498312652
1144.373779296875 1.069667935371399 0.250890851020813 3.719864619512823e-15 0.033603612370327114
1144.3837890625 1.0235910415649414 0.24849571287631989 3.720106447419264e-15 0.03348130181495601
1144.3936767578125 0.8410424590110779 0.232236847281456 3.720349122358652e-15 0.03336153693750689
1144.4036865234375 0.9623475670814514 0.2431659698486328 3.720598573561619e-15 0.03324137725806082
1144.4136962890625 1.3078060150146484 0.2675303518772125 3.720852259929321e-15 0.03312229899177107
1144.423583984375 0.8366323113441467 0.22851766645908356 3.7211063698134976e-15 0.03300574524912495
1144.43359375 0.98018878698349 0.24125321209430695 3.721367255961252e-15 0.032888841150872615
1144.443603515625 0.7371640801429749 0.22361595928668976 3.7216323772737425e-15 0.03277303227973045
1144.4534912109375 0.8105171322822571 0.2290482521057129 3.72189834561918e-15 0.0326583186548182
1144.4635009765625 0.9164702296257019 0.2395809143781662 3.722171090228196e-15 0.03254608570929461
1144.4735107421875 1.1159963607788086 0.25328347086906433 3.7224480700019484e-15 0.03243355831590222
1144.4833984375 1.3044317960739136 0.26858046650886536 3.722725473292174e-15 0.03232213259457174
1144.493408203125 0.8385027647018433 0.22738556563854218 3.723010499878925e-15 0.032213144033459866
1144.50341796875 0.7540528178215027 0.2181272804737091 3.723299338113939e-15 0.03210389754377929
1144.5133056640625 1.0817791223526 0.24527870118618011 3.723588599865426e-15 0.031995748200184505
1144.5233154296875 0.9721220135688782 0.23422743380069733 3.723885484913439e-15 0.03188999274639852
1144.5333251953125 1.0510190725326538 0.24011902511119843 3.724186605126188e-15 0.03178401046648769
1144.543212890625 0.9851350784301758 0.23330794274806976 3.724487725338937e-15 0.031679117332399254
1144.55322265625 0.8217121958732605 0.22059890627861023 3.7247968923646846e-15 0.031576561893729045
1144.563232421875 0.7677286267280579 0.21509739756584167 3.725109871038695e-15 0.031473812031629224
1144.5732421875 1.0917223691940308 0.24184802174568176 3.7254275083939154e-15 0.03137213442293984
1144.5831298828125 0.98329097032547 0.2329576462507248 3.725744722232662e-15 0.03127273963365617
1144.5931396484375 1.0384997129440308 0.23678478598594666 3.7260704064008814e-15 0.031173168607969547
1144.6031494140625 1.3068318367004395 0.2579877972602844 3.726399902217363e-15 0.03107465164612161
1144.613037109375 0.9033463597297668 0.22643035650253296 3.726729821550319e-15 0.03097835534129322
1144.623046875 0.7673084735870361 0.2152291238307953 3.727067787696273e-15 0.030881898496484976
1144.633056640625 0.7144147157669067 0.21017557382583618 3.727409989006964e-15 0.030786467701382023
1144.6429443359375 1.0913300514221191 0.24211369454860687 3.727752190317655e-15 0.03069319317020835
1144.6529541015625 0.6325294375419617 0.20205745100975037 3.728102861957818e-15 0.030599762537875063
1144.6629638671875 0.9023910760879517 0.22613832354545593 3.728457345246244e-15 0.030507323525747178
1144.6728515625 0.7949880361557007 0.2173433005809784 3.7288122520511436e-15 0.030415868914901948
1144.682861328125 1.0646792650222778 0.2396002858877182 3.729175629185516e-15 0.030326477706916488
1144.69287109375 0.7956228256225586 0.2161797136068344 3.729543241484624e-15 0.030236929653175388
1144.7027587890625 0.7391185760498047 0.21190980076789856 3.729910430267259e-15 0.030148321536341692
1144.7127685546875 0.7925606369972229 0.21795432269573212 3.73028651289584e-15 0.030061707682464536
1144.7227783203125 0.714381992816925 0.2098315805196762 3.7306672542056305e-15 0.029974929676614824
1144.732666015625 0.7954087257385254 0.2161799967288971 3.731047148482474e-15 0.029889046179046502
1144.74267578125 0.6327112913131714 0.20316249132156372 3.7314363601217374e-15 0.029805077308637472
1144.752685546875 0.7383955121040344 0.21049951016902924 3.731829806925737e-15 0.029720929903582497
1144.7626953125 0.4167047142982483 0.17986765503883362 3.7322279124109466e-15 0.02963762947029978
1144.7725830078125 0.47080516815185547 0.18622829020023346 3.732625170863209e-15 0.029556158926010503
1144.7825927734375 0.4166475832462311 0.18025220930576324 3.733031746677891e-15 0.029474490719668275
1144.7926025390625 0.28179988265037537 0.16391561925411224 3.733442981173783e-15 0.02939361639411987
1144.802490234375 0.2563942074775696 0.15978683531284332 3.7338533686367276e-15 0.029314487612154775
1144.8125 0.2814190983772278 0.16278129816055298 3.734273496978566e-15 0.029235137410599507
1144.822509765625 0.3077372610569 0.1665131151676178 3.73469786048514e-15 0.029156519879002737
1144.8323974609375 0.1487298458814621 0.14480195939540863 3.735121800475241e-15 0.029079565252585326
1144.8424072265625 0.2832564115524292 0.16277138888835907 3.7355550578277615e-15 0.029002350056777
1144.8524169921875 0.25458934903144836 0.16008493304252625 3.735992973861492e-15 0.02892581204643591
1144.8623046875 0.22921967506408691 0.1558210849761963 3.736430042862275e-15 0.028849925428966076
1144.872314453125 0.41575387120246887 0.17977851629257202 3.7368772762584254e-15 0.028775582698221558
1144.88232421875 0.28130748867988586 0.16276603937149048 3.737328744819312e-15 0.028700927344821277
1144.8922119140625 0.1478884369134903 0.1448259949684143 3.737778942830778e-15 0.02862686305566626
1144.9022216796875 0.25542905926704407 0.15993914008140564 3.738239728754084e-15 0.02855425266113531
1144.9122314453125 0.6322923898696899 0.20059077441692352 3.7387051733586e-15 0.028481287031815055
1144.922119140625 0.5496978759765625 0.1930789202451706 3.739168923897222e-15 0.02840883722103878
1144.93212890625 0.6044660806655884 0.19901157915592194 3.739643685864158e-15 0.02833775922071228
1144.942138671875 0.5779325366020203 0.1959928274154663 3.74012268299583e-15 0.028266272476747855
1144.9521484375 0.6042364835739136 0.19889415800571442 3.7406063388087125e-15 0.028195232600717653
1144.9620361328125 0.5249027013778687 0.19150759279727936 3.741088724072174e-15 0.028125476724950103
1144.9720458984375 0.9254736304283142 0.22834347188472748 3.7415821207639494e-15 0.028055258903589928
1144.9820556640625 0.684212327003479 0.20734983682632446 3.742079752620461e-15 0.027985413378575137
1144.991943359375 0.764327347278595 0.21320953965187073 3.742576113927552e-15 0.027916767102834538
1145.001953125 0.7902476191520691 0.21650005877017975 3.743083486662958e-15 0.027847598255148227
1145.011962890625 1.0883218050003052 0.24044515192508698 3.743595094563099e-15 0.027778733937057702
1145.0218505859375 1.0859689712524414 0.24069149792194366 3.744105855430294e-15 0.027710978420894587
1145.0318603515625 0.980387806892395 0.23172219097614288 3.744627204209329e-15 0.027642644317617066
1145.0418701171875 1.0033438205718994 0.23415470123291016 3.7451532116695736e-15 0.027574537416661715
1145.0517578125 0.8689532279968262 0.2232181429862976 3.7456779485803976e-15 0.02750663498995994
1145.061767578125 0.8963237404823303 0.22552946209907532 3.746213696919536e-15 0.027439741484288953
1145.07177734375 1.273810625076294 0.2536376714706421 3.746754527456358e-15 0.02737217622954746
1145.0816650390625 0.9762051701545715 0.23172515630722046 3.7472932404108115e-15 0.027304744385189657
1145.0916748046875 1.0297627449035645 0.23612642288208008 3.747843388310053e-15 0.02723823982400476
1145.1016845703125 0.8159175515174866 0.21738438308238983 3.7483986184069784e-15 0.02717100312403505
1145.111572265625 0.9748461246490479 0.23170214891433716 3.748952154438009e-15 0.027103824645498754
1145.12158203125 1.1103898286819458 0.24172265827655792 3.749516701897354e-15 0.02703750492324324
1145.131591796875 0.8708295822143555 0.22286781668663025 3.750086755070856e-15 0.02697038474815825
1145.1414794921875 1.006003737449646 0.23349426686763763 3.75065469066199e-15 0.026903251528355886
1145.1514892578125 0.8978095650672913 0.22454945743083954 3.751234061197912e-15 0.026836913128204506
1145.1614990234375 0.9788762331008911 0.23034462332725525 3.751818937447991e-15 0.026769700819587235
1145.1715087890625 1.0533665418624878 0.23675969243049622 3.75240847237928e-15 0.02670241595152987
1145.181396484375 1.0008074045181274 0.23315827548503876 3.752995889728201e-15 0.02663585820416297
1145.19140625 1.3488377332687378 0.25834137201309204 3.753595589054857e-15 0.026568364889070377
1145.201416015625 1.2928582429885864 0.25497549772262573 3.754200370579197e-15 0.026500735760627947
1145.2113037109375 1.1328896284103394 0.24355588853359222 3.7548026110046945e-15 0.02643377915655233
1145.2213134765625 1.05577552318573 0.23670782148838043 3.7554171334079275e-15 0.02636581827337313
1145.2313232421875 1.1334967613220215 0.2434379905462265 3.756036738008844e-15 0.026297666209109626
1145.2412109375 1.1580703258514404 0.24440118670463562 3.7566542250273924e-15 0.02622929738970779
1145.251220703125 0.7881804704666138 0.2155090868473053 3.757283994023676e-15 0.026161537074416645
1145.26123046875 1.2913426160812378 0.25452563166618347 3.757918845217643e-15 0.026092694208659818
1145.2711181640625 0.9478179812431335 0.227505624294281 3.7585511553127685e-15 0.026023587781313175
1145.2811279296875 1.235738754272461 0.25009939074516296 3.7591961709021026e-15 0.025955046023303806
1145.2911376953125 1.0238956212997437 0.23438701033592224 3.759846692205594e-15 0.025885368015962733
1145.301025390625 0.9994792342185974 0.2330102026462555 3.76049424889377e-15 0.025815378871039272
1145.31103515625 0.7038977742195129 0.20774470269680023 3.761154934592628e-15 0.025745923534175628
1145.321044921875 1.0506765842437744 0.23643174767494202 3.76182070248917e-15 0.0256752782467919
1145.3309326171875 1.18346107006073 0.246216282248497 3.7624835057703965e-15 0.025604282895791836
1145.3409423828125 1.0280736684799194 0.2342091202735901 3.763159861578779e-15 0.025533802259274496
1145.3509521484375 1.0239781141281128 0.23381873965263367 3.763841299584845e-15 0.02546208079295792
1145.3609619140625 1.0510497093200684 0.23638741672039032 3.764527819788595e-15 0.02538998487257165
1145.370849609375 1.1003504991531372 0.2400301843881607 3.765211375377029e-15 0.02531838500300437
1145.380859375 0.9414446949958801 0.22794966399669647 3.765908907009093e-15 0.02524550587624562
1145.390869140625 1.0501669645309448 0.23620663583278656 3.766611097322367e-15 0.02517222631059488
1145.4007568359375 0.8130849003791809 0.21537768840789795 3.767310323020325e-15 0.025099443824480438
1145.4107666015625 1.129146933555603 0.2416306883096695 3.768023524761913e-15 0.0250253555370836
1145.4207763671875 1.1818039417266846 0.24551920592784882 3.7687422322176586e-15 0.024950848683135622
1145.4306640625 1.101245403289795 0.24026452004909515 3.769457128025141e-15 0.024876843158485748
1145.440673828125 1.0198627710342407 0.233761727809906 3.7701859998762535e-15 0.024801513382886112
1145.45068359375 0.886548638343811 0.22185997664928436 3.770920800957997e-15 0.02472576409096218
1145.4605712890625 1.2878609895706177 0.25314369797706604 3.7716513668750035e-15 0.02464959865334012
1145.4705810546875 1.0488437414169312 0.23598237335681915 3.772396755868587e-15 0.024573963019140378
1145.4805908203125 1.0212346315383911 0.2335173487663269 3.773147650576328e-15 0.02449698765085893
1145.490478515625 0.9407846331596375 0.22732819616794586 3.773894310119333e-15 0.024419608864491692
1145.50048828125 0.9938170909881592 0.23096507787704468 3.7746557927389145e-15 0.02434278820243366
1145.510498046875 1.1778922080993652 0.24425308406352997 3.775423204589127e-15 0.024264635594081384
1145.5203857421875 1.3107794523239136 0.2539246678352356 3.776185957758129e-15 0.024186110224242448
1145.5303955078125 1.2829210758209229 0.25223255157470703 3.7769639575201824e-15 0.024108186314380192
1145.5404052734375 0.9114958047866821 0.22397497296333313 3.777747462996393e-15 0.0240289463928214
1145.5504150390625 0.9397426843643188 0.22668413817882538 3.77853647418676e-15 0.02394937783557363
1145.560302734375 1.0694061517715454 0.2366955280303955 3.779321250212391e-15 0.0238704601672226
1145.5703125 1.1217271089553833 0.24086135625839233 3.780121272831073e-15 0.02379027294659
1145.580322265625 0.834955632686615 0.21801820397377014 3.780926801163912e-15 0.02370980496827246
1145.5902099609375 0.9117839336395264 0.22472922503948212 3.781728517848488e-15 0.023630064888264662
1145.6002197265625 0.9639393091201782 0.22788012027740479 3.782545057609641e-15 0.02354910496962586
1145.6102294921875 1.1768805980682373 0.24433143436908722 3.783367526601425e-15 0.02346793414190312
1145.6201171875 0.8300085067749023 0.21720333397388458 3.784185336911999e-15 0.023387573890854326
1145.630126953125 1.0155692100524902 0.23179610073566437 3.785018817332097e-15 0.023306068962701466
1145.64013671875 0.8834630846977234 0.22161349654197693 3.785858226982826e-15 0.023224440674563737
1145.6500244140625 1.173385739326477 0.24449101090431213 3.786692977952345e-15 0.02314272707421587
1145.6600341796875 0.908621072769165 0.22358278930187225 3.787543399031389e-15 0.02306195338017889
1145.6700439453125 0.5382208228111267 0.18952475488185883 3.788399749341063e-15 0.02298016776505899
1145.679931640625 0.9873843193054199 0.230171337723732 3.789251017453053e-15 0.022898405766105457
1145.68994140625 0.8031005263328552 0.21528492867946625 3.790118802707515e-15 0.022817704056922065
1145.699951171875 0.9353166222572327 0.22581246495246887 3.7909920936761345e-15 0.02273611503710214
1145.7098388671875 0.8837043642997742 0.22057785093784332 3.791860725963544e-15 0.022654679703869095
1145.7198486328125 0.7779766917228699 0.21220022439956665 3.792745451876951e-15 0.02257444060441419
1145.7298583984375 0.8824864029884338 0.22078652679920197 3.793636107020989e-15 0.022493465391995756
1145.7398681640625 1.0401479005813599 0.2335405945777893 3.7945326913956575e-15 0.022412794812621765
1145.749755859375 1.1701158285140991 0.24368110299110413 3.795423770056169e-15 0.022333468288224714
1145.759765625 1.1705228090286255 0.24359102547168732 3.796331789375626e-15 0.02225358087151537
1145.769775390625 1.036059021949768 0.23352676630020142 3.797245737925713e-15 0.02217417861660064
1145.7796630859375 0.562713086605072 0.19126759469509125 3.798154180761643e-15 0.02209627761926611
1145.7896728515625 0.7245074510574341 0.20722170174121857 3.799079987772992e-15 0.022018027307742494
1145.7996826171875 0.9569756388664246 0.22671084105968475 3.800011300498498e-15 0.02194045747796983
1145.8095703125 1.1406707763671875 0.24126356840133667 3.800937531026321e-15 0.021864571940284593
1145.819580078125 1.273516058921814 0.2506176829338074 3.8018807022130886e-15 0.02178856550576347
1145.82958984375 1.0375866889953613 0.23263967037200928 3.802829802630487e-15 0.021713461127164525
1145.8394775390625 0.7228876352310181 0.20607297122478485 3.803773397333728e-15 0.021639336291692467
1145.8494873046875 0.9828597903251648 0.22788146138191223 3.804734356212388e-15 0.021567160148429545
1145.8594970703125 1.3238754272460938 0.25332358479499817 3.805701244321679e-15 0.02149522837339031
1145.869384765625 0.9053983092308044 0.22267624735832214 3.806662626716813e-15 0.021424532744249374
1145.87939453125 1.138612985610962 0.23986217379570007 3.807641373287365e-15 0.021355990068011952
1145.889404296875 1.163272500038147 0.24149470031261444 3.808626472605022e-15 0.021288010018262752
1145.8992919921875 0.9270111918449402 0.22324317693710327 3.809605642692048e-15 0.02122153261465054
1145.9093017578125 0.9015388488769531 0.221199631690979 3.810602600470966e-15 0.021157440859876087
1145.9193115234375 0.7203503251075745 0.20577453076839447 3.811605487480515e-15 0.02109424939665213
1145.92919921875 1.3474165201187134 0.2540304362773895 3.8126024452594335e-15 0.021032861994807996
1145.939208984375 0.9517428278923035 0.2251046597957611 3.813617614246718e-15 0.02097409456599369
1145.94921875 1.031485676765442 0.23126138746738434 3.814638712464633e-15 0.020916602256968262
1145.959228515625 1.0564693212509155 0.23345954716205597 3.815666163429652e-15 0.020861230096302846
1145.9691162109375 0.929084300994873 0.22307159006595612 3.816687261647567e-15 0.020808723612726808
1145.9791259765625 1.2130694389343262 0.24464645981788635 3.817726994590322e-15 0.020757895063423494
1145.9891357421875 0.8713761568069458 0.21900884807109833 3.8187726567637074e-15 0.02070952843266083
1145.9990234375 1.0551245212554932 0.2336440086364746 3.8198119661899885e-15 0.02066427106635744
1146.009033203125 0.7184044122695923 0.2045627236366272 3.820869910341109e-15 0.020621130688279806
1146.01904296875 1.0787954330444336 0.2351561337709427 3.821934207239334e-15 0.020580792085449533
1146.0289306640625 1.213213562965393 0.24495290219783783 3.822991727873981e-15 0.02054382223123443
1146.0389404296875 0.7927809953689575 0.21089404821395874 3.824068306749941e-15 0.020509420172290436
1146.0489501953125 0.949857771396637 0.2249755859375 3.8251516618894796e-15 0.020478187898466154
1146.058837890625 1.186752438545227 0.2424268275499344 3.8262273937324925e-15 0.02045024363090326
1146.06884765625 0.948330819606781 0.22485309839248657 3.827323030849766e-15 0.020425991868175015
1146.078857421875 1.0275006294250488 0.23135405778884888 3.82842459719767e-15 0.020404949457555336
1146.0887451171875 0.8198965787887573 0.2137487232685089 3.829519387281996e-15 0.020387566719327444
1146.0987548828125 0.8968028426170349 0.2208530753850937 3.8306336591241094e-15 0.020374103162494668
1146.1087646484375 0.8978859782218933 0.21910463273525238 3.831754283713327e-15 0.020364350456001202
1146.11865234375 0.792438805103302 0.21171197295188904 3.832867708522493e-15 0.020358616712495503
1146.128662109375 0.948895275592804 0.22483839094638824 3.834001038605919e-15 0.02035701775858824
1146.138671875 1.0249056816101074 0.23075006902217865 3.8351407214364495e-15 0.020359629281448445
1146.148681640625 1.1020311117172241 0.2359958291053772 3.836286757014085e-15 0.020366613954488008
1146.1585693359375 1.1521003246307373 0.2398804873228073 3.837425169295194e-15 0.020377919352570377
1146.1685791015625 1.0490100383758545 0.2317974716424942 3.838584333883512e-15 0.020393937545078806
1146.1785888671875 1.049601674079895 0.23234052956104279 3.83974942770246e-15 0.02041466326329582
1146.1884765625 0.9757248759269714 0.22565719485282898 3.840906898224883e-15 0.02043986573934594
1146.198486328125 0.8959217667579651 0.21933262050151825 3.842085121054514e-15 0.020470267435175278
1146.20849609375 0.97162926197052 0.2256208062171936 3.843269696631249e-15 0.020505692892883426
1146.2183837890625 0.970919668674469 0.2257659137248993 3.844446648911459e-15 0.02054570606131244
1146.2283935546875 0.7122135162353516 0.20354947447776794 3.845643929982403e-15 0.02059139594407992
1146.2384033203125 1.0756179094314575 0.2331097275018692 3.8468484108333985e-15 0.020642381385071698
1146.248291015625 1.122071385383606 0.23643983900547028 3.8480444213549216e-15 0.02069875107029752
1146.25830078125 0.9457277655601501 0.22402483224868774 3.849261607700126e-15 0.020759800695618398
1146.268310546875 1.099444031715393 0.23410341143608093 3.850485146792435e-15 0.020827107928467693
1146.2781982421875 1.1770775318145752 0.24090144038200378 3.851700639071745e-15 0.02090002326439485
1146.2882080078125 0.8924775123596191 0.21875347197055817 3.852937307174736e-15 0.02097762473818949
1146.2982177734375 0.9412028789520264 0.22278840839862823 3.854180751541305e-15 0.021061884639618365
1146.30810546875 0.7865135073661804 0.2103194147348404 3.855415725578402e-15 0.021151943002673947
1146.318115234375 0.8138045072555542 0.2123451828956604 3.856672298955654e-15 0.021246629144227754
1146.328125 0.8394631743431091 0.2149267941713333 3.857936072112957e-15 0.0213483447567814
1146.338134765625 1.0736664533615112 0.2327098399400711 3.8592057745008915e-15 0.02145598066888438
1146.3480224609375 0.9923676252365112 0.2264437973499298 3.860467006559353e-15 0.02156815197893486
1146.3580322265625 0.94100421667099 0.221761554479599 3.861750261474443e-15 0.02168767031633171
1146.3680419921875 1.0203696489334106 0.2272704839706421 3.863040292653112e-15 0.021813191602910256
1146.3779296875 0.9145686030387878 0.22008930146694183 3.864321429985834e-15 0.021943108295963413
1146.387939453125 1.0712871551513672 0.23219792544841766 3.865625013691658e-15 0.02208062684752642
1146.39794921875 0.9887667298316956 0.22573630511760712 3.8669353736610606e-15 0.02222419627811884
1146.4078369140625 0.8361194133758545 0.2134542316198349 3.8682359927515696e-15 0.022371958662543143
1146.4178466796875 1.0181856155395508 0.22767893970012665 3.869559905248128e-15 0.022527550919957163
1146.4278564453125 0.9901403784751892 0.22551099956035614 3.870890170491791e-15 0.02268918365647765
1146.437744140625 0.8352259397506714 0.21375732123851776 3.872211541889508e-15 0.022856854502534597
1146.44775390625 0.8605053424835205 0.2157154083251953 3.8735553596603266e-15 0.02302836612354081
1146.457763671875 1.066029667854309 0.23186202347278595 3.874906377211197e-15 0.023207963254457502
1146.4676513671875 0.6803501844406128 0.197397843003273 3.876247653883174e-15 0.02339350870405208
1146.4776611328125 0.9617211222648621 0.22353489696979523 3.877612223961201e-15 0.02358263017602729
1146.4876708984375 0.9080827832221985 0.21669825911521912 3.878983993819279e-15 0.02377993430297954
1146.49755859375 0.730202853679657 0.2026679813861847 3.880345599281991e-15 0.023983110028546997
1146.507568359375 0.9326301217079163 0.22126980125904083 3.8817304981507515e-15 0.02418952376005887
1146.517578125 0.9346013069152832 0.2206846922636032 3.8831230203160375e-15 0.024404230226866108
1146.5274658203125 1.2683422565460205 0.24593037366867065 3.884504954569483e-15 0.024624667691823525
1146.5374755859375 1.0876675844192505 0.232986181974411 3.885911029261925e-15 0.024847993710564332
1146.5474853515625 1.1124809980392456 0.2341523915529251 3.887323880217945e-15 0.025079673839898696
1146.5574951171875 0.9066838622093201 0.21834136545658112 3.888743930954017e-15 0.025316924388261462
1146.5673828125 0.8324047923088074 0.21172279119491577 3.890153393778248e-15 0.025556706301197173
1146.577392578125 0.9820311665534973 0.22453127801418304 3.89158742055795e-15 0.025804866149707388
1146.58740234375 1.0593411922454834 0.23006080090999603 3.893028647117703e-15 0.02605842573043301
1146.5972900390625 0.9058659672737122 0.21777738630771637 3.894458862249142e-15 0.026314138386705824
1146.6072998046875 0.8543100357055664 0.21397888660430908 3.895914064852525e-15 0.02657823957416682
1146.6173095703125 0.9809693694114685 0.22376371920108795 3.897376043719486e-15 0.026847544060937412
1146.627197265625 0.9031471014022827 0.21681587398052216 3.898827434674606e-15 0.027122007911545502
1146.63720703125 0.747779369354248 0.20445652306079865 3.9003033895851965e-15 0.027398079041468418
1146.647216796875 0.9051279425621033 0.217384472489357 3.9017869677923124e-15 0.0276825597088814
1146.6571044921875 0.7485443353652954 0.20401552319526672 3.90325911105464e-15 0.027971956384709545
1146.6671142578125 0.8273663520812988 0.2111058086156845 3.904756665305386e-15 0.028262613717442788
1146.6771240234375 1.1032228469848633 0.23274904489517212 3.906261419336183e-15 0.028561616285512712
1146.68701171875 1.2054487466812134 0.23979175090789795 3.907755161938666e-15 0.028865344836986735
1146.697021484375 0.8487052321434021 0.21297885477542877 3.909273892013093e-15 0.029169930498169294
1146.70703125 0.6786354780197144 0.19902095198631287 3.9108002453840454e-15 0.02948285818366058
1146.7169189453125 1.4158482551574707 0.2565666139125824 3.91231516381021e-15 0.029800280467876125
1146.7269287109375 0.8715221881866455 0.2176080197095871 3.913855493224792e-15 0.03011820672102791
1146.7369384765625 1.124277949333191 0.23982848227024078 3.915403445935899e-15 0.030444391553673022
1146.7469482421875 1.0367002487182617 0.23276831209659576 3.916958598427058e-15 0.030774896330335436
1146.7568359375 0.9937227368354797 0.23037469387054443 3.918501892456955e-15 0.0311055029052544
1146.766845703125 1.01388418674469 0.23237234354019165 3.920071868024691e-15 0.031444343091068416
1146.77685546875 1.0310899019241333 0.23362649977207184 3.921648619856005e-15 0.03178726186371833
1146.7867431640625 1.0855149030685425 0.23846593499183655 3.923213513226057e-15 0.032129965001990425
1146.7967529296875 1.4198030233383179 0.2644300162792206 3.924805088133948e-15 0.03248081629838828
1146.8067626953125 1.228364109992981 0.24893492460250854 3.926404286338364e-15 0.03283556489859287
1146.816650390625 1.2356847524642944 0.24940603971481323 3.9279907790485714e-15 0.033189739534385504
1146.82666015625 1.0690350532531738 0.2368451952934265 3.929604376813091e-15 0.033551995678104886
1146.836669921875 1.142588496208191 0.24071112275123596 3.931225174357662e-15 0.03391796726752447
1146.8465576171875 0.9265380501747131 0.22731913626194 3.932833689924498e-15 0.034287540239699175
1146.8565673828125 1.2944176197052002 0.25621297955513 3.934469310545646e-15 0.03465610990735338
1146.8665771484375 1.0288561582565308 0.23537814617156982 3.936112554463319e-15 0.03503268354769209
1146.87646484375 1.1268925666809082 0.2394820600748062 3.937743092886784e-15 0.035412687809148746
1146.886474609375 1.1102138757705688 0.24199606478214264 3.939401159881034e-15 0.035791371294747604
1146.896484375 0.9592316746711731 0.228829026222229 3.941066426655336e-15 0.03617800188913178
1146.9063720703125 1.1668938398361206 0.24442628026008606 3.942718987935429e-15 0.03656787044946293
1146.9163818359375 1.023261308670044 0.23204807937145233 3.944399501302782e-15 0.03695612526426777
