wave flux_norm flux_err cont_fit cont_err
1248.093017578125 1.1533470153808594 0.14738638699054718 6.663559491655114e-15 0.02581480620966178
1248.10302734375 0.7614410519599915 0.12568148970603943 6.65785048959062e-15 0.02524406318615222
1248.1129150390625 0.8660590052604675 0.13170309364795685 6.652285483127159e-15 0.024691637552088308
1248.1229248046875 0.8574012517929077 0.13042671978473663 6.6467268294108026e-15 0.024143842834139635
1248.1329345703125 1.0291861295700073 0.14134348928928375 6.641243138110278e-15 0.023607638991239004
1248.142822265625 1.112398624420166 0.14528241753578186 6.6358996307625245e-15 0.023089333554471896
1248.15283203125 1.1482388973236084 0.14742529392242432 6.630563323194822e-15 0.022576152995631683
1248.162841796875 1.0326112508773804 0.14148540794849396 6.6253007074935314e-15 0.022074645607429447
1248.1727294921875 0.7650171518325806 0.1263338178396225 6.620174887613222e-15 0.02158482466187484
1248.1827392578125 0.8457233309745789 0.13147979974746704 6.615057538062385e-15 0.021112485020130273
1248.1927490234375 0.9880890250205994 0.1392821967601776 6.6100126098285385e-15 0.020646021036201063
1248.2027587890625 0.9544093012809753 0.13749530911445618 6.605040102911682e-15 0.020191428673444572
1248.212646484375 0.9186469912528992 0.1356642246246338 6.6001984625851766e-15 0.01975407014773279
1248.22265625 1.0481963157653809 0.14289337396621704 6.595367833686985e-15 0.019323227981003832
1248.232666015625 0.8148183226585388 0.12991851568222046 6.59060793203989e-15 0.01890445907879432
1248.2425537109375 0.992438554763794 0.1395951509475708 6.585975085334882e-15 0.01850273452150726
1248.2525634765625 0.8742842078208923 0.1337556689977646 6.58135452060761e-15 0.01810822042046533
1248.2625732421875 1.053057074546814 0.1427924484014511 6.5768038360984864e-15 0.017726057763798937
1248.2724609375 0.8646825551986694 0.13284435868263245 6.572376394883188e-15 0.01736076120719604
1248.282470703125 1.0547313690185547 0.14347507059574127 6.567962506195046e-15 0.017003396318774216
1248.29248046875 1.2205754518508911 0.1520225703716278 6.5636172271756315e-15 0.016658686119969672
1248.3023681640625 0.7851279377937317 0.12809456884860992 6.559390956285306e-15 0.016330673072830607
1248.3123779296875 0.9143028855323792 0.136302649974823 6.555180355504505e-15 0.01601135670867389
1248.3223876953125 1.0464228391647339 0.1430521309375763 6.551036246810063e-15 0.01570497484845479
1248.332275390625 1.0476577281951904 0.14293865859508514 6.5470081816293955e-15 0.015415107750492206
1248.34228515625 0.9861071109771729 0.1406819075345993 6.5429962100747256e-15 0.015134671985092503
1248.352294921875 0.8805305361747742 0.13473118841648102 6.539050307089941e-15 0.014867405927484274
1248.3621826171875 1.2405802011489868 0.15199600160121918 6.5352166359706684e-15 0.014616399168950285
1248.3721923828125 0.8835330009460449 0.1347472220659256 6.531400329026814e-15 0.014375478282865556
1248.3822021484375 0.8482155203819275 0.13264182209968567 6.527648396586951e-15 0.014147889699024432
1248.3922119140625 1.0629888772964478 0.1444046050310135 6.523960415134606e-15 0.013933626280443567
1248.402099609375 1.3495391607284546 0.15796157717704773 6.520380430383036e-15 0.013735063299436781
1248.412109375 1.039779782295227 0.14263616502285004 6.516819080356305e-15 0.013547283090289545
1248.422119140625 0.9442282319068909 0.13779562711715698 6.513320410767671e-15 0.013372764017007308
1248.4320068359375 1.0966796875 0.14685432612895966 6.5099259262315495e-15 0.013213314869211623
1248.4420166015625 1.182922124862671 0.1503864973783493 6.5065513469696884e-15 0.013064912157213376
1248.4520263671875 0.8731036186218262 0.13471561670303345 6.503238177596503e-15 0.012929481439273386
1248.4619140625 1.0394881963729858 0.1438244879245758 6.500025805144041e-15 0.012808277994540169
1248.471923828125 0.8972275257110596 0.13644549250602722 6.496834184998787e-15 0.012698133916302116
1248.48193359375 1.1368589401245117 0.14846599102020264 6.493702704192788e-15 0.012600407971269639
1248.4918212890625 0.9593979716300964 0.13932809233665466 6.490668632175723e-15 0.012515833694161147
1248.5018310546875 0.8288468718528748 0.13194362819194794 6.487656159498813e-15 0.012442057138448447
1248.5118408203125 1.019494652748108 0.14246708154678345 6.484702979128211e-15 0.012379904531616345
1248.521728515625 0.970838189125061 0.13977275788784027 6.4818433958982805e-15 0.0123296081875831
1248.53173828125 1.185657262802124 0.15172071754932404 6.479006682557926e-15 0.012289588260325576
1248.541748046875 1.0314277410507202 0.14361803233623505 6.4762275674579844e-15 0.012260175359650094
1248.5516357421875 0.936671793460846 0.13843312859535217 6.473539084883399e-15 0.0122411614327136
1248.5616455078125 0.805661141872406 0.13114699721336365 6.470874319231337e-15 0.01223168619228638
1248.5716552734375 0.7223488688468933 0.12619464099407196 6.468265881270268e-15 0.012231638512545457
1248.5816650390625 1.0921032428741455 0.14716836810112 6.4657137710001904e-15 0.01224060085445729
1248.591552734375 1.0699639320373535 0.1457335203886032 6.4632476345742595e-15 0.012257884480837561
1248.6015625 1.0340768098831177 0.14391443133354187 6.460806485620273e-15 0.012283490899890235
1248.611572265625 0.8442843556404114 0.13314074277877808 6.458419970291384e-15 0.012316827305946073
1248.6214599609375 0.9636030793190002 0.13975141942501068 6.456116040674852e-15 0.01235692736308059
1248.6314697265625 0.9646247625350952 0.1393979787826538 6.4538379455632115e-15 0.012404355576346376
1248.6414794921875 1.03532874584198 0.14393429458141327 6.451613637043722e-15 0.012458241940891433
1248.6513671875 0.8934782147407532 0.13547101616859436 6.4494685261048e-15 0.01251740608895298
1248.661376953125 1.106905460357666 0.14791250228881836 6.4473496731872436e-15 0.012582901229567556
1248.67138671875 1.110182762145996 0.14736630022525787 6.445283336312417e-15 0.012653640970068469
1248.6812744140625 0.8331782221794128 0.13245157897472382 6.443293655919316e-15 0.012728293548810781
1248.6912841796875 0.9296616911888123 0.13846632838249207 6.4413306570640545e-15 0.012808329225921492
1248.7012939453125 1.1118141412734985 0.1480819284915924 6.4394189037021016e-15 0.012892493259259806
1248.711181640625 1.003982663154602 0.14232146739959717 6.4375799951736125e-15 0.012979351066768875
1248.72119140625 1.123858094215393 0.14894959330558777 6.435769038732383e-15 0.013070715837978085
1248.731201171875 0.9561627507209778 0.13985009491443634 6.434008057235041e-15 0.013165220161377918
1248.7410888671875 1.2080844640731812 0.15299108624458313 6.4323173794723215e-15 0.013261356059355097
1248.7510986328125 0.9942120313644409 0.14125192165374756 6.430654653796861e-15 0.01336120987760939
1248.7611083984375 1.1743810176849365 0.15068362653255463 6.429040632515868e-15 0.013463337072068362
1248.7711181640625 0.8729291558265686 0.13511578738689423 6.427474892112869e-15 0.013567481443600354
1248.781005859375 0.8978474736213684 0.13625985383987427 6.4259756437962286e-15 0.01367208753588235
1248.791015625 0.9913008213043213 0.14241696894168854 6.4245047710833215e-15 0.01377950456749497
1248.801025390625 0.9199215769767761 0.13807275891304016 6.423081332215461e-15 0.01388823831023592
1248.8109130859375 1.1136479377746582 0.14818666875362396 6.42172099730217e-15 0.01399672669093277
1248.8209228515625 1.0542515516281128 0.14509624242782593 6.42038988502556e-15 0.01410745780243066
1248.8309326171875 0.7164085507392883 0.126130610704422 6.419104936044575e-15 0.014218913956455134
1248.8408203125 0.788870632648468 0.13059692084789276 6.4178801264028456e-15 0.01432955144047056
1248.850830078125 0.9562022686004639 0.14038431644439697 6.41668496291427e-15 0.01444194090343405
1248.86083984375 1.1627297401428223 0.150717094540596 6.415534268655425e-15 0.014554562752100424
1248.8707275390625 1.0795941352844238 0.1469443291425705 6.414441172636993e-15 0.014665906859911964
1248.8807373046875 0.9340787529945374 0.13927283883094788 6.413378146288189e-15 0.014778581186770333
1248.8907470703125 1.0808782577514648 0.14680148661136627 6.4123587421361684e-15 0.014891090178853436
1248.900634765625 1.0217185020446777 0.14328795671463013 6.411393548092772e-15 0.015001953328526323
1248.91064453125 0.9456876516342163 0.1399916112422943 6.410459270751951e-15 0.01511379152469072
1248.920654296875 1.1773282289505005 0.15156003832817078 6.409566921542018e-15 0.015225136369014054
1248.9305419921875 0.8991070985794067 0.13694441318511963 6.408726241341868e-15 0.01533455270310884
1248.9405517578125 0.9126210808753967 0.13792526721954346 6.407916477844293e-15 0.015444647391809315
1248.9505615234375 0.9600322842597961 0.14074423909187317 6.407147371928186e-15 0.015553982981214904
1248.96044921875 1.020927906036377 0.14383754134178162 6.406427817439494e-15 0.01566248948935818
1248.970458984375 0.767999529838562 0.12955448031425476 6.4057387561369025e-15 0.015768787998159096
1248.98046875 0.9484041929244995 0.14014160633087158 6.405089505382832e-15 0.015875440423576095
1248.990478515625 0.8045749068260193 0.1310991644859314 6.404479641660809e-15 0.015981067243293314
1249.0003662109375 0.9606897830963135 0.14095313847064972 6.4039155177179376e-15 0.016084345399882464
1249.0103759765625 0.8655571937561035 0.13474871218204498 6.403382310477641e-15 0.016187773075338644
1249.0203857421875 0.9138957858085632 0.13780786097049713 6.402887219719971e-15 0.01629002988455857
1249.0302734375 0.8166230916976929 0.13252460956573486 6.402434904126137e-15 0.016389842772927196
1249.040283203125 1.2017197608947754 0.15354037284851074 6.402014352267825e-15 0.016489635066283283
1249.05029296875 0.9274333119392395 0.1377103328704834 6.4016302228262455e-15 0.016588142992831064
1249.0601806640625 0.864692211151123 0.1353784054517746 6.401286750966134e-15 0.016684144811623943
1249.0701904296875 0.9755788445472717 0.14069536328315735 6.400974619325071e-15 0.01677999278689917
1249.0802001953125 1.0585598945617676 0.14604119956493378 6.400698063067792e-15 0.016874464558269107
1249.090087890625 0.9488682150840759 0.1399751454591751 6.4004591997766664e-15 0.01696640890780092
1249.10009765625 0.9130111932754517 0.13783489167690277 6.400251676704589e-15 0.017058079122911636
1249.110107421875 0.9870969653129578 0.14061005413532257 6.400078881983349e-15 0.017148313971330504
1249.1199951171875 1.0456570386886597 0.1440686732530594 6.3999412391294204e-15 0.01723602417316459
1249.1300048828125 0.9465650916099548 0.13993316888809204 6.39983493649454e-15 0.01732336293518861
1249.1400146484375 0.827592670917511 0.1324542909860611 6.3997616681446025e-15 0.01740922733472971
1249.14990234375 1.140487790107727 0.1501150131225586 6.3997218575960815e-15 0.017492588604439682
1249.159912109375 1.0670424699783325 0.14662861824035645 6.399712963750135e-15 0.017575496864689438
1249.169921875 1.1177821159362793 0.14815682172775269 6.399736257156185e-15 0.017656911971635766
1249.179931640625 0.983770489692688 0.1417839080095291 6.399790890781283e-15 0.017736828689910496
1249.1898193359375 0.8863541483879089 0.13670870661735535 6.3998751705595346e-15 0.017814299230233883
1249.1998291015625 1.1290141344070435 0.14923378825187683 6.399990790556835e-15 0.017891231563856667
1249.2098388671875 1.236449122428894 0.15495146811008453 6.4001364802237625e-15 0.01796666854732036
1249.2197265625 1.030884027481079 0.14434146881103516 6.400309698461476e-15 0.0180397168879697
1249.229736328125 0.9485235214233398 0.1395808458328247 6.400513833401764e-15 0.018112183171248013
1249.23974609375 0.8876116871833801 0.13650213181972504 6.400747190978733e-15 0.018183163212787876
1249.2496337890625 1.0442681312561035 0.14525407552719116 6.4010055360276454e-15 0.01825182418118696
1249.2596435546875 0.9852097034454346 0.14148271083831787 6.401294797779133e-15 0.018319868554606426
1249.2696533203125 0.8972647190093994 0.13783088326454163 6.4016120116178795e-15 0.018386447267567073
1249.279541015625 1.0811717510223389 0.1462094634771347 6.4019516718297285e-15 0.01845078825413512
1249.28955078125 1.0443803071975708 0.1449052393436432 6.402322672260626e-15 0.018514483790602172
1249.299560546875 0.9948932528495789 0.14270082116127014 6.402719930712888e-15 0.018576748478559897
1249.3094482421875 1.0679397583007812 0.1462906002998352 6.4031375179558845e-15 0.018636858548751543
1249.3194580078125 1.0549238920211792 0.14590585231781006 6.403586021901456e-15 0.018696311314452655
1249.3294677734375 1.0671019554138184 0.14625556766986847 6.404059513318971e-15 0.018754371512188076
1249.33935546875 0.948168933391571 0.139103502035141 6.404551215944852e-15 0.01881036531660885
1249.349365234375 1.117448329925537 0.14839346706867218 6.405073411756834e-15 0.01886569684246645
1249.359375 1.0443636178970337 0.1445978581905365 6.405619748007813e-15 0.018919679484508088
1249.369384765625 0.8388511538505554 0.1336294561624527 6.406189377664842e-15 0.018972330606646683
1249.3792724609375 1.067413568496704 0.1461198925971985 6.4067746774313945e-15 0.019023048188351616
1249.3892822265625 0.8273458480834961 0.13226628303527832 6.407389623351101e-15 0.019073103449619273
1249.3992919921875 0.8980263471603394 0.1370759755373001 6.40802701564391e-15 0.019121879722045286
1249.4091796875 0.9719839096069336 0.1407800316810608 6.408677960463875e-15 0.01916882439658597
1249.419189453125 0.7897436022758484 0.13038384914398193 6.40935812792052e-15 0.019215113999336106
1249.42919921875 0.7895416617393494 0.13104335963726044 6.410059047684373e-15 0.01926018425013154
1249.4390869140625 0.9110603332519531 0.13766838610172272 6.410772249425961e-15 0.019303525617022383
1249.4490966796875 0.7667607069015503 0.12894949316978455 6.411513826771282e-15 0.019346228164763134
1249.4591064453125 0.9474875926971436 0.13923147320747375 6.412275309390864e-15 0.01938777251966733
1249.468994140625 0.9095274209976196 0.137862429022789 6.413046532889339e-15 0.019427691305033024
1249.47900390625 0.7638621926307678 0.12958283722400665 6.413846131991547e-15 0.01946699559978585
1249.489013671875 0.7909212708473206 0.1297706812620163 6.414663942302121e-15 0.019505204678848857
1249.4989013671875 0.7887764573097229 0.1304011344909668 6.415489799425694e-15 0.019541895737077566
1249.5089111328125 0.9343857169151306 0.13854950666427612 6.416343185120053e-15 0.019577997235435282
1249.5189208984375 0.6205103397369385 0.12011291831731796 6.41721393498983e-15 0.019613071697795373
1249.52880859375 0.7541877031326294 0.12802837789058685 6.418090614090238e-15 0.019646735199222803
1249.538818359375 0.8600353002548218 0.13472706079483032 6.418994821761432e-15 0.019679839384230745
1249.548828125 0.8965296745300293 0.13716310262680054 6.4199146995421504e-15 0.019711988025940656
1249.558837890625 0.9219271540641785 0.13790559768676758 6.420849823915919e-15 0.019743203736971034
1249.5687255859375 0.8265173435211182 0.13193683326244354 6.421789183454424e-15 0.019773147758405833
1249.5787353515625 0.7279090881347656 0.12684902548789978 6.4227543774978205e-15 0.01980258273660169
1249.5887451171875 0.7535402178764343 0.1280086189508438 6.42373397110132e-15 0.01983115790253134
1249.5986328125 0.8252543210983276 0.13249154388904572 6.424715258770714e-15 0.019858564083652403
1249.608642578125 0.6558225750923157 0.12209849059581757 6.425721957428526e-15 0.019885503491701564
1249.61865234375 0.8126968145370483 0.13155429065227509 6.426742208613494e-15 0.019911654614395726
1249.6285400390625 0.8470187783241272 0.13415230810642242 6.427762036281988e-15 0.01993674006458765
1249.6385498046875 0.9207941889762878 0.1376660168170929 6.428806851422426e-15 0.019961403553069773
1249.6485595703125 0.908864438533783 0.1371111124753952 6.429863525024126e-15 0.019985353584695414
1249.658447265625 0.7145965695381165 0.12608672678470612 6.430918504559931e-15 0.02000833731558053
1249.66845703125 0.9080235958099365 0.1369452178478241 6.431997624534733e-15 0.020030945927878022
1249.678466796875 1.0883667469024658 0.14658743143081665 6.433087332421376e-15 0.02005291602093578
1249.6883544921875 0.6569070816040039 0.12094908952713013 6.434173652176229e-15 0.02007401617233919
1249.6983642578125 1.0407238006591797 0.1439591944217682 6.435282841820659e-15 0.02009479354549809
1249.7083740234375 0.9810529947280884 0.14041733741760254 6.436401772343982e-15 0.02011500436393698
1249.71826171875 1.0260851383209229 0.14348413050174713 6.437516044186095e-15 0.020134439506786946
1249.728271484375 1.0546531677246094 0.14555956423282623 6.4386523388848364e-15 0.020153603868106138
1249.73828125 0.9788791537284851 0.14156143367290497 6.439796680396577e-15 0.020172276807542775
1249.7481689453125 1.1155478954315186 0.14871974289417267 6.440934669161213e-15 0.02019048156931802
1249.7581787109375 0.996185302734375 0.14192701876163483 6.442093833749531e-15 0.020208030815859243
1249.7681884765625 1.0819865465164185 0.14685991406440735 6.4432601981179e-15 0.020225379986220184
1249.7781982421875 1.0208806991577148 0.14311359822750092 6.4444324917169e-15 0.020242334075499278
1249.7880859375 0.9932019114494324 0.14323490858078003 6.445596738502901e-15 0.02025871550712491
1249.798095703125 1.0448013544082642 0.1447584629058838 6.446781314079636e-15 0.020274952442777664
1249.80810546875 1.2240647077560425 0.1542782485485077 6.447970548337581e-15 0.020290864173335126
1249.8179931640625 0.8645288348197937 0.134439155459404 6.449150465233106e-15 0.020306282817419273
1249.8280029296875 1.0898433923721313 0.14721272885799408 6.450349016853471e-15 0.02032161112281167
1249.8380126953125 0.9701942205429077 0.14125899970531464 6.451551803638572e-15 0.020336680584556933
1249.847900390625 1.0806000232696533 0.14635437726974487 6.452743155478885e-15 0.02035133188072815
1249.85791015625 0.8240621089935303 0.13165408372879028 6.453952295011091e-15 0.020365950421728955
1249.867919921875 0.9065757393836975 0.13820001482963562 6.455164399158612e-15 0.020380371530348444
1249.8778076171875 1.001641869544983 0.14396975934505463 6.456363797811924e-15 0.02039444531203231
1249.8878173828125 0.9729862213134766 0.1416119784116745 6.457580137124181e-15 0.02040853711959652
1249.8978271484375 0.9190549254417419 0.13826879858970642 6.458797746985859e-15 0.02042249393445134
1249.90771484375 0.8363537788391113 0.13313527405261993 6.4600013808039074e-15 0.020436166467608614
1249.917724609375 0.9430054426193237 0.1401701718568802 6.461221108247954e-15 0.020449909308676118
1249.927734375 0.8098119497299194 0.13255435228347778 6.462440835692e-15 0.020463573763618653
1249.9376220703125 1.065044641494751 0.14691010117530823 6.4636453165429954e-15 0.02047700892629825
1249.9476318359375 1.0365067720413208 0.14431647956371307 6.464864196954094e-15 0.020490566175656245
1249.9576416015625 0.9527148008346558 0.13983513414859772 6.4660818068157724e-15 0.02050409573138408
1249.9676513671875 0.8520696759223938 0.13376227021217346 6.467298569644503e-15 0.02051761132311748
1249.9775390625 0.8473101854324341 0.1338755339384079 6.468498391814289e-15 0.020530964635976395
1249.987548828125 0.9019755721092224 0.13774488866329193 6.46971049596181e-15 0.020544501530096973
1249.99755859375 0.9991618990898132 0.14265188574790955 6.470920482526963e-15 0.020558067941974314
1250.0074462890625 1.0874543190002441 0.1460665464401245 6.4721122578837494e-15 0.020571514676678684
1250.0174560546875 0.9055750370025635 0.13815264403820038 6.473315468185324e-15 0.020585186364572555
1250.0274658203125 1.2436375617980957 0.15427722036838531 6.474514866838636e-15 0.020598926364803823
1250.037353515625 0.9204416871070862 0.13785316050052643 6.475695207250635e-15 0.02061257983143354
1250.04736328125 1.0133646726608276 0.14276324212551117 6.476885712058001e-15 0.020626492502218124
1250.057373046875 1.1431206464767456 0.15045465528964996 6.47807071115121e-15 0.02064050789171285
1250.0672607421875 1.032490611076355 0.14438633620738983 6.479235804970158e-15 0.02065446191996462
1250.0772705078125 0.9077048897743225 0.13683642446994781 6.4804097926350526e-15 0.020668706673657177
1250.0872802734375 1.0335307121276855 0.14394323527812958 6.481577004036369e-15 0.020683078687736774
1250.09716796875 0.9049739241600037 0.1371181756258011 6.482723039614004e-15 0.0206974080254258
1250.107177734375 0.9428097009658813 0.13876347243785858 6.483876274971691e-15 0.02071205287608708
1250.1171875 0.9246020317077637 0.1380147486925125 6.485021887032852e-15 0.020726843588224166
1250.1270751953125 0.7639037370681763 0.12748126685619354 6.486145899753859e-15 0.02074160048308254
1250.1370849609375 1.0331820249557495 0.14478376507759094 6.487274994672549e-15 0.020756692327005187
1250.1470947265625 1.073534607887268 0.14615224301815033 6.4883951957452925e-15 0.020771940032331744
1250.1571044921875 0.979743242263794 0.1408078819513321 6.48950650297209e-15 0.020787345722398532
1250.1669921875 1.0643318891525269 0.14574837684631348 6.490594516792838e-15 0.020802719263228475
1250.177001953125 0.9976504445075989 0.14184191823005676 6.491685495228902e-15 0.020818440474016087
1250.18701171875 0.9020740389823914 0.13569968938827515 6.492766309269598e-15 0.020834318870755326
1250.1968994140625 1.0048855543136597 0.14234864711761475 6.493822982871298e-15 0.02085015713534874
1250.2069091796875 0.9568226933479309 0.13914865255355835 6.494881774055366e-15 0.020866341463778363
1250.2169189453125 0.9642226696014404 0.14013855159282684 6.4959282832616986e-15 0.020882676917282555
1250.226806640625 0.8067287802696228 0.13136176764965057 6.496950228512561e-15 0.02089895446678693
1250.23681640625 0.9620189666748047 0.14002206921577454 6.4979730207963705e-15 0.020915570837338436
1250.246826171875 1.1112302541732788 0.14744827151298523 6.49898183703655e-15 0.020932321162811553
1250.2567138671875 0.9793400168418884 0.1400129795074463 6.4999652422883126e-15 0.02094898951780857
1250.2667236328125 0.8124109506607056 0.13084112107753754 6.500947376990654e-15 0.020965980755255607
1250.2767333984375 1.1472984552383423 0.14811813831329346 6.501914688616418e-15 0.02098307867539007
1250.28662109375 1.0030747652053833 0.14128464460372925 6.5028561657372915e-15 0.021000065453313007
1250.296630859375 0.8241263628005981 0.13081926107406616 6.503794254726376e-15 0.021017346022921737
1250.306640625 0.8833627700805664 0.13481861352920532 6.5047166736059356e-15 0.021034700333240813
1250.3165283203125 1.0131633281707764 0.14190304279327393 6.505611987431183e-15 0.021051903915851624
1250.3265380859375 1.0971440076828003 0.14603623747825623 6.506502219058748e-15 0.021069365667612035
1250.3365478515625 0.9546610116958618 0.13855428993701935 6.5073759335438405e-15 0.02108685981110921
1250.3465576171875 0.8946446776390076 0.13563840091228485 6.5082322838535146e-15 0.02110436931216961
1250.3564453125 1.0240583419799805 0.14266198873519897 6.509060682075929e-15 0.021121664883133936
1250.366455078125 0.785886824131012 0.12955112755298615 6.509881457001819e-15 0.021139155959892655
1250.37646484375 0.8235251903533936 0.13091501593589783 6.510684020719342e-15 0.02115661006799251
1250.3863525390625 0.9655460119247437 0.13884355127811432 6.5114582088331326e-15 0.021173794403869402
1250.3963623046875 0.7646119594573975 0.127323716878891 6.512223079584503e-15 0.02119111639770022
1250.4063720703125 0.7390064597129822 0.12555046379566193 6.512968045061613e-15 0.021208338047407113
1250.416259765625 0.7754613161087036 0.128424733877182 6.513683787902043e-15 0.021225232618298086
1250.42626953125 0.9418781995773315 0.1375126838684082 6.514388519314159e-15 0.021242194119557883
1250.436279296875 0.6462249159812927 0.12049907445907593 6.515072074902593e-15 0.021258987121691834
1250.4461669921875 0.7404503226280212 0.1261793076992035 6.515726407854347e-15 0.02127538718983322
1250.4561767578125 0.6945016980171204 0.12270943075418472 6.516367188278945e-15 0.021291773997920115
1250.4661865234375 0.5155315399169922 0.11121045053005219 6.516985945846914e-15 0.021307916508606094
1250.47607421875 0.6927545666694641 0.12330606579780579 6.5175750572617295e-15 0.02132359568280105
1250.486083984375 0.5400782227516174 0.11291387677192688 6.518148075050547e-15 0.021339173136131786
1250.49609375 0.4806836247444153 0.10844824463129044 6.518698222949789e-15 0.021354423698262185
1250.5059814453125 0.6333229541778564 0.11930976808071136 6.519217877662929e-15 0.021369137677358974
1250.5159912109375 0.478961318731308 0.1080934926867485 6.519720168200651e-15 0.02138364919028288
1250.5260009765625 0.4895200729370117 0.1100139394402504 6.520197471266429e-15 0.021397743124069588
1250.535888671875 0.5155054330825806 0.11108829826116562 6.520644704662579e-15 0.02141139010858802
1250.5458984375 0.6336802840232849 0.11921661347150803 6.521071609267995e-15 0.021424398564274402
1250.555908203125 0.5269704461097717 0.11184168606996536 6.521473102884994e-15 0.021437055867740595
1250.56591796875 0.538185715675354 0.11302968114614487 6.521847914964154e-15 0.021449169278717768
1250.5758056640625 0.680107593536377 0.12267042696475983 6.522192233857213e-15 0.021460564183268055
1250.5858154296875 0.6564095616340637 0.12080170214176178 6.522513682860696e-15 0.021471489889369803
1250.5958251953125 0.5272282958030701 0.11112053692340851 6.522807603293393e-15 0.02148176453784499
1250.605712890625 0.7393682599067688 0.12625184655189514 6.523070183507042e-15 0.02149124404811654
1250.61572265625 0.7283011078834534 0.12500768899917603 6.52330819976522e-15 0.02150012335137924
1250.625732421875 0.9509345889091492 0.13860434293746948 6.5235169933867184e-15 0.021508244931506378
1250.6356201171875 0.8804996013641357 0.13385003805160522 6.523694870305642e-15 0.021515489323167374
1250.6456298828125 0.8106537461280823 0.13018880784511566 6.5238452186537794e-15 0.02152199776655173
1250.6556396484375 0.8707738518714905 0.13330261409282684 6.523965920848763e-15 0.02152763821430685
1250.66552734375 0.785373866558075 0.12876059114933014 6.524054859308225e-15 0.02153232101693809
1250.675537109375 1.048696756362915 0.1431349813938141 6.524114575131006e-15 0.021536122323864818
1250.685546875 0.8093396425247192 0.13048601150512695 6.524142527218266e-15 0.021538942409344057
1250.6954345703125 0.8919251561164856 0.13495682179927826 6.524139139086477e-15 0.02154072498641207
1250.7054443359375 0.8801602125167847 0.1340421438217163 6.524103987219166e-15 0.021541476102090475
1250.7154541015625 0.880521297454834 0.1341438889503479 6.524036224583385e-15 0.021541128778826843
1250.725341796875 0.9519433975219727 0.13698716461658478 6.523936698212083e-15 0.02153966806001387
1250.7353515625 0.9982100129127502 0.14024391770362854 6.523802867006417e-15 0.02153701890063706
1250.745361328125 0.8343645930290222 0.13145580887794495 6.523635577999334e-15 0.021533153780681026
1250.75537109375 0.9743542671203613 0.1393251270055771 6.523433560641414e-15 0.02152803376849674
1250.7652587890625 1.1508954763412476 0.14893938601016998 6.523200203064445e-15 0.021521702661555273
1250.7752685546875 1.0681217908859253 0.14490079879760742 6.5229295760377975e-15 0.0215139662452914
1250.7852783203125 0.788080632686615 0.12857095897197723 6.5226229501108915e-15 0.021504856306690877
1250.795166015625 0.8688278794288635 0.133475661277771 6.522284983964937e-15 0.021494468692088035
1250.80517578125 0.916752278804779 0.13624636828899384 6.521906783753988e-15 0.02148250788931344
1250.815185546875 0.9867979884147644 0.1399282068014145 6.521492161126307e-15 0.021469057264483823
1250.8250732421875 1.0350440740585327 0.1424553245306015 6.521045774763104e-15 0.02145426807849005
1250.8350830078125 0.964686930179596 0.1385827511548996 6.520556613236065e-15 0.021437737298354183
1250.8450927734375 0.9767175316810608 0.13892294466495514 6.5200297587428725e-15 0.0214195984429663
1250.85498046875 0.9897087812423706 0.1401243805885315 6.519471564030632e-15 0.021400068509006873
1250.864990234375 0.9054988026618958 0.13593250513076782 6.518868053055713e-15 0.02137862356863608
1250.875 1.0015610456466675 0.14027275145053864 6.518225155048747e-15 0.021355461102028288
1250.8848876953125 0.9184604287147522 0.1362536996603012 6.517551340339206e-15 0.02133085729936397
1250.8948974609375 1.2162004709243774 0.15116345882415771 6.516829244751672e-15 0.021304169965726306
1250.9049072265625 1.060838222503662 0.14370405673980713 6.516066915099143e-15 0.021275657415916943
1250.914794921875 0.836165189743042 0.1316235363483429 6.5152736687440396e-15 0.021245663756046074
1250.9248046875 0.8588173389434814 0.13300356268882751 6.514429600412101e-15 0.021213415945441638
1250.934814453125 1.026613712310791 0.14120447635650635 6.513544027465746e-15 0.021179241918301835
1250.94482421875 1.003528356552124 0.1403910368680954 6.512616102872029e-15 0.02114310571056587
1250.9547119140625 0.8704959750175476 0.13384561240673065 6.5116581086086846e-15 0.021105454387297565
1250.9647216796875 0.7306481003761292 0.12543754279613495 6.510645480720242e-15 0.021065329065385052
1250.9747314453125 1.1801899671554565 0.150359109044075 6.509589230635016e-15 0.02102314979173522
1250.984619140625 1.0022181272506714 0.14131036400794983 6.508503334396636e-15 0.020979442039349663
1250.99462890625 0.8144358992576599 0.13037970662117004 6.507359839917843e-15 0.020933098820518255
1251.004638671875 0.8587916493415833 0.13356910645961761 6.5061718762093185e-15 0.020884621455384993
1251.0145263671875 1.110425591468811 0.14698414504528046 6.5049542663476404e-15 0.020834614604336908
1251.0245361328125 0.7650743126869202 0.1283748745918274 6.503676093630234e-15 0.020781820732455776
1251.0345458984375 0.8259040713310242 0.1311761885881424 6.502352604650149e-15 0.020726820590436873
1251.04443359375 1.0636720657348633 0.14466430246829987 6.500999893033384e-15 0.020670305265218635
1251.054443359375 1.028309941291809 0.14242640137672424 6.4995836539455745e-15 0.02061086022907277
1251.064453125 1.0889827013015747 0.14521420001983643 6.498120828045666e-15 0.02054915120509122
1251.0743408203125 0.8486558198928833 0.13302601873874664 6.496628779509078e-15 0.020485959648721495
1251.0843505859375 0.9682677984237671 0.13990652561187744 6.495071085919077e-15 0.020419706952448186
1251.0943603515625 0.8040474057197571 0.12970814108848572 6.4934646879346095e-15 0.020351151111424617
1251.104248046875 1.1732406616210938 0.14937253296375275 6.491830337862882e-15 0.02028115760363285
1251.1142578125 1.0896884202957153 0.145675927400589 6.49012653108948e-15 0.020207991085115062
1251.124267578125 1.1354938745498657 0.14821135997772217 6.4883735964051375e-15 0.020132498301050364
1251.13427734375 0.9581376910209656 0.13925288617610931 6.486570686776907e-15 0.020054674727250435
1251.1441650390625 0.8763975501060486 0.13448864221572876 6.48474024857789e-15 0.01997551131132996
1251.1541748046875 0.9133323431015015 0.13610057532787323 6.482836542028936e-15 0.01989305598256953
1251.1641845703125 0.792872965335846 0.12960051000118256 6.480881589986673e-15 0.019808275854814525
1251.174072265625 0.8529176712036133 0.13264070451259613 6.478899956406572e-15 0.01972225640007656
1251.18408203125 0.8892310261726379 0.13492435216903687 6.4768420898612174e-15 0.019632882605332115
1251.194091796875 0.8539229035377502 0.13322219252586365 6.474731707273133e-15 0.01954122025714178
1251.2039794921875 0.9943048357963562 0.14161111414432526 6.472595066663684e-15 0.019448442813167186
1251.2139892578125 1.0346907377243042 0.14269913733005524 6.470379228473667e-15 0.019352283914888153
1251.2239990234375 1.0193241834640503 0.14296257495880127 6.468109603691499e-15 0.019253897749305884
1251.23388671875 1.0312449932098389 0.14371564984321594 6.465814567920914e-15 0.019154557366519005
1251.243896484375 1.0806267261505127 0.14574897289276123 6.463436946437971e-15 0.01905183833220113
1251.25390625 0.8773171305656433 0.13509601354599 6.46100469132993e-15 0.018946993564063912
1251.2637939453125 0.8879657983779907 0.1360122263431549 6.4585474487499454e-15 0.01884138316881131
1251.2738037109375 0.9161633253097534 0.13704442977905273 6.4560042323258144e-15 0.018732446287282014
1251.2838134765625 1.0728896856307983 0.14518439769744873 6.4534051117271646e-15 0.018621527378725227
1251.293701171875 1.1462442874908447 0.14889293909072876 6.450782274205992e-15 0.01851007136863053
1251.3037109375 0.8461445569992065 0.13297848403453827 6.448070074708883e-15 0.018395390239204445
1251.313720703125 1.0260488986968994 0.14257287979125977 6.445300276971362e-15 0.018278919956674727
1251.3236083984375 0.952711284160614 0.13942423462867737 6.442507609344264e-15 0.01816073603048381
1251.3336181640625 1.2632492780685425 0.1552792191505432 6.439622615125916e-15 0.01804239267328769
1251.3436279296875 0.8690335750579834 0.134794220328331 6.436678752117734e-15 0.017921055804108042
1251.3536376953125 0.9772272109985352 0.14115014672279358 6.4336760203197174e-15 0.01779827612239644
1251.363525390625 1.1590850353240967 0.15026655793190002 6.430651265665072e-15 0.01767568212897946
1251.37353515625 0.9540488719940186 0.14010199904441833 6.4275295257379666e-15 0.017550356880529572
1251.383544921875 0.8731356859207153 0.1344538778066635 6.424347646471606e-15 0.017423928348117713
1251.3934326171875 0.9448127746582031 0.13921406865119934 6.421144591381564e-15 0.017298089067953302
1251.4034423828125 1.0277210474014282 0.14320188760757446 6.4178415864037455e-15 0.01716986935200732
1251.4134521484375 0.8357587456703186 0.1330309361219406 6.414476748020778e-15 0.017040969431530176
1251.42333984375 1.0652107000350952 0.14531229436397552 6.41109200436355e-15 0.016913129596948927
1251.433349609375 1.0409024953842163 0.1441945731639862 6.407603499170283e-15 0.016783364990031704
1251.443359375 1.0679996013641357 0.14532530307769775 6.404052313538919e-15 0.016653433934181415
1251.4532470703125 1.1770042181015015 0.15087080001831055 6.400482069666242e-15 0.016525114276488083
1251.4632568359375 1.0438096523284912 0.14434561133384705 6.396804676125738e-15 0.016395443017080086
1251.4732666015625 0.9363661408424377 0.13845618069171906 6.3930633315977155e-15 0.016266226678548594
1251.483154296875 1.0812658071517944 0.1462458372116089 6.389303775861327e-15 0.016139256950470107
1251.4931640625 1.1165368556976318 0.14928628504276276 6.385433682325322e-15 0.016011645104679274
1251.503173828125 0.8639441728591919 0.13467343151569366 6.381498367252379e-15 0.01588522595384066
1251.5130615234375 0.926409125328064 0.13900071382522583 6.37754611152049e-15 0.01576178555838278
1251.5230712890625 0.9511608481407166 0.140525683760643 6.3734795063407224e-15 0.015638564382243706
1251.5330810546875 0.9263530969619751 0.13942795991897583 6.369346409074595e-15 0.015517398034846974
1251.5430908203125 1.0018917322158813 0.1433652937412262 6.365145972689161e-15 0.015398608700367323
1251.552978515625 0.964623212814331 0.1415705382823944 6.36093071322715e-15 0.015283927524497294
1251.56298828125 0.9415030479431152 0.14032475650310516 6.35659644563605e-15 0.015170870088552111
1251.572998046875 1.1133447885513306 0.14907871186733246 6.352193568376222e-15 0.015061233767509079
1251.5828857421875 0.8940200805664062 0.1374000459909439 6.347776715072764e-15 0.014956664645349366
1251.5928955078125 0.9808371663093567 0.14213933050632477 6.343237041991955e-15 0.014854968063579162
1251.6029052734375 1.0190712213516235 0.14439071714878082 6.338627912209471e-15 0.014757869664995243
1251.61279296875 0.8608787655830383 0.13598161935806274 6.3340060769327775e-15 0.014666879427975038
1251.622802734375 0.9942225217819214 0.1436629593372345 6.32925761023047e-15 0.014580175986814346
1251.6328125 1.0093148946762085 0.1440134048461914 6.3244384162770666e-15 0.014499355840016168
1251.6427001953125 1.1943767070770264 0.15380598604679108 6.319608210895349e-15 0.014425740252111728
1251.6527099609375 1.093585729598999 0.1489184945821762 6.314646715406807e-15 0.014357964095536201
1251.6627197265625 0.8468611836433411 0.1359325647354126 6.309613645634222e-15 0.01429743598623712
1251.672607421875 1.0993160009384155 0.15036019682884216 6.304570834982743e-15 0.014245220282261785
1251.6826171875 1.1642751693725586 0.15398284792900085 6.2993933460926514e-15 0.014200486131618985
1251.692626953125 0.8863000273704529 0.13953754305839539 6.294143012369096e-15 0.014164392155622114
1251.7025146484375 1.0424505472183228 0.14843560755252838 6.288883784799594e-15 0.014137665117925035
1251.7125244140625 1.101211667060852 0.15226487815380096 6.283486490859689e-15 0.01412009302380409
1251.7225341796875 0.9455237984657288 0.14428089559078217 6.2780146580204265e-15 0.014112498303073687
1251.7325439453125 1.0388785600662231 0.15093539655208588 6.272467862765332e-15 0.014115302171097709
1251.742431640625 1.0654083490371704 0.15135343372821808 6.2669147147631325e-15 0.014128677368728028
1251.75244140625 1.0640431642532349 0.15147733688354492 6.261217994676374e-15 0.014153332931576938
1251.762451171875 0.9407390356063843 0.14482399821281433 6.255445041624362e-15 0.014189527951442597
1251.7723388671875 1.0457457304000854 0.15119722485542297 6.2496674298911405e-15 0.014236936710844894
1251.7823486328125 0.9355155229568481 0.1446572095155716 6.243741587392149e-15 0.014297024468126248
1251.7923583984375 0.9969313740730286 0.14896032214164734 6.237738664894958e-15 0.014369551444968529
1251.80224609375 0.9175658822059631 0.14494900405406952 6.2317327777824515e-15 0.014453636994688712
1251.812255859375 0.9447192549705505 0.14495748281478882 6.225574848255913e-15 0.014551552597860905
1251.822265625 1.0444350242614746 0.15183500945568085 6.219338144665279e-15 0.014662503698366266
1251.8321533203125 1.1576697826385498 0.15816554427146912 6.213100170525225e-15 0.014785024813865745
1251.8421630859375 0.9721810817718506 0.14892029762268066 6.206705918806402e-15 0.014922233398766584
1251.8521728515625 0.9360796213150024 0.14505136013031006 6.200232045990538e-15 0.015072747027183109
1251.862060546875 1.018832802772522 0.15112966299057007 6.193758173174673e-15 0.015234512130329258
1251.8720703125 0.8429722785949707 0.1408720314502716 6.1871242111317774e-15 0.01541150536425001
1251.882080078125 0.9277310371398926 0.14552715420722961 6.180409357442419e-15 0.015601769841831065
1251.8919677734375 1.0059258937835693 0.14955821633338928 6.173696197818955e-15 0.015802665033665373
1251.9019775390625 1.0942736864089966 0.15567271411418915 6.166818713803724e-15 0.01601905164830905
1251.9119873046875 1.0141807794570923 0.1501239389181137 6.159859067592609e-15 0.016248391779175173
1251.9219970703125 1.0996651649475098 0.15613870322704315 6.152816412152663e-15 0.016490539544374273
1251.931884765625 1.1340891122817993 0.15725837647914886 6.145777991877453e-15 0.016742137908426775
1251.94189453125 1.172024130821228 0.15990956127643585 6.138569741496319e-15 0.017009205212818564
1251.951904296875 0.7853450775146484 0.13629409670829773 6.131277211336933e-15 0.017288513532073887
1251.9617919921875 0.9817185997962952 0.1494160145521164 6.123991033924652e-15 0.0175762093078988
1251.9718017578125 1.111697793006897 0.1574452817440033 6.116530367725236e-15 0.017879172114613047
1251.9818115234375 1.100028157234192 0.1566496342420578 6.108984574714621e-15 0.01819367612214515
1251.99169921875 0.9935833215713501 0.15027768909931183 6.101446405000531e-15 0.018515440529499525
1252.001708984375 1.0883970260620117 0.1564292460680008 6.093729934851045e-15 0.01885215531996829
1252.01171875 0.867637038230896 0.1439121663570404 6.085927067340938e-15 0.019199664862761028
1252.0216064453125 1.0548852682113647 0.15477240085601807 6.078133517193251e-15 0.019553291822945882
1252.0316162109375 0.9272679090499878 0.14648014307022095 6.070157431445431e-15 0.019921496724063025
1252.0416259765625 0.8728423714637756 0.14395572245121002 6.06209367778757e-15 0.02029973507346486
1252.051513671875 0.9504176378250122 0.14966513216495514 6.054041359074497e-15 0.020682952945038233
1252.0615234375 1.0268630981445312 0.15388716757297516 6.045801846080081e-15 0.02108037032662814
1252.071533203125 1.1752623319625854 0.16248664259910583 6.0374729711097294e-15 0.021487058686714137
1252.0814208984375 0.9149889945983887 0.1465015858411789 6.0291580721830076e-15 0.021897649680586606
1252.0914306640625 1.0325345993041992 0.1542857438325882 6.020651743810206e-15 0.022322060154429474
1252.1014404296875 0.9768509864807129 0.15063917636871338 6.012054359395575e-15 0.022755023287425433
1252.111328125 0.9786391258239746 0.1480862945318222 6.003473068606942e-15 0.02319632029817008
1252.121337890625 0.9589017033576965 0.14926280081272125 5.994695689691019e-15 0.02364018760790681
1252.13134765625 1.2549000978469849 0.16424641013145447 5.985826831216793e-15 0.024097377911033398
1252.141357421875 0.9961653351783752 0.14982621371746063 5.976865646151316e-15 0.02456223191676442
1252.1512451171875 0.9226166009902954 0.1442924439907074 5.967923095810679e-15 0.025028748157605956
1252.1612548828125 0.908851146697998 0.14450408518314362 5.958778528112121e-15 0.025508239954867427
1252.1712646484375 1.0048260688781738 0.14917287230491638 5.949540363272892e-15 0.025994795384989135
1252.18115234375 0.9498798251152039 0.14655821025371552 5.940323374257345e-15 0.02648217361474804
1252.191162109375 1.1206921339035034 0.15617471933364868 5.93089886216972e-15 0.026982215693864678
1252.201171875 0.8571010231971741 0.14162512123584747 5.921379905908476e-15 0.027488765606008044
1252.2110595703125 1.0407917499542236 0.1516682356595993 5.9118842430532816e-15 0.027995341256101012
1252.2210693359375 0.8480781316757202 0.1397964358329773 5.9021763984448e-15 0.028514304137858527
1252.2310791015625 1.1619881391525269 0.15838642418384552 5.892373262629752e-15 0.029039251024519812
1252.240966796875 1.1390386819839478 0.15750211477279663 5.882595114286649e-15 0.029563535251217084
1252.2509765625 0.8495649099349976 0.14217306673526764 5.872600549025522e-15 0.030099916527095386
1252.260986328125 1.1419639587402344 0.15839852392673492 5.862508998491934e-15 0.03064181625218823
1252.2708740234375 1.1198921203613281 0.157135471701622 5.852444976529132e-15 0.031182385189196717
1252.2808837890625 0.8411372900009155 0.14195334911346436 5.8421598789670966e-15 0.03173482257503856
1252.2908935546875 1.1071480512619019 0.15706530213356018 5.83177652558318e-15 0.03229233278474423
1252.30078125 0.9884155988693237 0.15068377554416656 5.821422818352417e-15 0.03284790301282651
1252.310791015625 0.8188936710357666 0.1411009281873703 5.810842953324737e-15 0.033415116688252616
1252.32080078125 1.247668743133545 0.16498982906341553 5.800163985442228e-15 0.03398699644639925
1252.330810546875 1.0785937309265137 0.15600381791591644 5.789385067671944e-15 0.03456342315961581
1252.3406982421875 0.8913604617118835 0.14550679922103882 5.778639184186602e-15 0.03513717535539516
1252.3507080078125 0.9727896451950073 0.15073943138122559 5.767661213673713e-15 0.035722270879277124
1252.3607177734375 0.9466899633407593 0.14968523383140564 5.756581599207153e-15 0.036311540836623434
1252.37060546875 0.9105797410011292 0.1470039337873459 5.745537983640851e-15 0.036897620255542586
1252.380615234375 1.1149228811264038 0.15900713205337524 5.734256351816371e-15 0.03749485961243735
1252.390625 1.1038066148757935 0.1583116352558136 5.722872652521747e-15 0.03809592882602891
1252.4005126953125 1.0117111206054688 0.15356631577014923 5.711526646193276e-15 0.03869331229994877
1252.4105224609375 0.9170873761177063 0.1482200026512146 5.69993838844189e-15 0.03930167124051924
1252.4205322265625 0.7966436147689819 0.14142686128616333 5.688246369154465e-15 0.03991353228256243
1252.430419921875 1.0169825553894043 0.1541186422109604 5.676595430964982e-15 0.04052126203072014
1252.4404296875 0.934466540813446 0.15016789734363556 5.6646963121219536e-15 0.04113978949771053
1252.450439453125 1.0862975120544434 0.15923313796520233 5.652692584709939e-15 0.04176151859359834
1252.4603271484375 1.0489859580993652 0.15697795152664185 5.640732055978235e-15 0.04237870298821858
1252.4703369140625 0.8616717457771301 0.14598381519317627 5.6285195349447224e-15 0.043006496939963224
1252.4803466796875 1.0532068014144897 0.158202663064003 5.616200287759856e-15 0.04363718502435383
1252.490234375 1.0975158214569092 0.15972088277339935 5.603926780354141e-15 0.044262951533421344
1252.500244140625 1.0724331140518188 0.15895399451255798 5.591395774932461e-15 0.044899125997515076
1252.51025390625 1.1982190608978271 0.1662396937608719 5.5787571963264795e-15 0.045537955427779636
1252.520263671875 1.0495120286941528 0.15825684368610382 5.5660114680526705e-15 0.0461793184562366
1252.5301513671875 0.8582392334938049 0.14650768041610718 5.553314867689802e-15 0.046815262878243176
1252.5401611328125 1.0969762802124023 0.1611359715461731 5.540353569530917e-15 0.047461415412486475
1252.5501708984375 0.8627790808677673 0.14781510829925537 5.527283004121836e-15 0.04810982919646952
1252.56005859375 1.1284620761871338 0.16403117775917053 5.514265378271958e-15 0.0487524931616162
1252.570068359375 1.0482584238052368 0.15957124531269073 5.500977548911906e-15 0.04940518444672404
1252.580078125 1.080430269241333 0.16105256974697113 5.487579181752238e-15 0.05005989676099833
1252.5899658203125 0.868582010269165 0.1495310366153717 5.474235871734141e-15 0.05070855354785468
1252.5999755859375 1.0977883338928223 0.16285140812397003 5.46061769952466e-15 0.05136705856600666
1252.6099853515625 1.1746928691864014 0.1668364703655243 5.446888142482615e-15 0.05202735512861536
1252.619873046875 0.9737212061882019 0.1566656231880188 5.433216183680983e-15 0.05268127415596303
1252.6298828125 0.8774312734603882 0.15118663012981415 5.41926385697381e-15 0.05334487608816724
1252.639892578125 1.1373169422149658 0.16585583984851837 5.4051988748846525e-15 0.05401004652810864
1252.6497802734375 0.8536245226860046 0.14942672848701477 5.3911944556512235e-15 0.054668549488470275
