wave flux_norm flux_err cont_fit cont_err
1257.0057373046875 1.0495096445083618 0.18198423087596893 4.46729030381828e-15 0.05511101389604252
1257.0157470703125 0.8286579251289368 0.16553159058094025 4.4736883671853654e-15 0.05401208806093104
1257.025634765625 0.9452195167541504 0.17464172840118408 4.479944129017312e-15 0.05293509206482233
1257.03564453125 0.9438568949699402 0.1745309829711914 4.486212172826994e-15 0.051879807769858344
1257.045654296875 1.2200675010681152 0.19039610028266907 4.492415418616211e-15 0.050858634923939446
1257.0555419921875 1.0437657833099365 0.18006621301174164 4.498479751002078e-15 0.04984619234806857
1257.0655517578125 0.973092257976532 0.17613902688026428 4.504555094816259e-15 0.04885510701451324
1257.0755615234375 1.2284963130950928 0.19157354533672333 4.510566911159397e-15 0.04789700609853375
1257.08544921875 0.9702720642089844 0.17520871758460999 4.516442355198026e-15 0.04694810739402792
1257.095458984375 0.8529114127159119 0.1666654795408249 4.522326693082602e-15 0.04602031150983523
1257.10546875 1.1437908411026 0.18436552584171295 4.528148350529081e-15 0.0451244990991222
1257.1153564453125 0.9347097277641296 0.1716555953025818 4.533837447319314e-15 0.04423848150543572
1257.1253662109375 0.8653965592384338 0.16714251041412354 4.539534167406073e-15 0.04337337803080754
1257.1353759765625 1.0330913066864014 0.1784670650959015 4.545169054087682e-15 0.04253935118960001
1257.145263671875 0.997151255607605 0.17635075747966766 4.550673497695414e-15 0.0417157674034282
1257.1552734375 0.9984663724899292 0.17479373514652252 4.556184294050251e-15 0.04091302535220074
1257.165283203125 0.9271790981292725 0.17092257738113403 4.561633680516411e-15 0.04014053186709361
1257.1751708984375 1.0626188516616821 0.17916321754455566 4.566956435556957e-15 0.03937924865964693
1257.1851806640625 1.1441012620925903 0.18452604115009308 4.572284272795187e-15 0.0386388199046132
1257.1951904296875 0.8548487424850464 0.16624894738197327 4.5775507001447405e-15 0.03792789585294701
1257.2052001953125 0.9700620174407959 0.17404749989509583 4.582756988155039e-15 0.037228941030168966
1257.215087890625 0.93807452917099 0.1713845133781433 4.587840456387986e-15 0.036550903976361175
1257.22509765625 0.7870911955833435 0.16061894595623016 4.592926465719774e-15 0.035893783605171085
1257.235107421875 0.7497849464416504 0.15805582702159882 4.597953182745255e-15 0.03526528037769916
1257.2449951171875 0.9172324538230896 0.16918715834617615 4.602859621092225e-15 0.03464988228879828
1257.2550048828125 0.7157585620880127 0.1550309658050537 4.60776775350509e-15 0.03405550373366788
1257.2650146484375 1.0690157413482666 0.1782427728176117 4.612617017128121e-15 0.03348905252286839
1257.27490234375 0.7311129570007324 0.15630760788917542 4.617349390204431e-15 0.032936561787990294
1257.284912109375 0.880149781703949 0.16705383360385895 4.622081763280741e-15 0.03240517081164177
1257.294921875 0.8967128992080688 0.16780012845993042 4.62675569108369e-15 0.031900950112966446
1257.3048095703125 1.0806024074554443 0.17879348993301392 4.631316116471707e-15 0.03141152539234317
1257.3148193359375 1.0109503269195557 0.1749621331691742 4.6358752713103035e-15 0.03094319965175249
1257.3248291015625 1.095481038093567 0.17926950752735138 4.6403768279084864e-15 0.030501294652633328
1257.334716796875 0.8434220552444458 0.1636534184217453 4.6447669996741055e-15 0.03007485364670516
1257.3447265625 1.1433913707733154 0.1818048357963562 4.649155053857356e-15 0.029669429113460846
1257.354736328125 1.1060189008712769 0.18002255260944366 4.653486356833141e-15 0.029289507434425568
1257.3646240234375 0.8426324129104614 0.1619957685470581 4.6577092395916776e-15 0.028925599665620406
1257.3746337890625 0.926051914691925 0.16727273166179657 4.661928310701951e-15 0.028582456532924762
1257.3846435546875 1.1540051698684692 0.18279023468494415 4.666091477637706e-15 0.028263732591539786
1257.39453125 1.0555493831634521 0.1761585921049118 4.670149188971528e-15 0.02796139875563132
1257.404541015625 0.7226347923278809 0.1542806476354599 4.674201818107666e-15 0.027679345006127554
1257.41455078125 0.8891626596450806 0.16476939618587494 4.678199390102233e-15 0.027420430962549015
1257.424560546875 1.0023914575576782 0.17225736379623413 4.682141904955228e-15 0.027178027410672684
1257.4344482421875 0.8848791122436523 0.16508877277374268 4.6859827758545525e-15 0.026955194846767085
1257.4444580078125 0.868520975112915 0.16395814716815948 4.689816870490299e-15 0.026751643965514733
1257.4544677734375 1.165703296661377 0.18141071498394012 4.693596755017421e-15 0.026569187878690136
1257.46435546875 0.8503333330154419 0.16261880099773407 4.6972779602061886e-15 0.026402977068815253
1257.474365234375 0.9013474583625793 0.16501808166503906 4.700950695065483e-15 0.02625501286729059
1257.484375 1.1612526178359985 0.181907519698143 4.7045704903655745e-15 0.026126372813098264
1257.4942626953125 1.0292824506759644 0.1738460510969162 4.708093723909679e-15 0.026013465318188805
1257.5042724609375 1.1605037450790405 0.18119241297245026 4.711608063607837e-15 0.02591754669747269
1257.5142822265625 1.1124603748321533 0.17778423428535461 4.715069887263265e-15 0.025839014452092673
1257.524169921875 0.964081883430481 0.16873815655708313 4.718438113778022e-15 0.025775457289144852
1257.5341796875 0.9259518384933472 0.1676962822675705 4.721795752380938e-15 0.025727444019468474
1257.544189453125 1.0762678384780884 0.17597658932209015 4.725102145490545e-15 0.025694773093531454
1257.5540771484375 0.99174565076828 0.17107032239437103 4.728317059041849e-15 0.025676119750082212
1257.5640869140625 1.0247092247009277 0.1722600907087326 4.731520961164838e-15 0.025671439424072608
1257.5740966796875 0.9915934205055237 0.16983085870742798 4.734673617794519e-15 0.02568000744924535
1257.583984375 1.0736666917800903 0.1750234067440033 4.737738182997685e-15 0.02570149371078009
1257.593994140625 0.988855242729187 0.17081378400325775 4.740790042706642e-15 0.025735324599393494
1257.60400390625 1.167372703552246 0.18076907098293304 4.7437915039552376e-15 0.02578032444234707
1257.6138916015625 0.8235997557640076 0.15982119739055634 4.746707838392634e-15 0.025837060453750102
1257.6239013671875 1.1986215114593506 0.18284840881824493 4.749610196786401e-15 0.02590450950311903
1257.6339111328125 1.0204591751098633 0.17210352420806885 4.752463427269227e-15 0.025982128636365953
1257.6439208984375 1.0374091863632202 0.17208971083164215 4.755267106324639e-15 0.026068272883100468
1257.65380859375 1.0678176879882812 0.17439469695091248 4.757988623184167e-15 0.02616455302922824
1257.663818359375 1.1981611251831055 0.182000994682312 4.760695316967118e-15 0.026269441810658153
1257.673828125 1.2269216775894165 0.18430763483047485 4.763353306355602e-15 0.02638102354915178
1257.6837158203125 0.9987494945526123 0.17056134343147278 4.765932098163518e-15 0.026501570143485656
1257.6937255859375 0.7719215750694275 0.1561184525489807 4.768494796345436e-15 0.026629273034089174
1257.7037353515625 1.1948193311691284 0.18225988745689392 4.771009637165834e-15 0.026761996594846762
1257.713623046875 0.9674392938613892 0.16828228533267975 4.773446974471558e-15 0.026902582476930063
1257.7236328125 1.1820790767669678 0.17931611835956573 4.775868218151284e-15 0.027048994173909522
1257.733642578125 0.9025358557701111 0.16359488666057587 4.7782420279859645e-15 0.027198932807817808
1257.7435302734375 0.9516511559486389 0.16665592789649963 4.780541298921286e-15 0.027355700562526356
1257.7535400390625 0.9949318766593933 0.17076539993286133 4.782822782164716e-15 0.027517103415056105
1257.7635498046875 1.077994465827942 0.17504030466079712 4.78505810211252e-15 0.027680717504546124
1257.7734375 0.9967606663703918 0.16964520514011383 4.787221000743334e-15 0.027850233967971948
1257.783447265625 1.0911694765090942 0.17649903893470764 4.789365264649308e-15 0.028023320582585297
1257.79345703125 0.897746205329895 0.163969025015831 4.791464212292604e-15 0.028197478633124055
1257.8033447265625 1.2236659526824951 0.18277764320373535 4.7934937032342254e-15 0.028376708651346866
1257.8133544921875 1.2692277431488037 0.18595564365386963 4.795503288901586e-15 0.028558577955155342
1257.8233642578125 1.0269148349761963 0.17197400331497192 4.7974679818227426e-15 0.028740542092265356
1257.8333740234375 0.9812677502632141 0.16774536669254303 4.799388629030642e-15 0.028926827538333318
1257.84326171875 0.9785598516464233 0.16861309111118317 4.801242784152181e-15 0.029114953719256813
1257.853271484375 1.1212483644485474 0.17754404246807098 4.803076186966513e-15 0.029304665659010395
1257.86328125 1.0445655584335327 0.17121461033821106 4.804865967584062e-15 0.029493400594147384
1257.8731689453125 1.1858842372894287 0.18067026138305664 4.806591373697619e-15 0.029685607454785705
1257.8831787109375 1.2822185754776 0.18615420162677765 4.808295180471021e-15 0.02987875273497854
1257.8931884765625 1.2198630571365356 0.1818264275789261 4.80995663559706e-15 0.03007026218011639
1257.903076171875 0.7351868152618408 0.15199853479862213 4.811555833801476e-15 0.030264688466343042
1257.9130859375 1.3001655340194702 0.18603424727916718 4.81313258563279e-15 0.030459495778118628
1257.923095703125 1.0076960325241089 0.16975748538970947 4.814667409333215e-15 0.030652131943006214
1257.9329833984375 0.9106438159942627 0.1640866994857788 4.816142517210858e-15 0.030847201787562433
1257.9429931640625 0.926034152507782 0.16488344967365265 4.817594755198926e-15 0.03104218408930789
1257.9530029296875 0.9582403898239136 0.16682212054729462 4.819005912089051e-15 0.03123455308038862
1257.962890625 0.8151547312736511 0.15668579936027527 4.820359470738764e-15 0.03142892904564891
1257.972900390625 0.8441840410232544 0.1597921997308731 4.821689312465953e-15 0.031622822981521935
1257.98291015625 1.2303825616836548 0.18301691114902496 4.822978496611674e-15 0.03181374997726469
1257.9927978515625 0.7484614253044128 0.15329191088676453 4.8242126236158235e-15 0.032006316150095755
1258.0028076171875 0.6695131063461304 0.1464914083480835 4.825422610180976e-15 0.032198060767084986
1258.0128173828125 0.9085365533828735 0.16358785331249237 4.8265923626811345e-15 0.03238657594457104
1258.022705078125 1.1985336542129517 0.18032421171665192 4.827709599138563e-15 0.0325763992350263
1258.03271484375 0.9726981520652771 0.16735264658927917 4.828801424607574e-15 0.03276512291481092
1258.042724609375 0.8900867104530334 0.16271410882472992 4.829854286561011e-15 0.03295039122323814
1258.052734375 0.9110826849937439 0.16182859241962433 4.8308690320318214e-15 0.03313670074179346
1258.0626220703125 1.0493439435958862 0.1725917011499405 4.8318333790422704e-15 0.03332168101523968
1258.0726318359375 0.827515721321106 0.1580042690038681 4.8327714680313546e-15 0.033505272811928596
1258.0826416015625 0.858773946762085 0.1604856699705124 4.8336722875707595e-15 0.03368520082456996
1258.092529296875 0.9268808960914612 0.16409359872341156 4.834524826232171e-15 0.03386584119203376
1258.1025390625 0.8780323266983032 0.16072377562522888 4.835350683355744e-15 0.03404491175458831
1258.112548828125 1.0691701173782349 0.17344079911708832 4.836139694546111e-15 0.03422021647141794
1258.1224365234375 1.0539686679840088 0.17162935435771942 4.836882965957327e-15 0.034396036209216004
1258.1324462890625 0.8757163286209106 0.16114002466201782 4.837598708797757e-15 0.0345701467816572
1258.1424560546875 0.9571141004562378 0.16619382798671722 4.8382784527379284e-15 0.03474042061892888
1258.15234375 0.989878237247467 0.16765625774860382 4.8389145744813164e-15 0.03491102880000613
1258.162353515625 0.9706782102584839 0.16701984405517578 4.839522744137445e-15 0.03507981851953734
1258.17236328125 0.9397975206375122 0.16492991149425507 4.840095338409789e-15 0.03524473546556969
1258.1822509765625 0.8436043858528137 0.1586567461490631 4.840626428067717e-15 0.035409825736138295
1258.1922607421875 0.9064469933509827 0.16361837089061737 4.841129142121913e-15 0.03557301748278883
1258.2022705078125 1.0504246950149536 0.1726696640253067 4.8415975513417444e-15 0.035732322172683226
1258.212158203125 1.1304982900619507 0.17718805372714996 4.842026150013055e-15 0.035891661217593296
1258.22216796875 1.052974820137024 0.17182216048240662 4.842425949564159e-15 0.03604903529949326
1258.232177734375 0.9229150414466858 0.16427113115787506 4.842791444280899e-15 0.036202550482725825
1258.2420654296875 0.8596237301826477 0.1602380871772766 4.84311966954796e-15 0.03635596503193328
1258.2520751953125 0.9056249260902405 0.1633085161447525 4.843418672178341e-15 0.03650737602771048
1258.2620849609375 0.9853522181510925 0.16824673116207123 4.843684640523779e-15 0.03665676044291981
1258.2720947265625 0.6489508748054504 0.14556872844696045 4.843917574584274e-15 0.0368023282739653
1258.281982421875 0.9200456142425537 0.1642514169216156 4.844115356777458e-15 0.036947663606093
1258.2919921875 0.8742867708206177 0.16059407591819763 4.844283492817488e-15 0.037090952203469675
1258.302001953125 0.9357659816741943 0.16553683578968048 4.844419441605522e-15 0.03723047823308908
1258.3118896484375 0.873047947883606 0.161220982670784 4.8445223561086135e-15 0.037369685333443974
1258.3218994140625 0.9533205032348633 0.1656917780637741 4.844595200942077e-15 0.037506828541577664
1258.3319091796875 0.9536658525466919 0.16560682654380798 4.844636705556493e-15 0.03764027941592587
1258.341796875 0.8404015898704529 0.1593785285949707 4.8446472934683335e-15 0.03777333394806163
1258.351806640625 0.7298619151115417 0.15115730464458466 4.8446269646775994e-15 0.037904322169526425
1258.36181640625 0.8401007056236267 0.15946930646896362 4.844576142700764e-15 0.03803170381935202
1258.3717041015625 0.8084659576416016 0.15725970268249512 4.844496098087249e-15 0.038158608691955156
1258.3817138671875 0.8737702965736389 0.16096113622188568 4.844385136771158e-15 0.03828347283488223
1258.3917236328125 0.8101952075958252 0.15645509958267212 4.8442441057854405e-15 0.0384048022998467
1258.401611328125 0.6516913771629333 0.1448061764240265 4.8440759697454105e-15 0.03852560432323274
1258.41162109375 0.9231745004653931 0.16367638111114502 4.843876917002806e-15 0.038644385037540016
1258.421630859375 0.7163906097412109 0.1494431346654892 4.843648641623521e-15 0.0387597243777697
1258.4315185546875 0.6834651231765747 0.14730718731880188 4.843394531739344e-15 0.03887449524162724
1258.4415283203125 0.7465213537216187 0.15224115550518036 4.84310908163612e-15 0.0389872600032018
1258.4515380859375 0.6170698404312134 0.14356966316699982 4.8427956794456356e-15 0.03909669511229749
1258.4615478515625 0.5692687034606934 0.13979972898960114 4.8424539016514185e-15 0.039205511540240594
1258.471435546875 0.39476656913757324 0.12454541772603989 4.842088830451152e-15 0.03931235884824043
1258.4814453125 0.540285587310791 0.1360863745212555 4.841692419031837e-15 0.03941725281239708
1258.491455078125 0.5223131775856018 0.13520032167434692 4.841268479041736e-15 0.03951895940747852
1258.5013427734375 0.6510120034217834 0.1458863765001297 4.84082293971148e-15 0.03962000561582593
1258.5113525390625 0.7464295029640198 0.153051495552063 4.8403456366457025e-15 0.039719138110602244
1258.5213623046875 0.7302501201629639 0.1520267128944397 4.83984207555856e-15 0.03981519818331182
1258.53125 0.39296722412109375 0.12519176304340363 4.839318609197157e-15 0.03991057669524466
1258.541259765625 0.9551762938499451 0.16644714772701263 4.838762955583758e-15 0.04000408550605122
1258.55126953125 0.6821173429489136 0.1486726850271225 4.838181467465468e-15 0.04009464050993213
1258.5611572265625 0.9251036643981934 0.16372798383235931 4.837582191655285e-15 0.040184491700191706
1258.5711669921875 0.832251787185669 0.15800568461418152 4.836950728593107e-15 0.040272530751572055
1258.5811767578125 1.073434591293335 0.17498786747455597 4.8362938545425116e-15 0.04035773618060842
1258.591064453125 1.1378216743469238 0.1789271980524063 4.835621310382392e-15 0.04044222343066405
1258.60107421875 1.0363075733184814 0.17277692258358002 4.834915731937329e-15 0.04052495956369919
1258.611083984375 0.9346259832382202 0.1669468730688095 4.834186436569743e-15 0.04060498125233498
1258.6209716796875 0.8257665038108826 0.15899698436260223 4.83344231812558e-15 0.04068428406205984
1258.6309814453125 0.9459446668624878 0.16566462814807892 4.832665588912948e-15 0.04076188978549594
1258.6409912109375 1.1219602823257446 0.17777854204177856 4.8318651427777925e-15 0.040836909102600696
1258.65087890625 1.0174614191055298 0.16958226263523102 4.831052414664902e-15 0.040911211902550156
1258.660888671875 0.8205320835113525 0.1601153165102005 4.830206228750595e-15 0.04098388323637737
1258.6708984375 0.6903429627418518 0.1495887041091919 4.829338019979659e-15 0.041054091951912335
1258.680908203125 1.0000147819519043 0.17006394267082214 4.828447364835621e-15 0.041123590313992694
1258.6907958984375 0.9811780452728271 0.1676088571548462 4.827545698263269e-15 0.041191530020534974
1258.7008056640625 0.9194902181625366 0.16522684693336487 4.826611420922448e-15 0.04125793009453514
1258.7108154296875 1.036118745803833 0.1728866994380951 4.8256551207249976e-15 0.04132203468562114
1258.720703125 0.8435363173484802 0.16038288176059723 4.824689926681601e-15 0.0413854518018499
1258.730712890625 0.841879665851593 0.15876096487045288 4.823692121869736e-15 0.041447402710413
1258.74072265625 1.0104182958602905 0.17140865325927734 4.822673141234189e-15 0.04150718232787071
1258.7506103515625 1.2818572521209717 0.18730394542217255 4.821646537302117e-15 0.04156629517047514
1258.7606201171875 1.0486232042312622 0.1734415739774704 4.820587322601575e-15 0.04162401839449214
1258.7706298828125 0.8732668161392212 0.16306255757808685 4.819507355593826e-15 0.04167970143693193
1258.780517578125 1.014662265777588 0.17075780034065247 4.8184218828719195e-15 0.04173474488082044
1258.79052734375 1.0663570165634155 0.17483586072921753 4.81730337586507e-15 0.041788474581263745
1258.800537109375 0.9842728972434998 0.16803985834121704 4.816165810616908e-15 0.041840290181481145
1258.8104248046875 1.2289667129516602 0.183867409825325 4.815023586687535e-15 0.041891496474149977
1258.8204345703125 1.0542412996292114 0.17308309674263 4.81384832847322e-15 0.04194147360140527
1258.8304443359375 1.0303994417190552 0.1723223775625229 4.8126548590505386e-15 0.041989666877006095
1258.84033203125 0.9270729422569275 0.16646920144557953 4.811458001496068e-15 0.042037286152172684
1258.850341796875 1.1643896102905273 0.18076865375041962 4.810228533173129e-15 0.04208375683678459
1258.8603515625 1.0424220561981201 0.17186535894870758 4.808981277158297e-15 0.04212856751016174
1258.870361328125 1.1442433595657349 0.18021610379219055 4.80771708048452e-15 0.04217285011494683
1258.8802490234375 1.1271222829818726 0.17739711701869965 4.8064507662283745e-15 0.0422160711679027
1258.8902587890625 0.8893982768058777 0.16307926177978516 4.805152688236707e-15 0.04225826609630377
1258.9002685546875 0.9855996966362 0.16893579065799713 4.803837246069621e-15 0.04229896013247215
1258.91015625 0.9816519618034363 0.16887333989143372 4.802522227419009e-15 0.042339197553782036
1258.920166015625 1.2321232557296753 0.18376179039478302 4.801175021516401e-15 0.04237848771373598
1258.93017578125 0.8037930130958557 0.15781556069850922 4.799811721987795e-15 0.04241640586304677
1258.9400634765625 0.9545920491218567 0.167994886636734 4.79844969300861e-15 0.042453917234341845
1258.9500732421875 0.987013041973114 0.17057712376117706 4.797055900293903e-15 0.042490578723748396
1258.9600830078125 0.8082881569862366 0.15790796279907227 4.795646437469672e-15 0.042525987473156446
1258.969970703125 0.8903494477272034 0.1630576252937317 4.7942399392607565e-15 0.04256105208404634
1258.97998046875 0.9532209038734436 0.1670738309621811 4.792801677316319e-15 0.042595353014607686
1258.989990234375 0.8221940398216248 0.15860864520072937 4.7913490158117775e-15 0.042628523536535574
1258.9998779296875 0.965376615524292 0.16802555322647095 4.789900589471973e-15 0.04266141268578392
1259.0098876953125 0.8379918336868286 0.15893244743347168 4.788419975880172e-15 0.0426936361841942
1259.0198974609375 0.8212547898292542 0.15812480449676514 4.786926233277689e-15 0.04272484463940298
1259.02978515625 0.7545464634895325 0.15408486127853394 4.78543757287289e-15 0.042755840174048904
1259.039794921875 0.6902520060539246 0.1499480903148651 4.783917572249042e-15 0.042786264924140116
1259.0498046875 0.6902419328689575 0.1502515971660614 4.782384442614512e-15 0.04281578688136687
1259.0596923828125 0.7400456666946411 0.15357975661754608 4.7808580892435594e-15 0.04284517377878646
1259.0697021484375 0.642302393913269 0.14678168296813965 4.779300819170032e-15 0.0428740809485074
1259.0797119140625 0.6590207815170288 0.14765523374080658 4.77773126711877e-15 0.04290220562729057
1259.0897216796875 0.43255308270454407 0.12916208803653717 4.77615028012272e-15 0.04293026216873362
1259.099609375 0.5787506699562073 0.1411602944135666 4.774577339939669e-15 0.042957942765551635
1259.109619140625 0.4824780821800232 0.13286267220973969 4.772973483054043e-15 0.04298527391004154
1259.11962890625 0.49631866812705994 0.13567903637886047 4.771359038256576e-15 0.043011961866677224
1259.1295166015625 0.3673950433731079 0.12349054217338562 4.7697534873050555e-15 0.04303869925143825
1259.1395263671875 0.18927858769893646 0.10453729331493378 4.7681178666839075e-15 0.04306518339770582
1259.1495361328125 0.2202780544757843 0.10923099517822266 4.766472081667392e-15 0.04309112734869653
1259.159423828125 0.1570834219455719 0.10010062158107758 4.764836884562718e-15 0.04311720403626783
1259.16943359375 0.22142146527767181 0.10868725925683975 4.763171617788416e-15 0.043143127978181435
1259.179443359375 0.15681801736354828 0.10082628577947617 4.7614966101352206e-15 0.043168609346906896
1259.1893310546875 0.058997731655836105 0.08711698651313782 4.759833460943287e-15 0.04319431101309998
1259.1993408203125 0.2872040569782257 0.11520345509052277 4.758141089114673e-15 0.043219951897259475
1259.2093505859375 0.09110651165246964 0.09174393862485886 4.7564398234401124e-15 0.043245249359394146
1259.21923828125 0.10838907957077026 0.09387747198343277 4.754751263259761e-15 0.04327085773095472
1259.229248046875 0.15691807866096497 0.10109033435583115 4.753033480442729e-15 0.043296498263927376
1259.2392578125 0.10653886198997498 0.09467949718236923 4.751308074329172e-15 0.043321883093557
1259.2491455078125 0.09134457260370255 0.09190884232521057 4.749596220742771e-15 0.04334767601972575
1259.2591552734375 0.05936041101813316 0.08693307638168335 4.747855991552637e-15 0.04337358390722063
1259.2691650390625 0.15769435465335846 0.10072191059589386 4.746108986098925e-15 0.04339933115831072
1259.279052734375 0.10834775865077972 0.09396149963140488 4.744375956688843e-15 0.043425571188969225
1259.2890625 0.058687519282102585 0.0876050740480423 4.742615398707975e-15 0.04345202787547537
1259.299072265625 0.02652210369706154 0.08233344554901123 4.7408484879800025e-15 0.04347839013019636
1259.30908203125 0.05932387337088585 0.08749788999557495 4.739075648021399e-15 0.043505345603528936
1259.3189697265625 0.02657606080174446 0.08227822929620743 4.737318901688794e-15 0.04353259945707355
1259.3289794921875 0.0760345384478569 0.08981887251138687 4.735534626785403e-15 0.043560172605628215
1259.3389892578125 0.0597483329474926 0.0877046212553978 4.733745269684328e-15 0.043587759915561464
1259.348876953125 0.10889022797346115 0.09481181204319 4.731972853242198e-15 0.043616058328317074
1259.35888671875 0.027057494968175888 0.08224185556173325 4.73017375526223e-15 0.04364476416812985
1259.368896484375 0.027130568400025368 0.08241214603185654 4.728369998601052e-15 0.043673543043091276
1259.3787841796875 0.04307577386498451 0.08521067351102829 4.72658445314824e-15 0.04370312707018861
1259.3887939453125 0.07614284008741379 0.09029664844274521 4.724772649674063e-15 0.04373319659583283
1259.3988037109375 0.07668761163949966 0.08974727988243103 4.7229570345516236e-15 0.0437633920177032
1259.40869140625 -0.0060706064105033875 0.07705668359994888 4.721160477670497e-15 0.043794488407109415
1259.418701171875 0.04288123548030853 0.0853942483663559 4.719338509800953e-15 0.04382613675388785
1259.4287109375 0.1412719488143921 0.099579818546772 4.717513577316094e-15 0.04385796786340538
1259.4385986328125 0.15820258855819702 0.10146353393793106 4.715708126589021e-15 0.04389077552515269
1259.4486083984375 0.07628381997346878 0.09046144783496857 4.713878111906478e-15 0.043924205804673745
1259.4586181640625 0.1744939386844635 0.10428906232118607 4.712045979641567e-15 0.043957854639362845
1259.468505859375 0.10937442630529404 0.09521443396806717 4.71023417616739e-15 0.04399256815970233
1259.478515625 0.15833687782287598 0.10201611369848251 4.70839865577069e-15 0.04402796484674407
1259.488525390625 0.2085239738225937 0.108026884496212 4.706561441308096e-15 0.04406360523936498
1259.49853515625 0.3401939570903778 0.12236335128545761 4.704723379812554e-15 0.044100397269425815
1259.5084228515625 0.27531686425209045 0.1144852489233017 4.702906494140693e-15 0.04413791437335803
1259.5184326171875 0.4049270749092102 0.12924063205718994 4.701066738579257e-15 0.04417617678221881
1259.5284423828125 0.47168317437171936 0.1346343457698822 4.699226983017821e-15 0.044214722654597985
1259.538330078125 0.4401492178440094 0.13114477694034576 4.697409250313013e-15 0.04425450700267997
1259.54833984375 0.6049729585647583 0.14527128636837006 4.695569494751577e-15 0.04429507679931293
1259.558349609375 0.555065393447876 0.14196090400218964 4.69372973919014e-15 0.04433593248046697
1259.5682373046875 0.7053981423377991 0.1525288224220276 4.691913700551227e-15 0.04437809851766427
1259.5782470703125 0.6889438033103943 0.15095290541648865 4.690075639055685e-15 0.04442107951438056
1259.5882568359375 0.8873369693756104 0.16495399177074432 4.688238848109564e-15 0.04446434951630597
1259.59814453125 0.7543266415596008 0.1569596230983734 4.68642619760244e-15 0.044508977685167435
1259.608154296875 0.8885144591331482 0.1653120070695877 4.684592794788108e-15 0.04455444961349797
1259.6181640625 1.0369242429733276 0.17486493289470673 4.682761509556144e-15 0.044600197673652475
1259.6280517578125 1.0880364179611206 0.17786851525306702 4.680954364763177e-15 0.04464735881074768
1259.6380615234375 0.9220637083053589 0.16816940903663635 4.6791277382124234e-15 0.044695366020043134
1259.6480712890625 0.9712188839912415 0.17160387337207794 4.677303652760511e-15 0.0447436320679058
1259.657958984375 0.9227971434593201 0.16790054738521576 4.675504978297017e-15 0.04479334474833235
1259.66796875 1.286970853805542 0.1896430104970932 4.673687245592209e-15 0.0448439124365753
1259.677978515625 1.02384352684021 0.17413774132728577 4.67187290101919e-15 0.04489469774937887
1259.6878662109375 0.9888996481895447 0.17284825444221497 4.670084390951063e-15 0.04494696060575769
1259.6978759765625 1.2398995161056519 0.18689672648906708 4.668278093191043e-15 0.045000069748347686
1259.7078857421875 1.0759612321853638 0.17670838534832 4.6664760305957596e-15 0.045053353846774814
1259.7178955078125 1.0071184635162354 0.17334450781345367 4.664678626681686e-15 0.04510812534630226
1259.727783203125 1.055940866470337 0.17717577517032623 4.662907480788977e-15 0.04516372263301472
1259.73779296875 1.1600500345230103 0.18190129101276398 4.661119817753797e-15 0.045220140762100534
1259.747802734375 0.8737536072731018 0.16543403267860413 4.659337660432774e-15 0.04527665384124775
1259.7576904296875 1.2454904317855835 0.1856900006532669 4.657582608166063e-15 0.045334656162441055
1259.7677001953125 1.1430894136428833 0.18171994388103485 4.655811462273354e-15 0.0453934428880512
1259.7777099609375 1.076220989227295 0.1778555065393448 4.65404666912775e-15 0.045452259384381966
1259.78759765625 1.1251771450042725 0.18112784624099731 4.652309828069405e-15 0.04551254066627854
1259.797607421875 1.0759764909744263 0.17862650752067566 4.650558163934483e-15 0.045573557762567975
1259.8076171875 0.8943918347358704 0.16704419255256653 4.648813276063139e-15 0.04563452778870964
1259.8175048828125 1.1280896663665771 0.18122220039367676 4.647096340279055e-15 0.04569693489752919
1259.8275146484375 0.8793035745620728 0.16577258706092834 4.645365851967814e-15 0.04576001103550326
1259.8375244140625 1.056815266609192 0.17831918597221375 4.643643410469573e-15 0.045822952107915614
1259.847412109375 1.0268683433532715 0.1756562888622284 4.641949344575064e-15 0.04588728326849194
1259.857421875 1.0436431169509888 0.17670081555843353 4.640242573186347e-15 0.04595220930684483
1259.867431640625 0.9281948804855347 0.16964374482631683 4.638544272127102e-15 0.04601689544403802
1259.8773193359375 0.7615683078765869 0.15876369178295135 4.636875193704537e-15 0.046082915275913204
1259.8873291015625 0.7963154911994934 0.1601276993751526 4.635194680337185e-15 0.0461494374738387
1259.8973388671875 1.0812861919403076 0.1785152405500412 4.633523060815778e-15 0.046215614812814304
1259.9072265625 0.8454761505126953 0.16443833708763123 4.631881087447526e-15 0.046283043538754134
1259.917236328125 0.6282815337181091 0.14881189167499542 4.630228949683906e-15 0.0463508740728203
1259.92724609375 0.9331714510917664 0.16872115433216095 4.62858655279918e-15 0.046419074306210416
1259.937255859375 0.8787104487419128 0.16652870178222656 4.626954320309821e-15 0.04648676450725032
1259.9471435546875 0.9809442162513733 0.17304328083992004 4.625352581006563e-15 0.04655557795581963
1259.9571533203125 0.9312579035758972 0.17058123648166656 4.6237415243408856e-15 0.046624642980501
1259.9671630859375 0.8478951454162598 0.16413283348083496 4.622141479103522e-15 0.046693065454371095
1259.97705078125 0.9676917791366577 0.17199887335300446 4.620572350568734e-15 0.04676249169171915
1259.987060546875 0.8826765418052673 0.16681233048439026 4.618995175220946e-15 0.04683203947815782
1259.9970703125 0.9152780771255493 0.16903282701969147 4.61742985833442e-15 0.04690080279838
1260.0069580078125 0.5154086947441101 0.13810911774635315 4.615895458150469e-15 0.04697044573457403
1260.0169677734375 0.6469520926475525 0.15040989220142365 4.61435428170294e-15 0.047040062338897536
1260.0269775390625 0.6666007041931152 0.15137051045894623 4.6128258107496194e-15 0.04710875315495123
1260.036865234375 0.8520820736885071 0.16432057321071625 4.6113286800153475e-15 0.04717816677872885
1260.046875 0.6156087517738342 0.1478450894355774 4.609826043566918e-15 0.04724739373732148
1260.056884765625 0.5319655537605286 0.14037030935287476 4.608336536129172e-15 0.04731554954703103
1260.0667724609375 0.7327154278755188 0.15654821693897247 4.606878792426947e-15 0.047384254863446724
1260.0767822265625 0.683285117149353 0.15294139087200165 4.605416813559986e-15 0.047452613714808904
1260.0867919921875 0.5291895270347595 0.14139725267887115 4.603968810736655e-15 0.047519743680598414
1260.0966796875 0.683498203754425 0.15339650213718414 4.602552995165319e-15 0.04758723744918996
1260.106689453125 0.5350458025932312 0.14190980792045593 4.601134214978668e-15 0.0476542052674072
1260.11669921875 0.543900728225708 0.14365127682685852 4.599729834352121e-15 0.04771978464630444
1260.126708984375 0.3699096441268921 0.128055602312088 4.598341123835097e-15 0.04778552595932609
1260.1365966796875 0.47168970108032227 0.13806398212909698 4.5969846005700695e-15 0.047850554961151176
1260.1466064453125 0.5762849450111389 0.1465805470943451 4.595626383239147e-15 0.04791480786967974
1260.1566162109375 0.3785492777824402 0.12924905121326447 4.5942846830506964e-15 0.047977451294916706
1260.16650390625 0.30671072006225586 0.1228862926363945 4.592975170114241e-15 0.04803996242054715
1260.176513671875 0.2912188172340393 0.12088066339492798 4.591665657177786e-15 0.048101495896260754
1260.1865234375 0.2369992583990097 0.1143706887960434 4.5903726613838024e-15 0.048161259073366436
1260.1964111328125 0.24849306046962738 0.11683230102062225 4.589112699874762e-15 0.04822064716185203
1260.2064208984375 0.2698589265346527 0.11923764646053314 4.587854008915142e-15 0.048278854317125114
1260.2164306640625 0.11280032247304916 0.09737219661474228 4.5866126821309406e-15 0.04833511695709032
1260.226318359375 0.11670323461294174 0.09944020211696625 4.585403966115209e-15 0.048390757573024586
1260.236328125 0.11967261880636215 0.0998341366648674 4.584198638231266e-15 0.04844500076519686
1260.246337890625 0.08274800330400467 0.0940505638718605 4.583011098039215e-15 0.04849713699355749
1260.2562255859375 0.06981967389583588 0.09297461062669754 4.581856592132108e-15 0.048548383491555346
1260.2662353515625 0.06530670821666718 0.09165022522211075 4.580706321389736e-15 0.04859801226431856
1260.2762451171875 0.1333562582731247 0.10355479270219803 4.579575108888678e-15 0.04864537077996676
1260.2861328125 0.044453591108322144 0.08780454844236374 4.578476930672563e-15 0.04869155869480975
1260.296142578125 0.09167531877756119 0.0963815227150917 4.577384258170605e-15 0.04873590266200845
1260.30615234375 0.02678046002984047 0.08514337986707687 4.576311914459381e-15 0.04877782184941495
1260.3160400390625 0.0612591952085495 0.09048718214035034 4.5752721815166264e-15 0.04881827539687891
1260.3260498046875 0.03198790177702904 0.08639213442802429 4.5742396483539234e-15 0.04885666106032889
1260.3360595703125 0.06597074121236801 0.09232579916715622 4.573227867498428e-15 0.04889246650270983
1260.3460693359375 0.02698303386569023 0.0853319987654686 4.572236838950141e-15 0.048926505338984766
1260.35595703125 0.07815270125865936 0.09333585202693939 4.571278844686796e-15 0.04895824177107339
1260.365966796875 0.010210242122411728 0.08238739520311356 4.570330167785871e-15 0.04898760294061962
1260.3759765625 0.08743804693222046 0.09686589986085892 4.569403090225101e-15 0.04901419615204712
1260.3858642578125 0.07114182412624359 0.09414716809988022 4.568508623432801e-15 0.049038601714157665
1260.3958740234375 0.07780078053474426 0.09351631253957748 4.567625591585288e-15 0.04906039722431809
1260.4058837890625 0.051843199878931046 0.09069956094026566 4.566765006110878e-15 0.04907929760145794
1260.415771484375 0.044113438576459885 0.08827970921993256 4.565936607888463e-15 0.04909568736953188
1260.42578125 0.08396555483341217 0.09452550858259201 4.565121338676731e-15 0.04910924131054544
1260.435791015625 0.15550512075424194 0.10534451901912689 4.564328515838101e-15 0.049119774447598345
1260.4456787109375 0.06367333233356476 0.09224185347557068 4.563569150800887e-15 0.04912747297118942
1260.4556884765625 0.1325380951166153 0.10149599611759186 4.5628237618073036e-15 0.049132116189441265
1260.4656982421875 0.18473881483078003 0.11052998900413513 4.5621025132527165e-15 0.04913362673710857
1260.4755859375 0.1663849651813507 0.10620962083339691 4.561413451950125e-15 0.04913197297761447
1260.485595703125 0.17125296592712402 0.10735510289669037 4.560740484273532e-15 0.04912704478324262
1260.49560546875 0.16676242649555206 0.1064390242099762 4.560092504068882e-15 0.04911889399283465
1260.5054931640625 0.319335401058197 0.12385667860507965 4.559476711116228e-15 0.04910724962643186
1260.5155029296875 0.6139816641807556 0.1503583937883377 4.558878705855467e-15 0.04909211937570271
1260.5255126953125 0.46873724460601807 0.13896562159061432 4.558306111583123e-15 0.04907369142348275
1260.5355224609375 0.6148287653923035 0.15120719373226166 4.5577589282991965e-15 0.049051442191069
1260.54541015625 0.796143114566803 0.16292113065719604 4.5572443557837395e-15 0.04902551168809506
1260.555419921875 0.7558948397636414 0.16072672605514526 4.556749688542543e-15 0.0489958373458483
1260.5654296875 0.7261685729026794 0.157924622297287 4.556281279322711e-15 0.04896278928825986
1260.5753173828125 0.6430233120918274 0.15222956240177155 4.5558450573548754e-15 0.0489254917226746
1260.5853271484375 0.9935633540153503 0.1760806292295456 4.5554304347271944e-15 0.04888427282133101
1260.5953369140625 0.9185660481452942 0.17090705037117004 4.5550429171538256e-15 0.0488396505639449
1260.605224609375 0.9919425249099731 0.17627257108688354 4.5546875868324524e-15 0.04879046437179077
1260.615234375 0.8142751455307007 0.16408684849739075 4.554355126400655e-15 0.04873720473701401
1260.625244140625 0.8946031332015991 0.1688612997531891 4.554051041572591e-15 0.04868052677411324
1260.6351318359375 0.8883401155471802 0.16766610741615295 4.553778296963575e-15 0.048618992224003135
1260.6451416015625 0.9515462517738342 0.17371828854084015 4.553530963342977e-15 0.048553233701511184
1260.6551513671875 0.7959044575691223 0.1629137098789215 4.553312428842585e-15 0.04848408060795178
1260.6650390625 0.8124500513076782 0.1630309522151947 4.553125234561242e-15 0.048409796156925367
1260.675048828125 0.9831857085227966 0.17530401051044464 4.552964721817737e-15 0.04833117064827457
1260.68505859375 0.7255903482437134 0.1567145437002182 4.55283427874386e-15 0.04824920271305736
1260.6949462890625 0.7082765102386475 0.15456461906433105 4.552734328856084e-15 0.048161837040451606
1260.7049560546875 0.9976422786712646 0.17576418817043304 4.552663601604988e-15 0.0480700416422374
1260.7149658203125 0.9135500192642212 0.17063498497009277 4.55262294402352e-15 0.04797498791356567
1260.724853515625 0.8788226842880249 0.1670295000076294 4.552613203144627e-15 0.047874308290020734
1260.73486328125 0.9124442338943481 0.1699220985174179 4.552633955451834e-15 0.04776913320611029
1260.744873046875 0.9456526637077332 0.1731048971414566 4.5526860479780905e-15 0.04766081518946129
1260.7548828125 0.995067298412323 0.1760944128036499 4.552769480723395e-15 0.04754667429884467
1260.7647705078125 0.8604991436004639 0.16643579304218292 4.552882983138327e-15 0.04742801878111059
1260.7747802734375 0.9109476208686829 0.17021270096302032 4.553029943354676e-15 0.047304843449973134
1260.7847900390625 0.8622524738311768 0.16581520438194275 4.55320909082302e-15 0.04717874386837684
1260.794677734375 0.8262946605682373 0.16428005695343018 4.553417884444518e-15 0.0470466117595202
1260.8046875 0.8105130791664124 0.16290561854839325 4.5536618299333274e-15 0.04690999663150199
1260.814697265625 0.8448855876922607 0.16543717682361603 4.5539388097070796e-15 0.04677066847218103
1260.8245849609375 0.9304749965667725 0.170507550239563 4.554245435633986e-15 0.04662520643767712
1260.8345947265625 0.9478520154953003 0.17210043966770172 4.554588907494097e-15 0.04647534308025469
1260.8446044921875 1.0801984071731567 0.18073144555091858 4.554966260672099e-15 0.0463230158979305
1260.8544921875 0.8780285120010376 0.16811756789684296 4.5553724129703075e-15 0.04616451519756102
1260.864501953125 0.9302451610565186 0.17085756361484528 4.55581752878409e-15 0.04600174491534805
1260.87451171875 0.9128085970878601 0.16943424940109253 4.556297372948709e-15 0.045836826869061584
1260.8843994140625 1.063981294631958 0.17948444187641144 4.556805592717062e-15 0.04566574599890492
1260.8944091796875 1.1312342882156372 0.18422859907150269 4.557354893583356e-15 0.04549059357864468
1260.9044189453125 0.9803266525268555 0.17469419538974762 4.557939769833435e-15 0.04531364924285831
1260.914306640625 0.846005380153656 0.16463810205459595 4.5585521746543e-15 0.04513063681192447
1260.92431640625 0.8274636268615723 0.16416652500629425 4.5592082016719486e-15 0.04494381024977264
1260.934326171875 1.2367546558380127 0.1890593022108078 4.559900227589855e-15 0.04475561542444897
1260.9442138671875 1.064247965812683 0.17816534638404846 4.560619358562074e-15 0.04456152772252487
1260.9542236328125 0.8923289775848389 0.1680072546005249 4.561383805796971e-15 0.04436396461702899
1260.9642333984375 1.1258914470672607 0.18362051248550415 4.5621855224815475e-15 0.04416552762466786
1260.9742431640625 1.0952818393707275 0.18150293827056885 4.563024085099329e-15 0.0439614488095014
1260.984130859375 0.8557338118553162 0.1663132905960083 4.5638893292549495e-15 0.04375432367811578
1260.994140625 1.0780636072158813 0.18044926226139069 4.56480243077209e-15 0.0435443025098809
1261.004150390625 1.0285909175872803 0.17572356760501862 4.565753648771856e-15 0.043334175389911835
1261.0140380859375 0.8240311741828918 0.16324803233146667 4.566730701276514e-15 0.043118922305617174
1261.0240478515625 0.9057986736297607 0.16946223378181458 4.567758575758007e-15 0.04290133478556369
1261.0340576171875 1.0926642417907715 0.18117396533489227 4.568824566722127e-15 0.042684298662148394
1261.0439453125 1.17811918258667 0.1863429695367813 4.569915968674664e-15 0.042462670745811656
1261.053955078125 1.2620314359664917 0.19046348333358765 4.571059886669931e-15 0.042239360095428606
1261.06396484375 1.0570517778396606 0.17928771674633026 4.572243615213719e-15 0.04201734801450769
1261.0738525390625 1.0593503713607788 0.17858487367630005 4.573451484196503e-15 0.041791417362688536
1261.0838623046875 0.9923701882362366 0.17423492670059204 4.5747144103208594e-15 0.0415645564221207
1261.0938720703125 1.1085588932037354 0.18217869102954865 4.5760171469937366e-15 0.04133984456457583
1261.103759765625 1.057935357093811 0.17855188250541687 4.5773440241056104e-15 0.041112019419632294
1261.11376953125 0.9902353286743164 0.17376567423343658 4.578728075941424e-15 0.04088417095960577
1261.123779296875 0.8368666172027588 0.16482846438884735 4.580152785358706e-15 0.040659397475722205
1261.1336669921875 0.9022080898284912 0.16957193613052368 4.5816012116985105e-15 0.04043248154274977
1261.1436767578125 1.2063177824020386 0.18737338483333588 4.5831085068281496e-15 0.040206572696890604
1261.1536865234375 0.920441210269928 0.17007726430892944 4.584657306572204e-15 0.03998476586242471
1261.1636962890625 1.005194902420044 0.1750815510749817 4.586248881480095e-15 0.03976197085730385
1261.173583984375 1.088023066520691 0.17990900576114655 4.587862055728141e-15 0.03954133698282474
1261.18359375 1.4254915714263916 0.19809606671333313 4.589537910414283e-15 0.039323292419059575
1261.193603515625 0.6997402310371399 0.15417052805423737 4.591256540264262e-15 0.039110871575842
1261.2034912109375 1.1352109909057617 0.18320004642009735 4.592996345937923e-15 0.03889928276809145
1261.2135009765625 1.1041033267974854 0.18062908947467804 4.594800949632048e-15 0.03869163770687258
1261.2235107421875 0.9839575886726379 0.17366601526737213 4.596648752006483e-15 0.03849085203638193
1261.2333984375 0.9168699979782104 0.16965682804584503 4.5985177302046e-15 0.03829247504547376
1261.243408203125 1.0528877973556519 0.17734593152999878 4.600453200489076e-15 0.03809952282174232
1261.25341796875 1.1356894969940186 0.18200810253620148 4.6024335635197564e-15 0.03791476095972903
1261.2633056640625 1.2009329795837402 0.18621133267879486 4.604433408308224e-15 0.037734155186314025
1261.2733154296875 0.8987677097320557 0.16791091859340668 4.6065022862818925e-15 0.03756058291745244
1261.2833251953125 0.8783061504364014 0.16688023507595062 4.608616904034713e-15 0.037396573216167524
1261.293212890625 1.0167549848556519 0.17560608685016632 4.610750156512373e-15 0.037238647642505764
1261.30322265625 1.3183534145355225 0.19231893122196198 4.612954983274076e-15 0.03708945364317982
1261.313232421875 0.8483595848083496 0.16319037973880768 4.615205973331404e-15 0.0369512212833528
1261.3231201171875 0.8809710741043091 0.16595730185508728 4.617474751080625e-15 0.03682112632114981
1261.3331298828125 1.2644742727279663 0.1897503286600113 4.61981764421273e-15 0.03670152115539219
1261.3431396484375 1.0162954330444336 0.17385102808475494 4.622207547673408e-15 0.03659426277329023
1261.35302734375 0.8964830040931702 0.1673426479101181 4.624614391793031e-15 0.03649728434590226
1261.363037109375 0.9792540669441223 0.17221926152706146 4.627097892394381e-15 0.036412574884440566
1261.373046875 1.0457665920257568 0.17568255960941315 4.62962925035725e-15 0.036341514895679196
1261.383056640625 1.2634143829345703 0.18850643932819366 4.632208042165166e-15 0.03628292393708046
1261.3929443359375 1.143871545791626 0.18210522830486298 4.634802504082606e-15 0.03623832278699468
1261.4029541015625 0.9921598434448242 0.17330066859722137 4.637477010613561e-15 0.03620826960599457
1261.4129638671875 1.2430412769317627 0.187003031373024 4.640200221538984e-15 0.03619339146000206
1261.4228515625 1.1089937686920166 0.18011681735515594 4.6429382555409834e-15 0.0361938346605041
1261.432861328125 0.9422652125358582 0.1689586341381073 4.645758451738867e-15 0.03621038296267839
1261.44287109375 1.0212769508361816 0.17540977895259857 4.648628622880638e-15 0.03624299545915698
1261.4527587890625 0.9894141554832458 0.17248834669589996 4.6515119230330915e-15 0.03629292968336443
1261.4627685546875 0.8564341068267822 0.16346365213394165 4.654480773513218e-15 0.03636030336959951
1261.4727783203125 1.0899975299835205 0.17767538130283356 4.6574991754207585e-15 0.03644435915718775
1261.482666015625 1.0384559631347656 0.1748557984828949 4.660530706338982e-15 0.03654752713845571
1261.49267578125 1.052927851676941 0.1767387092113495 4.6636499051672456e-15 0.03666920534141527
1261.502685546875 0.9530364274978638 0.17006586492061615 4.666819925972345e-15 0.03680784627939532
1261.5125732421875 1.1497867107391357 0.18205612897872925 4.670001381722232e-15 0.03696712988971174
1261.5225830078125 0.8040233254432678 0.15976832807064056 4.673273469997475e-15 0.03714566394116608
1261.5325927734375 0.9357008337974548 0.16852302849292755 4.6765968037660276e-15 0.03734109190163278
1261.54248046875 0.9839758276939392 0.17139393091201782 4.679931148962894e-15 0.03755836671506378
1261.552490234375 0.9510471224784851 0.1691189557313919 4.683358244267485e-15 0.0377952964457488
1261.5625 1.1136972904205322 0.17887040972709656 4.686837432098332e-15 0.03804868026271617
1261.5723876953125 1.0487345457077026 0.1745452582836151 4.6903263608080725e-15 0.03832479439112583
1261.5823974609375 1.0467660427093506 0.17510786652565002 4.693911004240853e-15 0.038620609675578
1261.5924072265625 1.1910160779953003 0.1844908595085144 4.697548587232836e-15 0.03893606443905413
1261.6024169921875 1.2615667581558228 0.1867409348487854 4.7012399568169706e-15 0.03926687383518506
