wave flux_norm flux_err cont_fit cont_err
1140.086669921875 1.233388900756836 0.26817449927330017 3.4476206069687654e-15 0.01928130497597567
1140.0966796875 0.8068084716796875 0.22893376648426056 3.4478520587216026e-15 0.01937933399868467
1140.1065673828125 1.0321426391601562 0.246878981590271 3.4480780047602827e-15 0.019478595674474783
1140.1165771484375 0.6646080613136292 0.2154543697834015 3.4483041625571996e-15 0.01957786389732436
1140.1265869140625 1.1736606359481812 0.26023656129837036 3.448527355738801e-15 0.019677109105472122
1140.136474609375 1.1533654928207397 0.2554491460323334 3.4487452549644823e-15 0.019775107598892755
1140.146484375 1.1419047117233276 0.25499090552330017 3.4489631541901634e-15 0.019874259296218846
1140.156494140625 1.098023533821106 0.25231629610061646 3.4491780888005292e-15 0.019973325127797783
1140.1663818359375 1.0843956470489502 0.2508467733860016 3.4493879412132115e-15 0.020071088201670566
1140.1763916015625 1.04310941696167 0.24589169025421143 3.4495977936258937e-15 0.02016994280043649
1140.1864013671875 0.5187960863113403 0.19651326537132263 3.4498046814232606e-15 0.02026865444485174
1140.1964111328125 0.8808093667030334 0.23151566088199615 3.4500090281217857e-15 0.020366015835305035
1140.206298828125 1.0817739963531494 0.24751821160316467 3.4502082926226273e-15 0.02046441437876466
1140.21630859375 1.1811556816101074 0.25446265935897827 3.450407345365232e-15 0.020562628080876767
1140.226318359375 0.9852467179298401 0.23901990056037903 3.4506036452507582e-15 0.020659446988273704
1140.2362060546875 0.9549371004104614 0.2362995743751526 3.4507950746968377e-15 0.020757250209498965
1140.2462158203125 1.0382097959518433 0.2430402636528015 3.4509862923846803e-15 0.020854826216124788
1140.2562255859375 0.9808396100997925 0.23744609951972961 3.4511747572154444e-15 0.020950973703028484
1140.26611328125 1.0402194261550903 0.2427925169467926 3.4513583516067618e-15 0.02104805655501882
1140.276123046875 1.2332940101623535 0.25804874300956726 3.4515415224816055e-15 0.02114487507894746
1140.2861328125 1.0943641662597656 0.24618962407112122 3.4517223640158443e-15 0.021240242662986488
1140.2960205078125 0.7891863584518433 0.22183053195476532 3.4518981233523996e-15 0.021336501492371686
1140.3060302734375 1.428146243095398 0.2716163694858551 3.452073670930718e-15 0.02143246223887982
1140.3160400390625 1.0959186553955078 0.2476244419813156 3.4522466774101947e-15 0.021528115539336815
1140.325927734375 1.090226411819458 0.24564233422279358 3.4524150252084615e-15 0.021622287513311887
1140.3359375 0.8992955088615417 0.2318573147058487 3.452582737732018e-15 0.021717298399135148
1140.345947265625 0.9543968439102173 0.23625975847244263 3.4527481209149693e-15 0.021811973638124933
1140.3558349609375 1.231624722480774 0.25761133432388306 3.4529088454167108e-15 0.021905158635536652
1140.3658447265625 1.0930286645889282 0.24729107320308685 3.4530691464019787e-15 0.021999144265208725
1140.3758544921875 0.8694872260093689 0.22882604598999023 3.4532269062884048e-15 0.022092768711263512
1140.3858642578125 1.3979876041412354 0.26906874775886536 3.453382125075989e-15 0.022184893050398585
1140.395751953125 1.2313820123672485 0.2571319043636322 3.4535328969406004e-15 0.022277779054775307
1140.40576171875 0.8982227444648743 0.23160016536712646 3.4536830335305012e-15 0.02237028977913761
1140.415771484375 1.1188689470291138 0.24894492328166962 3.453830840779797e-15 0.022461291279706686
1140.4256591796875 1.0082240104675293 0.2403828501701355 3.4539744128643567e-15 0.022553029465239623
1140.4356689453125 0.952896237373352 0.23571549355983734 3.454117137915969e-15 0.022644369477270047
1140.4456787109375 0.7887797951698303 0.22151166200637817 3.4542575336269764e-15 0.022734196856847282
1140.45556640625 1.288974404335022 0.2615601122379303 3.4543936941732476e-15 0.022824732244769323
1140.465576171875 0.7357965111732483 0.21728000044822693 3.4545292194448083e-15 0.02291485059209966
1140.4755859375 1.1016602516174316 0.24780306220054626 3.454662203617527e-15 0.023003466827853057
1140.4854736328125 0.906305193901062 0.23265168070793152 3.4547911643837467e-15 0.023092756909143072
1140.4954833984375 0.8824416399002075 0.23130758106708527 3.4549194898752557e-15 0.02318162078875159
1140.5054931640625 1.163078784942627 0.2534182071685791 3.455045274267923e-15 0.023270058521293213
1140.515380859375 0.8570597767829895 0.22870130836963654 3.4551670352540908e-15 0.023356993057906804
1140.525390625 0.9731615781784058 0.23907527327537537 3.455288160965548e-15 0.023444571614132232
1140.535400390625 0.9423033595085144 0.2355550080537796 3.4554067455781637e-15 0.023531708078973698
1140.5452880859375 1.1127777099609375 0.24875646829605103 3.4555217303007535e-15 0.023617351532323465
1140.5552978515625 1.002162218093872 0.2414669394493103 3.455635656232159e-15 0.023703613997709583
1140.5653076171875 1.3096483945846558 0.2642804682254791 3.45574725282296e-15 0.023789428943097334
1140.5751953125 1.0013246536254883 0.24132385849952698 3.455855037765498e-15 0.02387376053793633
1140.585205078125 1.1759849786758423 0.25482115149497986 3.455961975675089e-15 0.023958684195839648
1140.59521484375 1.002802848815918 0.2410810887813568 3.456066584244075e-15 0.024043158719355258
1140.605224609375 1.1368352174758911 0.25121793150901794 3.4561688634724558e-15 0.024126155787620424
1140.6151123046875 1.0038963556289673 0.24094240367412567 3.456267542810811e-15 0.024209729345187385
1140.6251220703125 0.803966224193573 0.2244400978088379 3.456365163357982e-15 0.02429284829035877
1140.6351318359375 0.7890010476112366 0.2232222855091095 3.456460666322785e-15 0.024374504698959257
1140.64501953125 0.8904574513435364 0.23242652416229248 3.456552569397562e-15 0.024456715505091445
1140.655029296875 0.893471360206604 0.23246106505393982 3.456643413681155e-15 0.02453846853914085
1140.6650390625 1.0973323583602905 0.24862535297870636 3.456731928624143e-15 0.024618772428254165
1140.6749267578125 1.0030533075332642 0.24104328453540802 3.456817267193579e-15 0.024699610957358138
1140.6849365234375 0.7719894051551819 0.22122813761234283 3.456901335213594e-15 0.024779989390717367
1140.6949462890625 0.9239219427108765 0.2354479432106018 3.456983073893004e-15 0.02485893757540985
1140.704833984375 0.7654678225517273 0.22262145578861237 3.457061636198862e-15 0.02493840380278256
1140.71484375 1.1377149820327759 0.25287413597106934 3.4571391397135356e-15 0.025017409617079513
1140.724853515625 0.9434071183204651 0.23793402314186096 3.4572143138876044e-15 0.025095956447719718
1140.7347412109375 1.0085898637771606 0.2440979778766632 3.457286311688121e-15 0.025173091390995116
1140.7447509765625 1.2258715629577637 0.2623162567615509 3.4573572506974536e-15 0.025250722414757693
1140.7547607421875 0.7833898067474365 0.22254012525081635 3.457425860366181e-15 0.02532789553294843
1140.7646484375 0.8437410593032837 0.23068806529045105 3.4574915054195934e-15 0.025403679270416382
1140.774658203125 0.7638130784034729 0.2244907021522522 3.457555668165348e-15 0.025479941958169022
1140.78466796875 0.9467489719390869 0.23967960476875305 3.457617925086971e-15 0.025555746733108516
1140.794677734375 1.1092523336410522 0.25379276275634766 3.4576778526679893e-15 0.025630182852718193
1140.8045654296875 0.9069740176200867 0.23766794800758362 3.457735027391929e-15 0.025705077579066708
1140.8145751953125 0.6069430708885193 0.20854468643665314 3.457790719808211e-15 0.025779524511415707
1140.8245849609375 0.7047004103660583 0.21871840953826904 3.4578442946421248e-15 0.025852619062446285
1140.83447265625 1.0377967357635498 0.2472185492515564 3.45789511661896e-15 0.025926165203490597
1140.844482421875 1.0730262994766235 0.25078684091567993 3.4579444562881376e-15 0.025999259673718557
1140.8544921875 0.9087928533554077 0.23737798631191254 3.457991678374947e-15 0.026071021157281195
1140.8643798828125 0.8752520084381104 0.23205149173736572 3.4580363593629147e-15 0.02614322388237899
1140.8743896484375 0.7719102501869202 0.2238481491804123 3.458079346284988e-15 0.02621497749536691
1140.8843994140625 0.8892951607704163 0.23225826025009155 3.4581204273829297e-15 0.026285421077164077
1140.894287109375 0.9871676564216614 0.24160970747470856 3.4581589673820298e-15 0.026356292539432162
1140.904296875 0.9931818842887878 0.242212176322937 3.4581958133152353e-15 0.026426724315175544
1140.914306640625 1.1820991039276123 0.2576720416545868 3.4582307534243096e-15 0.026496714146930608
1140.9241943359375 0.7443628311157227 0.220358744263649 3.458263364192779e-15 0.026565420997643578
1140.9342041015625 0.7886727452278137 0.224063903093338 3.458294069137117e-15 0.026634541369095332
1140.9442138671875 0.9139529466629028 0.2336595356464386 3.4583228682573235e-15 0.026703224796311712
1140.9541015625 1.2307584285736084 0.25880515575408936 3.458349338036925e-15 0.026770649255567394
1140.964111328125 1.0853941440582275 0.2473479062318802 3.458374325508869e-15 0.026838477478428536
1140.97412109375 0.9972500205039978 0.23905198276042938 3.4583969836402082e-15 0.026905875395646803
1140.984130859375 0.6787103414535522 0.21108609437942505 3.4584179477056528e-15 0.02697203352669285
1140.9940185546875 0.9285051822662354 0.23253212869167328 3.4584365824304924e-15 0.027038586314869148
1141.0040283203125 1.2348759174346924 0.2567022740840912 3.4584535230894374e-15 0.027104717448541784
1141.0140380859375 1.028330683708191 0.2407330870628357 3.4584683461660144e-15 0.02716962823628237
1141.02392578125 0.7809357047080994 0.21915793418884277 3.45848126341846e-15 0.027234926659726884
1141.033935546875 1.1886824369430542 0.25243985652923584 3.458492486605011e-15 0.02729981005468554
1141.0439453125 0.9379476308822632 0.23255784809589386 3.458501592209194e-15 0.02736349634375574
1141.0538330078125 1.2624883651733398 0.2567763924598694 3.4585087919892458e-15 0.027427560860869785
1141.0638427734375 1.0466622114181519 0.241021066904068 3.458514085945166e-15 0.02749121473027408
1141.0738525390625 0.6924152970314026 0.2114286720752716 3.458517474076955e-15 0.02755369603664633
1141.083740234375 0.9639205932617188 0.23466791212558746 3.458518956384613e-15 0.02761655025699365
1141.09375 1.0462661981582642 0.24132965505123138 3.4585185328681392e-15 0.027679000513458587
1141.103759765625 0.9639262557029724 0.23442555963993073 3.458516415285771e-15 0.0277410543955729
1141.1136474609375 0.9361608028411865 0.23225630819797516 3.4585123918792716e-15 0.027801962006497476
1141.1236572265625 1.3992048501968384 0.266589879989624 3.458506462648641e-15 0.0278632336540457
1141.1336669921875 0.9916646480560303 0.23584847152233124 3.4584986275938787e-15 0.02792411182852501
1141.1435546875 0.9360914826393127 0.23228050768375397 3.458489098473222e-15 0.02798387030330904
1141.153564453125 1.0180739164352417 0.2377162128686905 3.458477663528434e-15 0.02804398217484247
1141.16357421875 0.9078279137611389 0.22998778522014618 3.458464322759515e-15 0.028103713048779927
1141.173583984375 0.9628865122795105 0.2335473746061325 3.458449287924701e-15 0.028162343069024317
1141.1834716796875 1.0442540645599365 0.240683451294899 3.458432559023993e-15 0.02822132169795318
1141.1934814453125 0.9356677532196045 0.2318473756313324 3.4584139242991533e-15 0.0282799290838953
1141.2034912109375 0.9358502626419067 0.23227639496326447 3.4583933837501824e-15 0.02833745727066118
1141.21337890625 0.8821380138397217 0.2273184210062027 3.4583713608935538e-15 0.0283953297252213
1141.223388671875 0.9370338320732117 0.232383593916893 3.458347432212794e-15 0.028452836479906627
1141.2333984375 0.7997929453849792 0.2200891226530075 3.4583215977079026e-15 0.028509287640264867
1141.2432861328125 0.9922978281974792 0.23685158789157867 3.4582944926535904e-15 0.0285660791847742
1141.2532958984375 0.9075818657875061 0.22879813611507416 3.45826527001691e-15 0.02862251416083239
1141.2633056640625 1.1005182266235352 0.2444470375776291 3.4582341415560986e-15 0.02867791481591653
1141.273193359375 0.941070020198822 0.2326161414384842 3.458201742545866e-15 0.02873364850426325
1141.283203125 0.8031385540962219 0.22042515873908997 3.4581674377115023e-15 0.02878903792119594
1141.293212890625 1.0220659971237183 0.23816931247711182 3.458131227053007e-15 0.028844084204401276
1141.3031005859375 0.9110177755355835 0.23024503886699677 3.458093745845091e-15 0.028898120992593368
1141.3131103515625 0.776961624622345 0.2185320109128952 3.458054358813044e-15 0.02895249072486103
1141.3231201171875 0.6137033104896545 0.20370829105377197 3.4580130659568652e-15 0.029006525242691834
1141.3330078125 0.9722626805305481 0.23570787906646729 3.4579707143095025e-15 0.02905957485742577
1141.343017578125 0.7867924571037292 0.21913860738277435 3.4579262450797716e-15 0.02911295247583818
1141.35302734375 0.7142391204833984 0.21390791237354279 3.4578798700259095e-15 0.029166003353883176
1141.363037109375 1.1173393726348877 0.2476191520690918 3.4578320126643896e-15 0.029218092884522453
1141.3729248046875 0.8713143467903137 0.22816605865955353 3.4577830965116857e-15 0.029270505123594602
1141.3829345703125 0.8406974077224731 0.22471179068088531 3.4577320627766136e-15 0.029322600984223735
1141.3929443359375 0.8932193517684937 0.2289806455373764 3.457679334975647e-15 0.029373754565145554
1141.40283203125 0.595666229724884 0.2010853886604309 3.4576255483834964e-15 0.029425232243182754
1141.412841796875 0.6040947437286377 0.20275026559829712 3.4575696442089776e-15 0.02947640170470439
1141.4228515625 0.7426207065582275 0.21650108695030212 3.4575120459685643e-15 0.029526649418026685
1141.4327392578125 0.6173580884933472 0.20442929863929749 3.4574538124534406e-15 0.029577217535399672
1141.4427490234375 0.6786664724349976 0.2107672542333603 3.457393037839475e-15 0.02962748713290389
1141.4527587890625 0.6532796621322632 0.2073584347963333 3.457330780917852e-15 0.02967685548952234
1141.462646484375 0.8067352175712585 0.22043383121490479 3.4572676769632814e-15 0.02972654475622714
1141.47265625 0.9158427715301514 0.23099371790885925 3.457202243668106e-15 0.029775943775120734
1141.482666015625 1.0005285739898682 0.23706668615341187 3.457135328065273e-15 0.02982445952130356
1141.4925537109375 0.9428561329841614 0.23281094431877136 3.4570677771877294e-15 0.029873296444097915
1141.5025634765625 0.5348234176635742 0.1953640580177307 3.456997896969581e-15 0.029921852277579528
1141.5125732421875 1.0529533624649048 0.24140526354312897 3.456926322685538e-15 0.029970134925546836
1141.5224609375 0.758187472820282 0.216546431183815 3.4568543248850213e-15 0.030017559357673057
1141.532470703125 0.8082506656646729 0.22156517207622528 3.456779785985663e-15 0.03006530058948763
1141.54248046875 0.7914324402809143 0.22052285075187683 3.456703764778647e-15 0.030112776904591618
1141.5523681640625 0.7551999688148499 0.21725237369537354 3.456627320055157e-15 0.0301594157181031
1141.5623779296875 0.7919695377349854 0.21951940655708313 3.4565483342328257e-15 0.030206371264113897
1141.5723876953125 0.8675076961517334 0.22656168043613434 3.4564680778610734e-15 0.03025307044837792
1141.5823974609375 0.8809049129486084 0.2291584312915802 3.4563861274234265e-15 0.03029894997036506
1141.59228515625 1.0897080898284912 0.24691332876682281 3.456303965227543e-15 0.030345148814331972
1141.602294921875 1.2248780727386475 0.25738343596458435 3.4562192619328174e-15 0.03039109948523917
1141.6123046875 1.1237313747406006 0.24990616738796234 3.4561330763304343e-15 0.030436248159488474
1141.6221923828125 0.8936880230903625 0.230734720826149 3.4560466789698143e-15 0.030481714795700946
1141.6322021484375 1.201501488685608 0.2552495002746582 3.4559577405103526e-15 0.030526943905805137
1141.6422119140625 0.89100581407547 0.23035188019275665 3.4558673197432332e-15 0.03057139195341697
1141.652099609375 0.7630043625831604 0.2204776108264923 3.455776687217877e-15 0.030616154739314363
1141.662109375 1.0004066228866577 0.2397882491350174 3.455683513593679e-15 0.0306606902859508
1141.672119140625 1.2318631410598755 0.25789761543273926 3.4555890694200602e-15 0.03070446155465368
1141.6820068359375 1.1548168659210205 0.25319433212280273 3.4554944134882045e-15 0.03074855102405895
1141.6920166015625 0.9757123589515686 0.23813433945178986 3.455397216457507e-15 0.030792421463148784
1141.7020263671875 1.0157712697982788 0.23912060260772705 3.455298537119152e-15 0.030836074131963414
1141.7119140625 1.2515549659729004 0.2557792067527771 3.455199857780797e-15 0.030878983896416017
1141.721923828125 1.0513532161712646 0.2430378794670105 3.4550986373436e-15 0.03092221475241313
1141.73193359375 1.2740850448608398 0.2570333778858185 3.4549961463569822e-15 0.030965238028821118
1141.7418212890625 1.062204122543335 0.24307462573051453 3.4548936553703644e-15 0.031007533865035783
1141.7518310546875 1.2716121673583984 0.25766971707344055 3.454788411526668e-15 0.031050152937585264
1141.7618408203125 0.780776858329773 0.21912391483783722 3.454681897133551e-15 0.031092572234495363
1141.7718505859375 1.0759108066558838 0.24096329510211945 3.4545743239492496e-15 0.031134282904369846
1141.78173828125 1.0999438762664795 0.24347637593746185 3.4544665390067114e-15 0.031176315232294374
1141.791748046875 0.7411869764328003 0.21436358988285065 3.4543562129653316e-15 0.031218155535862133
1141.8017578125 1.119598150253296 0.2453327476978302 3.4542448281327676e-15 0.03125930548396772
1141.8116455078125 0.956498384475708 0.23287393152713776 3.454133231541967e-15 0.03130077820069301
1141.8216552734375 1.037378191947937 0.2393074482679367 3.454019305610561e-15 0.03134206795555934
1141.8316650390625 0.7136411070823669 0.2097017914056778 3.4539041091297346e-15 0.03138268113617522
1141.841552734375 1.1717792749404907 0.24914056062698364 3.453788912648908e-15 0.03142361998386843
1141.8515625 1.0100994110107422 0.2364002764225006 3.4536711750692397e-15 0.03146438338777979
1141.861572265625 1.0643696784973145 0.2409660369157791 3.4535523786983872e-15 0.03150448528703651
1141.8714599609375 1.1178150177001953 0.2450655698776245 3.4534337940857716e-15 0.031544914181602886
1141.8814697265625 1.1182717084884644 0.24440836906433105 3.4533124566160775e-15 0.03158517689758828
1141.8914794921875 0.7673233151435852 0.21606367826461792 3.4531900603551992e-15 0.03162527927909367
1141.9013671875 0.8475794792175293 0.22157694399356842 3.4530678758525578e-15 0.03166473436287839
1141.911376953125 1.0366718769073486 0.23897573351860046 3.4529431502510746e-15 0.031704521244477674
1141.92138671875 1.063126564025879 0.24077439308166504 3.4528171541001705e-15 0.0317441545938343
1141.9312744140625 1.0630176067352295 0.24003256857395172 3.45269158146574e-15 0.03178315416568193
1141.9412841796875 0.9002299308776855 0.22731147706508636 3.452563255974231e-15 0.031822487516605096
1141.9512939453125 1.1692012548446655 0.24867147207260132 3.4524340834497748e-15 0.03186167366641194
1141.9613037109375 0.9268293380737305 0.23012521862983704 3.4523034286176608e-15 0.0319002393615879
1141.97119140625 1.115055799484253 0.24421703815460205 3.452173620818494e-15 0.03193914253101216
1141.981201171875 0.9263577461242676 0.22894640266895294 3.452040848404012e-15 0.031977905297394735
1141.9912109375 1.0067673921585083 0.23457615077495575 3.4519070171983458e-15 0.03201606153686245
1142.0010986328125 0.7913981080055237 0.2165379524230957 3.45177382126739e-15 0.0320545534693463
1142.0111083984375 0.6845741868019104 0.20816399157047272 3.4516380842375925e-15 0.0320929150408386
1142.0211181640625 1.1954165697097778 0.2502255141735077 3.451501076658374e-15 0.03213068213954151
1142.031005859375 0.8991764783859253 0.2263963669538498 3.4513647043538662e-15 0.032168786772245266
1142.041015625 1.3032852411270142 0.258289635181427 3.4512255791922797e-15 0.03220676926294987
1142.051025390625 1.1683331727981567 0.2486201524734497 3.451085395239509e-15 0.03224416397909661
1142.0609130859375 0.8461118340492249 0.22316059470176697 3.4509460583196858e-15 0.0322819027262936
1142.0709228515625 0.8997104167938232 0.22757753729820251 3.450803756784547e-15 0.032319524728251066
1142.0809326171875 1.195244312286377 0.2499084174633026 3.450660608216461e-15 0.03235702674046552
1142.0908203125 0.872847318649292 0.2253548949956894 3.4505180949230855e-15 0.032393960645000185
1142.100830078125 1.0337163209915161 0.23769018054008484 3.4503730405308682e-15 0.032431240204383975
1142.11083984375 0.872175395488739 0.2250629961490631 3.45022671558923e-15 0.032468409266585424
1142.1207275390625 0.8183416724205017 0.22044678032398224 3.450081449438776e-15 0.0325050197994835
1142.1307373046875 0.9791537523269653 0.23312322795391083 3.4499334304312432e-15 0.03254197378542822
1142.1407470703125 0.8174040913581848 0.21954549849033356 3.4497843526325265e-15 0.03257882635094959
1142.1507568359375 0.7634369134902954 0.21594922244548798 3.4496342160426257e-15 0.03261512942052236
1142.16064453125 1.0048811435699463 0.2352842092514038 3.449485138243909e-15 0.03265177831499574
1142.170654296875 0.8973250985145569 0.22679239511489868 3.4493333075881136e-15 0.032688330104552354
1142.1806640625 0.8975686430931091 0.22661805152893066 3.449180418141134e-15 0.03272434062749402
1142.1905517578125 0.9236725568771362 0.2291218787431717 3.449028587485339e-15 0.03276070136243316
1142.2005615234375 0.5751820802688599 0.19608081877231598 3.448873792214228e-15 0.03279696912680298
1142.2105712890625 0.6559205651283264 0.20531201362609863 3.448718361668407e-15 0.032832705384946384
1142.220458984375 0.4411014914512634 0.18219025433063507 3.448563778155533e-15 0.03286879194054313
1142.23046875 0.5214883685112 0.19166630506515503 3.4484064417855806e-15 0.03290478907685892
1142.240478515625 0.6563490033149719 0.20508043467998505 3.448248258382681e-15 0.03294026158000765
1142.2503662109375 0.4402640461921692 0.1834314465522766 3.448091133770965e-15 0.03297608869103164
1142.2603759765625 0.6022398471832275 0.19920594990253448 3.447931256302171e-15 0.033011829730260435
1142.2703857421875 0.38764843344688416 0.1773529350757599 3.4477705318004294e-15 0.03304748924493391
1142.2802734375 0.4149169623851776 0.18052031099796295 3.4476110778481088e-15 0.03308263368473039
1142.290283203125 0.44114622473716736 0.1835051327943802 3.4474486592804728e-15 0.033118131782296265
1142.30029296875 0.4688721299171448 0.18656408786773682 3.4472853936798895e-15 0.03315355109620184
1142.3101806640625 0.6064890623092651 0.20115868747234344 3.447123398628727e-15 0.03318846292817901
1142.3201904296875 0.6643269062042236 0.2066718339920044 3.4469584389622493e-15 0.03322373015344693
1142.3302001953125 0.8029273748397827 0.21942445635795593 3.446792844021061e-15 0.03325892088749945
1142.340087890625 0.6932992339134216 0.2101525068283081 3.4466285196292938e-15 0.03329360867515587
1142.35009765625 0.8365107774734497 0.22366835176944733 3.446461230622211e-15 0.033328653542507254
1142.360107421875 1.1462398767471313 0.24921424686908722 3.446293306340418e-15 0.03336362364278379
1142.3701171875 0.9636113047599792 0.23479700088500977 3.4461247467839143e-15 0.03339809700006554
1142.3800048828125 0.8417236804962158 0.22306792438030243 3.4459572460185947e-15 0.03343292657132116
1142.3900146484375 0.8484231233596802 0.2258312851190567 3.4457872041544334e-15 0.033467687269428226
1142.4000244140625 1.1080257892608643 0.24751965701580048 3.445616103499088e-15 0.033501954459278636
1142.409912109375 0.8766306638717651 0.23023980855941772 3.4454466969096372e-15 0.03353657669382286
1142.419921875 0.6396507620811462 0.20757441222667694 3.445274325704871e-15 0.03357113322179811
1142.429931640625 0.7840859293937683 0.2217673510313034 3.4451013192253943e-15 0.03360519873059258
1142.4398193359375 0.9323566555976868 0.23723500967025757 3.4449295832953385e-15 0.033639620223235064
1142.4498291015625 0.944339394569397 0.23593755066394806 3.444755094508204e-15 0.03367397634786547
1142.4598388671875 0.4488462805747986 0.18811778724193573 3.4445799704463593e-15 0.033707847889922184
1142.4697265625 0.9030005931854248 0.2338913083076477 3.444406328692172e-15 0.03374207138891156
1142.479736328125 0.8500915169715881 0.230093851685524 3.4442299340809064e-15 0.03377622930037388
1142.48974609375 1.085167407989502 0.2503575384616852 3.4440529041949303e-15 0.033810323016773045
1142.4996337890625 0.6628856062889099 0.21182720363140106 3.443877356616612e-15 0.03384393751157759
1142.5096435546875 0.6443017721176147 0.20915387570858002 3.4436990561812148e-15 0.0338779025980747
1142.5196533203125 0.8831405639648438 0.23145431280136108 3.4435199087128705e-15 0.033911802635755176
1142.529541015625 0.9235314726829529 0.234694704413414 3.4433424553104207e-15 0.03394522600088753
1142.53955078125 0.9135456681251526 0.23371893167495728 3.4431622490508924e-15 0.03397899737372291
1142.549560546875 0.9256505370140076 0.234772190451622 3.4429816192748904e-15 0.03401270461703262
1142.5595703125 0.9593440294265747 0.23736199736595154 3.442800142465941e-15 0.03404593717187465
1142.5694580078125 0.9186369180679321 0.23304633796215057 3.4426203597228864e-15 0.03407951231580047
1142.5794677734375 1.1745973825454712 0.25286686420440674 3.442437824122753e-15 0.03411302369784066
1142.5894775390625 0.8428273797035217 0.22672973573207855 3.4422546532479094e-15 0.03414606170046315
1142.599365234375 1.048997402191162 0.2439323365688324 3.44207317643896e-15 0.034179441165522864
1142.609375 0.8190719485282898 0.2221614122390747 3.4418889467729323e-15 0.03421275433263081
1142.619384765625 1.3272991180419922 0.26274433732032776 3.441704293590431e-15 0.0342455947711691
1142.6292724609375 0.8925902247428894 0.23050586879253387 3.441521334473824e-15 0.03427877269281565
1142.6392822265625 0.9076380133628845 0.23068714141845703 3.4413354107419017e-15 0.034311881187534664
1142.6492919921875 1.2570114135742188 0.2569267749786377 3.4411490634935057e-15 0.034344519357259254
1142.6591796875 0.9017173647880554 0.2288655787706375 3.440964622069241e-15 0.034377490543234544
1142.669189453125 1.2031415700912476 0.2530266344547272 3.440777427787898e-15 0.03441038855166651
1142.67919921875 0.6670025587081909 0.20659780502319336 3.4405895982318442e-15 0.034443213631045716
1142.6890869140625 0.9370602369308472 0.23087932169437408 3.440403674499922e-15 0.03447556825807526
1142.6990966796875 1.092095971107483 0.24225904047489166 3.4402147861526842e-15 0.03450824822937039
1142.7091064453125 0.9856181740760803 0.2347058206796646 3.4400256860472097e-15 0.03454085317278066
1142.718994140625 0.8770261406898499 0.22372087836265564 3.4398382800076297e-15 0.03457298623988011
1142.72900390625 1.0309978723526 0.23634156584739685 3.439648332869208e-15 0.034605436400865365
1142.739013671875 1.1408852338790894 0.2460775077342987 3.4394577504560757e-15 0.03463780882948561
1142.7490234375 0.7350582480430603 0.21292030811309814 3.4392669562847067e-15 0.03466970488433063
1142.7589111328125 1.1635268926620483 0.24678188562393188 3.439077856179232e-15 0.03470191652472249
1142.7689208984375 0.9217625856399536 0.2283126264810562 3.438886003216679e-15 0.034734042201786795
1142.7789306640625 1.0283252000808716 0.2366042137145996 3.438693938495889e-15 0.034765691337538214
1142.788818359375 0.7085979580879211 0.2102154791355133 3.4385037795992305e-15 0.03479764653358957
1142.798828125 0.8690795302391052 0.22391745448112488 3.4383108678454934e-15 0.03482951182688464
1142.808837890625 0.7344626188278198 0.21164578199386597 3.4381175325752826e-15 0.03486089986172755
1142.8187255859375 1.1093863248825073 0.2432509958744049 3.43792631488744e-15 0.03489258374247343
1142.8287353515625 0.9226373434066772 0.2288730889558792 3.4377323443425187e-15 0.03492417316825713
1142.8387451171875 0.9490680694580078 0.23050926625728607 3.437537950281124e-15 0.03495528157649082
1142.8486328125 0.8958308696746826 0.22645018994808197 3.437345673802097e-15 0.03498667489183266
1142.858642578125 1.162845492362976 0.2468988001346588 3.4371508562242286e-15 0.035017968569959264
1142.86865234375 1.2966892719268799 0.2562435567378998 3.4369554033716497e-15 0.03504915907372998
1142.8785400390625 0.9482395052909851 0.23013076186180115 3.4367622798596757e-15 0.035079866051042394
1142.8885498046875 1.2690045833587646 0.2547726035118103 3.436566403490623e-15 0.035110844709736966
1142.8985595703125 1.2427865266799927 0.253052294254303 3.436370103605097e-15 0.035141714171418946
1142.908447265625 0.866869330406189 0.22224465012550354 3.4361761330601757e-15 0.03517209258371489
1142.91845703125 0.8697027564048767 0.2234863042831421 3.435979197899939e-15 0.03520273504080732
1142.928466796875 0.8420525789260864 0.22208364307880402 3.4357822627397025e-15 0.035233256570914584
1142.9384765625 1.2963885068893433 0.2567903697490692 3.4355849040629922e-15 0.03526328915219509
1142.9483642578125 1.0544800758361816 0.238902747631073 3.435389874726887e-15 0.035293567211549644
1142.9583740234375 0.841343104839325 0.22127115726470947 3.435192092533703e-15 0.035323719579012834
1142.9683837890625 0.7343804836273193 0.2115553915500641 3.4349940985822823e-15 0.03535337703713769
1142.978271484375 0.7880008816719055 0.21737387776374817 3.4347984339714666e-15 0.03538326821475382
1142.98828125 0.7613027691841125 0.21480792760849 3.4346000165035723e-15 0.03541302317577682
1142.998291015625 0.5742948055267334 0.19642002880573273 3.434401387277441e-15 0.03544227938659141
1143.0081787109375 1.0267670154571533 0.23621492087841034 3.434204875633678e-15 0.03547175670986228
1143.0181884765625 0.7884776592254639 0.21640220284461975 3.43400603464931e-15 0.03550108668053202
1143.0281982421875 1.0281070470809937 0.23579949140548706 3.4338067701484686e-15 0.035529911004235214
1143.0380859375 0.7876800894737244 0.2160445600748062 3.433609834988232e-15 0.03555894042809586
1143.048095703125 0.7605974674224854 0.21464300155639648 3.4334103587291536e-15 0.03558781586418433
1143.05810546875 0.7343286871910095 0.21128366887569427 3.4332106707118384e-15 0.03561652974209946
1143.0679931640625 0.7070282697677612 0.2089310884475708 3.433013312035128e-15 0.0356447342658891
1143.0780029296875 0.7605114579200745 0.2145320028066635 3.432813412259576e-15 0.03567311851478933
1143.0880126953125 0.548455536365509 0.19401782751083374 3.432613512484024e-15 0.035701333753555574
1143.097900390625 0.7359960079193115 0.2125677615404129 3.4324157302908402e-15 0.035729031834440844
1143.10791015625 0.8149333000183105 0.21851596236228943 3.4322154069988146e-15 0.03575689410675558
1143.117919921875 0.6296209096908569 0.20294931530952454 3.432015083706789e-15 0.0357845740730622
1143.1278076171875 0.5241202116012573 0.19181251525878906 3.4318170897553683e-15 0.035811731358038584
1143.1378173828125 0.3099737763404846 0.1668732911348343 3.431616554705106e-15 0.03583903380721371
1143.1478271484375 0.5581284761428833 0.19562382996082306 3.4314160196548434e-15 0.03586614257812036
1143.1578369140625 0.7475293278694153 0.21446335315704346 3.431215272846344e-15 0.03589272285944318
1143.167724609375 0.6111289262771606 0.20111919939517975 3.4310170671366866e-15 0.035919428289933504
1143.177734375 0.8277985453605652 0.22080542147159576 3.4308163203281873e-15 0.0359459254998976
1143.187744140625 0.6950185298919678 0.21009841561317444 3.430615573519688e-15 0.03597189073303506
1143.1976318359375 0.7507823705673218 0.215165913105011 3.4304171560517937e-15 0.03599796020088368
1143.2076416015625 0.8594509959220886 0.22359612584114075 3.4302164092432945e-15 0.03602380619982396
1143.2176513671875 0.7214440703392029 0.21179410815238953 3.4300154506765584e-15 0.036049111188391984
1143.2275390625 1.0446059703826904 0.23862487077713013 3.429817244966901e-15 0.036074501131182594
1143.237548828125 0.9630904793739319 0.23261192440986633 3.4296162864001648e-15 0.03609965446552894
1143.24755859375 0.8505401015281677 0.22188329696655273 3.4294155395916655e-15 0.03612426019195529
1143.2574462890625 1.2847718000411987 0.256278395652771 3.429217122123771e-15 0.03614892802721276
1143.2674560546875 0.9573233723640442 0.23162038624286652 3.429016375315272e-15 0.03617334008230287
1143.2774658203125 0.7655637860298157 0.21479889750480652 3.4288158402650095e-15 0.03619749789695418
1143.287353515625 0.7384341359138489 0.2128063589334488 3.428617634555352e-15 0.03622110161420741
1143.29736328125 0.8180140256881714 0.21915966272354126 3.4284168877468527e-15 0.03624473275133966
1143.307373046875 0.950219988822937 0.2304493486881256 3.4282163526965902e-15 0.03626808971974287
1143.3172607421875 0.7610816359519958 0.21432220935821533 3.4280183587451695e-15 0.036290888382964265
1143.3272705078125 1.0842024087905884 0.24075424671173096 3.427818035453144e-15 0.036313686468242554
1143.3372802734375 0.9760323762893677 0.23215380311012268 3.427617923919355e-15 0.03633619527550791
1143.3472900390625 0.8152335286140442 0.2191305160522461 3.4274178123855662e-15 0.0363581386265807
1143.357177734375 0.893562376499176 0.2243994027376175 3.4272200301923824e-15 0.03638005794849037
1143.3671875 0.9227190017700195 0.22719478607177734 3.4270201304168304e-15 0.03640166961817204
1143.377197265625 0.7612559199333191 0.21453939378261566 3.426820442399515e-15 0.03642270864006824
1143.3870849609375 1.0531437397003174 0.23792868852615356 3.4266232954810417e-15 0.03644369368455941
1143.3970947265625 0.8144744038581848 0.21895918250083923 3.4264238192219633e-15 0.03646435213877014
1143.4071044921875 0.7874023914337158 0.21654057502746582 3.426224342962885e-15 0.03648443623598428
1143.4169921875 0.8675047755241394 0.22379302978515625 3.426027619560885e-15 0.036504435328295844
1143.427001953125 1.4030821323394775 0.2628974914550781 3.425828778576517e-15 0.036524093866799306
1143.43701171875 0.8136769533157349 0.21850773692131042 3.4256299375921492e-15 0.03654316800376275
1143.4468994140625 1.241100788116455 0.2518291771411896 3.42543384946486e-15 0.03656212794530843
1143.4569091796875 0.9214425086975098 0.2276725471019745 3.4252354319969655e-15 0.0365807273741518
1143.4669189453125 0.6806274652481079 0.20685546100139618 3.425037226287308e-15 0.03659895851818256
1143.476806640625 0.9193843603134155 0.22755034267902374 3.4248415616764923e-15 0.03661660134784134
1143.48681640625 0.7318786978721619 0.21160969138145447 3.4246439912415452e-15 0.0366340865017681
1143.496826171875 1.0528368949890137 0.2383045256137848 3.424446420806598e-15 0.03665118559484946
1143.5067138671875 1.078798770904541 0.24020032584667206 3.4242516032287297e-15 0.036667689051533454
1143.5167236328125 0.8664805293083191 0.22255200147628784 3.4240544563102562e-15 0.03668400337750151
1143.5267333984375 0.8934760689735413 0.22573092579841614 3.4238577329082564e-15 0.036699910573072606
1143.5367431640625 1.0531524419784546 0.23826824128627777 3.4236614330227302e-15 0.036715217822115655
1143.546630859375 0.8668956160545349 0.2225211262702942 3.423467674236046e-15 0.036730298018030724
1143.556640625 0.7625401616096497 0.21300360560417175 3.4232717978669933e-15 0.03674495483859913
1143.566650390625 0.8938941955566406 0.22513063251972198 3.4230761332561775e-15 0.03675900796542416
1143.5765380859375 0.9194551110267639 0.22774286568164825 3.4228832215024403e-15 0.0367727973569502
1143.5865478515625 0.9479337930679321 0.2292463183403015 3.422688192166335e-15 0.03678614178214742
1143.5965576171875 0.6234485507011414 0.19853942096233368 3.4224935863467034e-15 0.03679888130221828
1143.6064453125 0.9158519506454468 0.22643274068832397 3.4223017333841503e-15 0.03681131673888666
1143.616455078125 0.8672646880149841 0.2227131873369217 3.422107762839229e-15 0.03682329071485846
1143.62646484375 0.5717259049415588 0.19653725624084473 3.4219142158107814e-15 0.03683465054984008
1143.6363525390625 1.0255749225616455 0.23477396368980408 3.4217232098811756e-15 0.03684567115589939
1143.6463623046875 0.974176287651062 0.23117245733737946 3.4215302981274384e-15 0.036856207091997946
1143.6563720703125 0.8107386231422424 0.2185218185186386 3.421337809890175e-15 0.036866244713058945
1143.666259765625 0.8378638625144958 0.21986372768878937 3.42114807450999e-15 0.0368756713256161
1143.67626953125 1.0508543252944946 0.23724907636642456 3.4209564333056736e-15 0.03688470401137347
1143.686279296875 1.0787540674209595 0.23945698142051697 3.420765003859594e-15 0.03689322358407367
1143.6961669921875 1.0236746072769165 0.23588375747203827 3.42057653902883e-15 0.03690112337708318
1143.7061767578125 1.047772765159607 0.23699010908603668 3.420385956615698e-15 0.03690859177015124
1143.7161865234375 1.0226293802261353 0.2351505607366562 3.420196009477276e-15 0.036915523690699316
1143.7261962890625 0.9165915250778198 0.22666580975055695 3.420006485855328e-15 0.036921833526807606
1143.736083984375 0.9133623242378235 0.2256099432706833 3.4198195033322215e-15 0.03692767316865649
1143.74609375 0.9433324933052063 0.22942304611206055 3.4196308267432207e-15 0.03693295272401101
1143.756103515625 0.7830396294593811 0.21555383503437042 3.41944278542893e-15 0.03693760808576209
1143.7659912109375 0.9964115619659424 0.2332356572151184 3.4192572852134815e-15 0.03694175096347734
1143.7760009765625 1.1555074453353882 0.24561557173728943 3.4190698791739015e-15 0.03694530991632426
1143.7860107421875 0.8335871696472168 0.21984563767910004 3.418883108409032e-15 0.0369482456077718
1143.7958984375 0.9413713812828064 0.227888286113739 3.418699090501241e-15 0.03695062335677308
1143.805908203125 1.2346361875534058 0.2511463165283203 3.4185133785275554e-15 0.036952398324492236
1143.81591796875 0.859993577003479 0.22221295535564423 3.4183283018285803e-15 0.03695354656789932
1143.8258056640625 0.9914962649345398 0.2325623482465744 3.418145766228447e-15 0.03695409236697684
1143.8358154296875 0.7522887587547302 0.21257945895195007 3.4179615365624192e-15 0.03695401463411841
1143.8458251953125 0.8863031268119812 0.22369182109832764 3.417777942171102e-15 0.03695329858553783
1143.855712890625 0.912320613861084 0.22584007680416107 3.417597100636863e-15 0.0369519593131915
1143.86572265625 0.7281389832496643 0.21038058400154114 3.4174145650367298e-15 0.036949956106489504
1143.875732421875 0.5932295918464661 0.1970655769109726 3.417232664711307e-15 0.0369472960149338
1143.8856201171875 0.7008336782455444 0.20714689791202545 3.4170535172429626e-15 0.03694401318962169
1143.8956298828125 0.6468178629875183 0.20206885039806366 3.416872675708724e-15 0.03694002038131205
1143.9056396484375 0.912757933139801 0.22630038857460022 3.4166926812074323e-15 0.036935346338029744
1143.91552734375 0.6461363434791565 0.2019452303647995 3.4165152278049825e-15 0.0369300532545578
1143.925537109375 0.3797176778316498 0.1746560037136078 3.416336292094875e-15 0.03692400374399698
1143.935546875 0.4058978259563446 0.1771467924118042 3.416157991659478e-15 0.036917248636486814
1143.945556640625 0.6184870004653931 0.20022422075271606 3.4159803264987914e-15 0.036909878506218026
1143.9554443359375 0.45897239446640015 0.18389448523521423 3.4158054141951834e-15 0.036901702328076186
1143.9654541015625 0.40564170479774475 0.17725129425525665 3.4156290195839177e-15 0.03689279910011287
1143.9754638671875 0.2736726701259613 0.1617770940065384 3.4154532602473624e-15 0.03688328344359827
1143.9853515625 0.4076935946941376 0.1781480461359024 3.4152804655261226e-15 0.0368729136666501
1143.995361328125 0.32641345262527466 0.16771209239959717 3.415105976738988e-15 0.03686179258795923
1144.00537109375 0.3801279664039612 0.1743176430463791 3.414932334984801e-15 0.03685006455143371
1144.0152587890625 0.460279256105423 0.18370769917964935 3.4147614460876925e-15 0.036837431632990164
1144.0252685546875 0.2546791434288025 0.15956375002861023 3.4145890748829262e-15 0.03682402616619942
1144.0352783203125 0.47096291184425354 0.18606042861938477 3.4144175507111072e-15 0.03681001795064118
1144.045166015625 0.44501611590385437 0.18288685381412506 3.414248779396367e-15 0.036795056097570666
1144.05517578125 0.38209131360054016 0.1778702437877655 3.4140787375322055e-15 0.03677929975639716
1144.065185546875 0.47244584560394287 0.1882627308368683 3.4139093309427547e-15 0.036762741305319625
1144.0750732421875 0.9507226943969727 0.23473164439201355 3.4137426772103824e-15 0.0367455884327036
1144.0850830078125 0.4714336693286896 0.18500807881355286 3.4135747529285892e-15 0.03672741375804725
1144.0950927734375 0.9264324307441711 0.23508013784885406 3.4134076756797433e-15 0.03670841242225314
1144.10498046875 0.4357700049877167 0.18459950387477875 3.413243351287976e-15 0.036688828747967396
1144.114990234375 0.6808459162712097 0.2110331952571869 3.4130777563467878e-15 0.03666816822535589
1144.125 0.7745494842529297 0.22186364233493805 3.4129130084385468e-15 0.036646662946971914
1144.135009765625 0.7847322821617126 0.22424408793449402 3.412749107563253e-15 0.0366245821564522
1144.1448974609375 0.7485909461975098 0.21865296363830566 3.412587959545038e-15 0.036601373432181415
1144.1549072265625 0.9883496761322021 0.24114890396595 3.412425540977402e-15 0.03657729893677665
1144.1649169921875 0.7482636570930481 0.21935243904590607 3.412263969442713e-15 0.03655265572686707
1144.1748046875 0.7772860527038574 0.22300229966640472 3.41210536252334e-15 0.03652683475409575
1144.184814453125 0.9052097797393799 0.23539048433303833 3.4119454850545456e-15 0.036500124379092315
1144.19482421875 0.8429530262947083 0.22964899241924286 3.4117864546186986e-15 0.036472859829127575
1144.2047119140625 1.0294140577316284 0.2458285242319107 3.411630388798167e-15 0.036444362346490705
1144.2147216796875 0.8877862095832825 0.2312319576740265 3.4114730524282145e-15 0.0364149550636526
1144.2247314453125 0.9557654857635498 0.24110570549964905 3.411316774849446e-15 0.03638500749184053
1144.234619140625 0.9363778233528137 0.23302944004535675 3.4111632501277562e-15 0.03635377524955455
1144.24462890625 0.8829230070114136 0.23407265543937683 3.4110086666148823e-15 0.0363216126919179
1144.254638671875 0.9564563035964966 0.23895463347434998 3.4108549301349557e-15 0.03628851175848302
1144.2645263671875 1.1576613187789917 0.25875577330589294 3.4107041582703444e-15 0.036254889096250756
1144.2745361328125 1.0008729696273804 0.24364890158176422 3.410552327614549e-15 0.03621990999015341
1144.2845458984375 0.831784188747406 0.22940318286418915 3.410401343991701e-15 0.036183977385206484
1144.29443359375 1.05701744556427 0.24763493239879608 3.4102533249841683e-15 0.03614753623050288
1144.304443359375 1.128722071647644 0.25447699427604675 3.4101042471854515e-15 0.03610968458554184
1144.314453125 0.8310901522636414 0.22875048220157623 3.409956228177919e-15 0.036070859251920245
1144.324462890625 1.2314642667770386 0.26318445801734924 3.4098090562033334e-15 0.03603154419326479
1144.3343505859375 1.0411791801452637 0.24763329327106476 3.4096648488440634e-15 0.03599076385759239
1144.3443603515625 0.7818466424942017 0.22415955364704132 3.409519794451846e-15 0.035948992555748266
1144.3543701171875 1.2019779682159424 0.26117339730262756 3.409375587092576e-15 0.035906749381227926
1144.3642578125 0.8400494456291199 0.22567130625247955 3.4092343443486214e-15 0.03586299082317722
1144.374267578125 0.6462073922157288 0.20868262648582458 3.4090922545717195e-15 0.035818219048937526
1144.38427734375 1.1767901182174683 0.2583392560482025 3.408951011827765e-15 0.03577300164363213
1144.3941650390625 1.0249221324920654 0.24246275424957275 3.4088127336991255e-15 0.03572620987358342
1144.4041748046875 0.8743102550506592 0.23187044262886047 3.408673820295776e-15 0.03567838987738237
1144.4141845703125 0.7997398972511292 0.2231294959783554 3.4085357539253734e-15 0.035630144759531135
1144.424072265625 0.7264061570167542 0.21825003623962402 3.4084006521702863e-15 0.03558027442363348
1144.43408203125 0.7985890507698059 0.22474299371242523 3.408264703382252e-15 0.035529361233738344
1144.444091796875 0.9167268872261047 0.23430998623371124 3.4081300251436386e-15 0.03547740372540774
1144.4539794921875 1.0071659088134766 0.24232147634029388 3.407997888003867e-15 0.03542505155300397
1144.4639892578125 1.0881062746047974 0.2505319118499756 3.4078653273476216e-15 0.03537099804993441
1144.4739990234375 0.741441011428833 0.21973837912082672 3.4077338254825604e-15 0.03531589114670165
1144.48388671875 1.2133495807647705 0.25843140482902527 3.4076050764745777e-15 0.03526040774344246
1144.493896484375 1.026315689086914 0.2395814061164856 3.4074756921918846e-15 0.03520317787813417
1144.50390625 0.8431932330131531 0.22338327765464783 3.4073475784586124e-15 0.03514487831284095
1144.513916015625 0.7532533407211304 0.21484246850013733 3.407220735274761e-15 0.035086229680486074
1144.5238037109375 0.9104208946228027 0.22778736054897308 3.4070964331897515e-15 0.03502578614425399
1144.5338134765625 0.871649444103241 0.222918301820755 3.4069717075882683e-15 0.03496425357297665
1144.5438232421875 1.0518412590026855 0.23759549856185913 3.406848040777969e-15 0.034902407615416256
1144.5537109375 1.1241276264190674 0.24204032123088837 3.4067271268247486e-15 0.03483871343819322
1144.563720703125 0.7508347034454346 0.2113402932882309 3.4066060011132913e-15 0.034773923847922716
1144.57373046875 0.8048616051673889 0.2165520191192627 3.406485934193018e-15 0.03470884637743584
1144.5836181640625 0.9115133881568909 0.22599142789840698 3.4063686201298233e-15 0.03464187201099774
1144.5936279296875 1.074068307876587 0.23756028711795807 3.4062510943083917e-15 0.03457379260857042
1144.6036376953125 0.937804639339447 0.22709402441978455 3.4061346272781443e-15 0.034505459859972255
1144.613525390625 0.6983042359352112 0.2068992704153061 3.4060209131049754e-15 0.03443517616513833
1144.62353515625 0.9121214151382446 0.22492758929729462 3.4059069871735697e-15 0.03436378594399913
1144.633544921875 0.9148260354995728 0.22478719055652618 3.405794331791585e-15 0.03429128454873133
1144.6434326171875 0.7531270384788513 0.21239294111728668 3.4056842175084418e-15 0.03421856730715714
1144.6534423828125 1.0721032619476318 0.23792771995067596 3.4055741032252987e-15 0.03414384231379213
1144.6634521484375 0.8868880867958069 0.2230393886566162 3.4054652594915765e-15 0.03406800399417374
1144.67333984375 0.8323805928230286 0.21879743039608002 3.405358956856696e-15 0.033991986205526466
1144.683349609375 0.5380933284759521 0.190900057554245 3.405252442463579e-15 0.0339139166614062
1144.693359375 0.7528518438339233 0.21222804486751556 3.4051474103781194e-15 0.03383472390218755
1144.7032470703125 0.6732444763183594 0.20439758896827698 3.4050449193915016e-15 0.033755394514152715
1144.7132568359375 0.8318671584129333 0.21888451278209686 3.404942428404884e-15 0.0336739694274227
1144.7232666015625 0.7784903049468994 0.213236004114151 3.4048414197259238e-15 0.03359141782488655
1144.7332763671875 0.5938562750816345 0.19731444120407104 3.4047416815963846e-15 0.03350877167766218
1144.7431640625 0.7258307337760925 0.2098492681980133 3.4046442728074503e-15 0.03342398350186062
1144.753173828125 0.4890701174736023 0.18605248630046844 3.4045472875349897e-15 0.033338074957443536
1144.76318359375 0.4091906249523163 0.17635661363601685 3.40445157281195e-15 0.03325211100221262
1144.7730712890625 0.5415958762168884 0.1910218447446823 3.404358187429515e-15 0.03316396508505284
1144.7830810546875 0.14346253871917725 0.14262807369232178 3.404265225563554e-15 0.03307469958331496
1144.7930908203125 0.2753373086452484 0.16043323278427124 3.4041737460052506e-15 0.03298542498371484
1144.802978515625 0.43587544560432434 0.18008503317832947 3.404084595787552e-15 0.032893933189366814
1144.81298828125 0.16929304599761963 0.1463676542043686 3.4039956573280903e-15 0.03280132250057256
1144.822998046875 0.2764589488506317 0.1610851287841797 3.4039082011762863e-15 0.032708745943442356
1144.8328857421875 0.30390262603759766 0.16485713422298431 3.403823286123324e-15 0.03261391964078509
1144.8428955078125 0.30203279852867126 0.16461366415023804 3.4037385828285987e-15 0.032517984767957336
1144.8529052734375 0.2226506471633911 0.15383289754390717 3.4036555735997677e-15 0.032420938094815006
1144.86279296875 0.2490372508764267 0.15773867070674896 3.4035748937115418e-15 0.03232399178890982
1144.872802734375 0.22269557416439056 0.15352846682071686 3.4034946373397894e-15 0.03222475378474998
1144.8828125 0.22368748486042023 0.15450257062911987 3.4034158632756948e-15 0.03212441245526308
1144.8927001953125 0.35809099674224854 0.17024607956409454 3.403339418552205e-15 0.03202422453328186
1144.9027099609375 0.2496345192193985 0.1572704017162323 3.403263609103426e-15 0.0319217169360831
1144.9127197265625 0.4358645975589752 0.1802513599395752 3.4031890702040674e-15 0.031818119931626886
1144.9227294921875 0.38327762484550476 0.17453384399414062 3.4031162253706036e-15 0.03171472896857275
1144.9326171875 0.5668421387672424 0.1937568038702011 3.4030459216359814e-15 0.031608991268917724
1144.942626953125 0.5677408576011658 0.19429658353328705 3.402976041417833e-15 0.03150218610174411
1144.95263671875 0.436711847782135 0.179964080452919 3.402907643507342e-15 0.03139563676419349
1144.9625244140625 0.7546337246894836 0.21217352151870728 3.402841786695693e-15 0.03128671966553027
1144.9725341796875 0.7271828055381775 0.209183931350708 3.4027763534005178e-15 0.03117675297800371
1144.9825439453125 0.6703452467918396 0.20211657881736755 3.4027128259294737e-15 0.031067098599494636
1144.992431640625 0.833774983882904 0.21898499131202698 3.4026514160407978e-15 0.030955065561939082
1145.00244140625 0.9382777214050293 0.22740711271762848 3.402590853185069e-15 0.030842003014887535
1145.012451171875 0.8869303464889526 0.22337399423122406 3.402531772636998e-15 0.030729315252972435
1145.0223388671875 0.6480376124382019 0.2023441046476364 3.402475021429532e-15 0.03061422862684005
1145.0323486328125 1.2315256595611572 0.24984921514987946 3.40241932901325e-15 0.030498144786183557
1145.0423583984375 0.9114401340484619 0.22545930743217468 3.402365118904626e-15 0.03038105864214496
1145.05224609375 0.7798524498939514 0.2135879099369049 3.4023130263783697e-15 0.030264438864345766
1145.062255859375 0.7523564696311951 0.21137255430221558 3.4022619926432976e-15 0.030145407900497086
1145.072265625 0.9917436242103577 0.23086117208003998 3.40221265297412e-15 0.03002541505507374
1145.0821533203125 0.5680032968521118 0.1945759505033493 3.4021656426455474e-15 0.029905953867458732
1145.0921630859375 0.9658586382865906 0.22942601144313812 3.402119479349922e-15 0.029784078341547927
1145.1021728515625 0.9120731353759766 0.2254316508769989 3.4020750101201912e-15 0.029661282309752367
1145.1121826171875 0.8893868923187256 0.22295695543289185 3.402032234956355e-15 0.029539078281685633
1145.1220703125 0.8045176267623901 0.2151024043560028 3.4019917891331235e-15 0.029414470788439073
1145.132080078125 0.962893545627594 0.22813990712165833 3.401952402101076e-15 0.029288972756585888
1145.14208984375 0.8873860239982605 0.22347360849380493 3.4019147091349233e-15 0.029164145857550953
1145.1519775390625 0.9363236427307129 0.2267720252275467 3.4018791337511387e-15 0.029036926696144095
1145.1619873046875 0.7541278004646301 0.21145804226398468 3.401844828916775e-15 0.028908863031180176
1145.1719970703125 0.9386109113693237 0.22766901552677155 3.4018122181483056e-15 0.028781544430372986
1145.181884765625 0.7264381647109985 0.20934724807739258 3.4017817249622044e-15 0.028651846966833965
1145.19189453125 0.7809271812438965 0.2140948325395584 3.401752502325524e-15 0.028521351502556525
1145.201904296875 1.0172704458236694 0.23310227692127228 3.401725185512975e-15 0.02839169060722042
1145.2117919921875 0.8319549560546875 0.21793821454048157 3.4016997745245576e-15 0.028259668519912514
1145.2218017578125 0.7555078864097595 0.21195346117019653 3.4016758458437976e-15 0.028126907423242566
1145.2318115234375 1.2556383609771729 0.25113511085510254 3.401653822987169e-15 0.027993425853384973
1145.24169921875 1.2019679546356201 0.247322216629982 3.4016337059546717e-15 0.027860884565923495
1145.251708984375 1.228452444076538 0.2470187395811081 3.401615071229832e-15 0.02772603444642119
1145.26171875 0.7251619696617126 0.20841635763645172 3.401598342329124e-15 0.027590517108610418
1145.2716064453125 1.0719867944717407 0.2379562109708786 3.4015837310107837e-15 0.027456037427910873
1145.2816162109375 1.09805166721344 0.23971116542816162 3.4015706020001013e-15 0.027319281828296682
1145.2916259765625 0.8070156574249268 0.21575532853603363 3.4015591670553133e-15 0.027181944448316415
1145.3016357421875 0.8582947850227356 0.22077545523643494 3.4015498496928935e-15 0.027045720520641345
1145.3115234375 0.8328391313552856 0.21842525899410248 3.4015422263963683e-15 0.026907289763950272
1145.321533203125 0.9403886198997498 0.22719204425811768 3.4015365089239743e-15 0.02676833770217277
1145.33154296875 0.8606324791908264 0.22016647458076477 3.401532485517475e-15 0.026630611354508737
1145.3414306640625 0.8830000758171082 0.221991628408432 3.4015303679351067e-15 0.026490728675866673
1145.3514404296875 0.8611491322517395 0.2203478366136551 3.40153015617687e-15 0.026350418463756707
1145.3614501953125 1.0459264516830444 0.23581813275814056 3.4015318502427644e-15 0.02621142848928195
1145.371337890625 1.0164129734039307 0.23347076773643494 3.4015354501327902e-15 0.026070354399373573
1145.38134765625 0.8326341509819031 0.21769648790359497 3.4015409558469474e-15 0.02592895274000776
1145.391357421875 0.9651517868041992 0.22950537502765656 3.401548367385236e-15 0.025788973550932952
1145.4012451171875 1.0955085754394531 0.23898348212242126 3.401557472989419e-15 0.025647000302237457
1145.4112548828125 0.9644967317581177 0.2295946329832077 3.4015689079342068e-15 0.025504791222629376
1145.4212646484375 1.202906847000122 0.24696387350559235 3.4015820369448892e-15 0.025362385264235086
1145.43115234375 0.9385834336280823 0.2267027497291565 3.401596860021466e-15 0.025221557081478538
1145.441162109375 1.0953431129455566 0.23914389312267303 3.401614012438648e-15 0.025078873462340195
1145.451171875 1.068546175956726 0.2373189926147461 3.4016330706799613e-15 0.024936099521365922
1145.4610595703125 1.094590663909912 0.23922625184059143 3.401653822987169e-15 0.024795024219814207
1145.4710693359375 1.0472712516784668 0.23461084067821503 3.401676692876745e-15 0.02465220966556329
1145.4810791015625 0.8844050765037537 0.22254937887191772 3.401701680348689e-15 0.024509436408468765
1145.490966796875 0.9106587171554565 0.2246432602405548 3.4017283618865274e-15 0.024368486367454596
1145.5009765625 1.0977141857147217 0.23885025084018707 3.401757372764971e-15 0.02422592450904036
1145.510986328125 1.1222569942474365 0.2409997284412384 3.4017882894675456e-15 0.024083539283388567
1145.52099609375 1.1184037923812866 0.2402212768793106 3.4018213237524885e-15 0.023943107224099883
1145.5308837890625 1.1980621814727783 0.2464107871055603 3.401856052103326e-15 0.023801226443846774
1145.5408935546875 1.1213334798812866 0.2410382330417633 3.4018931097947683e-15 0.023659657542285984
1145.5509033203125 0.9326813817024231 0.22560083866119385 3.401932285068579e-15 0.023520191648210446
1145.560791015625 1.1969276666641235 0.2456302046775818 3.401972942650047e-15 0.023379424795176292
1145.57080078125 1.2806824445724487 0.25210854411125183 3.402016353088594e-15 0.023239145699237143
1145.580810546875 0.8301670551300049 0.21771210432052612 3.402061669351272e-15 0.023101108369607787
1145.5906982421875 1.0924789905548096 0.23864787817001343 3.4021084679216078e-15 0.02296196457533782
1145.6007080078125 0.908616304397583 0.2244277149438858 3.402158019349022e-15 0.02282348106216116
1145.6107177734375 0.8565186858177185 0.22013325989246368 3.4022096883588046e-15 0.022687388345884324
1145.62060546875 0.9335296154022217 0.2262740433216095 3.402262839676245e-15 0.02255039371237431
1145.630615234375 0.9871296882629395 0.23036766052246094 3.4023187438507636e-15 0.022414244448603585
1145.640625 1.4086661338806152 0.26042866706848145 3.4023767656076506e-15 0.022279007261091062
1145.6505126953125 1.1198334693908691 0.24041548371315002 3.4024360579139584e-15 0.022146379102806944
1145.6605224609375 1.0166524648666382 0.2315784990787506 3.4024983148355815e-15 0.022013156001460782
1145.6705322265625 0.9063819646835327 0.22328366339206696 3.4025629010978097e-15 0.021881053436994202
1145.680419921875 1.0962516069412231 0.23908206820487976 3.402628546151222e-15 0.021751725236255952
1145.6904296875 0.9345442056655884 0.22577333450317383 3.4026973675781863e-15 0.021622057283845544
1145.700439453125 0.8829458355903625 0.2216748744249344 3.402768306587519e-15 0.021493732726049986
1145.71044921875 1.042624831199646 0.23477396368980408 3.4028415749374563e-15 0.021368356089538403
1145.7203369140625 0.9089992046356201 0.22402454912662506 3.402915902078578e-15 0.021242923685524467
1145.7303466796875 1.1466869115829468 0.24255487322807312 3.4029936173514885e-15 0.021119063981504437
1145.7403564453125 1.2284375429153442 0.24765197932720184 3.4030732384485304e-15 0.020998340542282376
1145.750244140625 1.096170425415039 0.238548144698143 3.40315434185323e-15 0.020877852160347345
1145.76025390625 1.069203495979309 0.2366802990436554 3.403238621631482e-15 0.02075918871879764
1145.770263671875 1.0136849880218506 0.23200421035289764 3.4033250189921017e-15 0.020643849086133658
1145.7801513671875 0.8848559260368347 0.22208787500858307 3.4034126869021426e-15 0.02052906721473396
1145.7901611328125 0.8596510887145996 0.2190488874912262 3.4035037429439724e-15 0.020416375426822897
1145.8001708984375 1.2544065713882446 0.2504221498966217 3.403597128326407e-15 0.020307187745733167
1145.81005859375 0.9354491829872131 0.225917786359787 3.4036913607417892e-15 0.020198916454188462
1145.820068359375 1.0444830656051636 0.23464585840702057 3.403789404805434e-15 0.02009299517039232
1145.830078125 0.7768515944480896 0.21193888783454895 3.40388935469321e-15 0.01998952884275911
1145.8399658203125 1.0434582233428955 0.23500558733940125 3.403990575130407e-15 0.019889826074140138
1145.8499755859375 1.0429598093032837 0.2344052791595459 3.4040953954576295e-15 0.01979151951092417
1145.8599853515625 0.8875484466552734 0.22188931703567505 3.404202545125457e-15 0.019695951470706716
1145.869873046875 0.9640697836875916 0.22862982749938965 3.404310541826232e-15 0.019604335767646953
1145.8798828125 1.2020976543426514 0.24666504561901093 3.4044223501752697e-15 0.019514499517005103
1145.889892578125 0.9350835084915161 0.22636523842811584 3.4045364878649122e-15 0.019427698403676388
1145.89990234375 1.0400755405426025 0.23436379432678223 3.4046529548951597e-15 0.019345019331172466
1145.9097900390625 0.8569793701171875 0.2196710705757141 3.4047702689583544e-15 0.01926452708163352
1145.9197998046875 1.0162899494171143 0.2319994568824768 3.4048916064280486e-15 0.019187356614326783
1145.9298095703125 0.9107158780097961 0.22394265234470367 3.4050152732383477e-15 0.019114481767466475
1145.939697265625 1.2253317832946777 0.24820692837238312 3.4051395753233573e-15 0.019044205566362805
1145.94970703125 0.9880377054214478 0.23023845255374908 3.405268112573103e-15 0.018977535853325785
1145.959716796875 1.0170094966888428 0.23261386156082153 3.405398767405217e-15 0.018915318382107183
1145.9696044921875 0.9906911253929138 0.230510413646698 3.405530481028515e-15 0.018856106340353528
1145.9796142578125 1.172106385231018 0.24407368898391724 3.4056662180583126e-15 0.018800787525988252
1145.9896240234375 1.0406118631362915 0.2343960404396057 3.405804284428715e-15 0.01875005292286416
1145.99951171875 0.882531464099884 0.22193117439746857 3.405942986073828e-15 0.018702735715456432
1146.009521484375 0.8847516179084778 0.2216181457042694 3.406086134641914e-15 0.018659577696450887
1146.01953125 1.30378258228302 0.25308331847190857 3.406231612550605e-15 0.018620659386699896
1146.0294189453125 1.0422416925430298 0.2345036417245865 3.4063777257340062e-15 0.018586462550363555
1146.0394287109375 0.93216472864151 0.2244403064250946 3.406528074082144e-15 0.018556215962237367
1146.0494384765625 1.0114405155181885 0.23158113658428192 3.4066809635291233e-15 0.01853045134275884
1146.059326171875 1.0125906467437744 0.23158223927021027 3.406834488250813e-15 0.018509467746118623
1146.0693359375 1.5124129056930542 0.2668367922306061 3.406992459895476e-15 0.01849281912307801
1146.079345703125 0.9868854880332947 0.2297838181257248 3.407152760880744e-15 0.01848085854937369
1146.08935546875 1.013476014137268 0.2320214807987213 3.4073158147230904e-15 0.018473706380278378
1146.0992431640625 0.9091007113456726 0.22368155419826508 3.4074792920819105e-15 0.018471244241354694
1146.1092529296875 0.9349188208580017 0.22481539845466614 3.4076474281219404e-15 0.01847364469231561
1146.1192626953125 1.144177794456482 0.24200284481048584 3.4078178935025754e-15 0.018480839434581436
1146.129150390625 0.9058955907821655 0.22272266447544098 3.4079889941579207e-15 0.018493049315081205
1146.13916015625 0.6179922819137573 0.19743362069129944 3.408164753494476e-15 0.018510258480398247
1146.149169921875 1.2233786582946777 0.24742598831653595 3.408343053929873e-15 0.018532198671968075
1146.1590576171875 1.119063138961792 0.23971368372440338 3.4085217778817437e-15 0.018559447034411442
1146.1690673828125 1.4313210248947144 0.26135769486427307 3.4087051605148242e-15 0.018591788501130087
1146.1790771484375 0.9078447222709656 0.22289814054965973 3.4088912960049834e-15 0.01862875564439477
1146.18896484375 0.9104885458946228 0.22349408268928528 3.4090776432533793e-15 0.01867128157725668
1146.198974609375 0.8018190264701843 0.2138681560754776 3.4092690726994588e-15 0.018718949578124384
1146.208984375 1.2771514654159546 0.251080721616745 3.40946304324438e-15 0.018771768586867466
1146.2188720703125 0.9321988821029663 0.22511325776576996 3.409657225547538e-15 0.018829003311203928
1146.2288818359375 1.144885540008545 0.2413361519575119 3.4098564900483797e-15 0.01889206767452583
1146.2388916015625 0.9861299991607666 0.22951504588127136 3.410058295648063e-15 0.018960273245532514
1146.248779296875 0.9361945986747742 0.2254006713628769 3.41026052476422e-15 0.01903268792456463
1146.2587890625 0.9066149592399597 0.222773477435112 3.4104676243198236e-15 0.019111081535258777
1146.268798828125 0.9326428174972534 0.22554059326648712 3.4106776884907427e-15 0.019194570131528067
1146.27880859375 0.8808889985084534 0.220566526055336 3.4108902937605035e-15 0.019282017473803606
1146.2886962890625 0.9592816233634949 0.22741106152534485 3.4111028990302644e-15 0.019375556407284004
1146.2987060546875 1.3789618015289307 0.2572958767414093 3.4113210100141823e-15 0.01947409963887495
1146.3087158203125 1.0904921293258667 0.23656781017780304 3.411541873855179e-15 0.01957632756180729
1146.318603515625 1.0114943981170654 0.23168832063674927 3.4117625259379386e-15 0.019684716079129645
1146.32861328125 0.8534083962440491 0.2173006534576416 3.4119886837348555e-15 0.01979799631336125
1146.338623046875 1.116639494895935 0.23883026838302612 3.412217806147088e-15 0.019914642730173612
1146.3485107421875 0.9564843773841858 0.22604575753211975 3.4124467168010833e-15 0.020037486835757408
1146.3585205078125 0.8790032267570496 0.22089256346225739 3.412681133169236e-15 0.02016508113724954
1146.3685302734375 1.0108366012573242 0.23055167496204376 3.412918514152704e-15 0.020295701958336382
1146.37841796875 1.0621106624603271 0.23514658212661743 3.4131554716196983e-15 0.020432544785908124
1146.388427734375 1.0113130807876587 0.23125629127025604 3.4133983583173235e-15 0.020573939847482355
1146.3984375 1.1404945850372314 0.24007968604564667 3.4136439978720273e-15 0.020718035111980043
1146.4083251953125 0.8770532608032227 0.22025257349014282 3.413889425668494e-15 0.020868319743255766
1146.4183349609375 0.9282358288764954 0.22426626086235046 3.414140570937355e-15 0.02102297556684353
1146.4283447265625 1.163856863975525 0.2419687807559967 3.4143946808215314e-15 0.021181931823226165
1146.438232421875 0.9821609258651733 0.22900475561618805 3.414648578947471e-15 0.02134311289972751
1146.4482421875 1.2964904308319092 0.2519199252128601 3.414908406304041e-15 0.021510424707439288
1146.458251953125 0.9825394749641418 0.2287822663784027 3.41517098651769e-15 0.021681832087554653
1146.4681396484375 0.8774407505989075 0.22008247673511505 3.415433143214865e-15 0.02185510444017218
1146.4781494140625 0.8492226600646973 0.21650885045528412 3.415701440900908e-15 0.022034437162561017
1146.4881591796875 1.2161058187484741 0.24587002396583557 3.415972703202266e-15 0.022217655701167554
1146.4981689453125 0.773681640625 0.21095110476016998 3.416246718360703e-15 0.022402382858334062
1146.508056640625 1.1141427755355835 0.23871876299381256 3.416520521760903e-15 0.02259310185567079
1146.51806640625 0.850429892539978 0.2180415838956833 3.4168002543917336e-15 0.022787477016269028
1146.528076171875 0.8523288369178772 0.21766644716262817 3.4170831633961165e-15 0.022983023822612757
1146.5379638671875 1.0329028367996216 0.2323424071073532 3.417365437125789e-15 0.02318446612216161
1146.5479736328125 1.1392370462417603 0.24013441801071167 3.417654063602566e-15 0.023389372084712024
1146.5579833984375 0.9025728702545166 0.22127921879291534 3.4179456546946582e-15 0.02359507267945922
1146.56787109375 1.2661153078079224 0.2491171509027481 3.41823661051204e-15 0.02380660448557586
1146.577880859375 1.0316864252090454 0.23175320029258728 3.418534130834763e-15 0.024021374894888013
1146.587890625 0.9243517518043518 0.22167545557022095 3.4188346157728016e-15 0.02423662094585488
1146.5977783203125 0.7443528771400452 0.2074791043996811 3.4191344654361296e-15 0.02445760752131041
1146.6077880859375 1.0807013511657715 0.2355659157037735 3.419440879604799e-15 0.024681604239277625
1146.6177978515625 0.8991789221763611 0.22123639285564423 3.4197502583887835e-15 0.024908577896241242
1146.627685546875 1.0034220218658447 0.22905471920967102 3.4200590018980577e-15 0.025135589985640843
1146.6376953125 0.9255262613296509 0.22295089066028595 3.420374309912673e-15 0.025368228633910292
1146.647705078125 0.9498401284217834 0.22530341148376465 3.4206927943008407e-15 0.025603626477124823
1146.6575927734375 0.9489772319793701 0.22534330189228058 3.421010431656061e-15 0.025838787380334027
1146.6676025390625 0.767530083656311 0.20989947021007538 3.4213348452748595e-15 0.026079469783407746
1146.6776123046875 0.7196874022483826 0.2063581943511963 3.42166243526721e-15 0.026322713074663055
1146.6876220703125 0.900661289691925 0.2217869609594345 3.421993201633113e-15 0.026565450991230907
1146.697509765625 1.5087034702301025 0.26709577441215515 3.422322697449595e-15 0.026813597615423495
1146.70751953125 1.2382690906524658 0.24940575659275055 3.4226596048043652e-15 0.027064146751094597
1146.717529296875 1.221027135848999 0.25130999088287354 3.422999476774451e-15 0.02731391656065525
1146.7274169921875 0.9657096266746521 0.2317170798778534 3.423338078195116e-15 0.02756902081457369
1146.7374267578125 1.091731309890747 0.24124597012996674 3.4236840911540693e-15 0.02782632848119093
1146.7474365234375 0.8246683478355408 0.22084487974643707 3.424033280486575e-15 0.028082632300716004
1146.75732421875 0.4912221431732178 0.18653081357479095 3.4243811992696596e-15 0.028344168433579616
1146.767333984375 1.1172412633895874 0.2463168203830719 3.4247367413492696e-15 0.02860775896034525
1146.77734375 0.672942042350769 0.20713934302330017 3.425095248044195e-15 0.028870092884521772
1146.7872314453125 0.925484836101532 0.22975902259349823 3.4254524841896995e-15 0.02913759525451084
1146.7972412109375 1.0139416456222534 0.2382703572511673 3.4258171318734924e-15 0.02940697833512385
1146.8072509765625 0.857108473777771 0.22329992055892944 3.4261851676890744e-15 0.02967821506209475
1146.817138671875 0.9728450775146484 0.23389224708080292 3.4265517211969987e-15 0.029947903421276637
1146.8271484375 0.8777617812156677 0.2268621176481247 3.426926109759685e-15 0.030222653139180447
1146.837158203125 1.1453626155853271 0.2515019178390503 3.4273036746959237e-15 0.03049909209544435
1146.8470458984375 0.8368654251098633 0.22393940389156342 3.427679545566268e-15 0.03077380826279594
1146.8570556640625 0.8387207984924316 0.22520670294761658 3.428063463249611e-15 0.031053489436781486
1146.8670654296875 1.4145740270614624 0.2720869481563568 3.428450557306506e-15 0.031334748900315665
1146.8770751953125 1.0299417972564697 0.24089713394641876 3.4288410394951903e-15 0.03161406169205554
1146.886962890625 0.7789579033851624 0.21815241873264313 3.429229615859743e-15 0.031898303621726506
1146.89697265625 0.5983842015266418 0.20124274492263794 3.429626450795532e-15 0.03218395903491143
1146.906982421875 1.2062056064605713 0.2567076086997986 3.4300266738631095e-15 0.03246751966401422
1146.9168701171875 1.2179824113845825 0.2573778033256531 3.430424991106556e-15 0.03275592854268631
