wave flux_norm flux_err cont_fit cont_err
1248.0882568359375 0.8627297282218933 0.13238917291164398 5.2360070082859214e-15 0.03148533050281781
1248.0982666015625 0.9892314672470093 0.13915616273880005 5.2258498126989215e-15 0.03081720512950381
1248.1082763671875 0.967802882194519 0.1384875476360321 5.2158256012846405e-15 0.030155527774293017
1248.1181640625 1.1181762218475342 0.14553773403167725 5.206055923271009e-15 0.029508730969388743
1248.128173828125 1.075818419456482 0.14353419840335846 5.196297680202166e-15 0.028884560354167373
1248.13818359375 1.0410683155059814 0.14288131892681122 5.186671574273095e-15 0.02826772044007222
1248.1480712890625 1.0104998350143433 0.1408868432044983 5.177291954931674e-15 0.027666134653181764
1248.1580810546875 1.1140172481536865 0.14673104882240295 5.167926735150357e-15 0.027087002557282445
1248.1680908203125 1.0482525825500488 0.14345911145210266 5.158692381959391e-15 0.026516154773932956
1248.1781005859375 0.9582545161247253 0.13835012912750244 5.149587624809354e-15 0.025960965662860835
1248.18798828125 0.8332322239875793 0.13228461146354675 5.1407204604010225e-15 0.025421584926270266
1248.197998046875 0.8696884512901306 0.13425686955451965 5.131871507201057e-15 0.024904448976224236
1248.2080078125 0.9986284971237183 0.14101393520832062 5.123150032459653e-15 0.024396949644110575
1248.2178955078125 0.8031882047653198 0.1307663917541504 5.114660221229323e-15 0.02390566127029369
1248.2279052734375 1.0241268873214722 0.1428486555814743 5.106191162306201e-15 0.023436427081434192
1248.2379150390625 1.0818448066711426 0.14657062292099 5.097847887775746e-15 0.022977854487037708
1248.247802734375 1.2139079570770264 0.1525089293718338 5.089729500492787e-15 0.02253591118717355
1248.2578125 0.7727635502815247 0.1299990564584732 5.081634406615878e-15 0.0221158341706414
1248.267822265625 1.0192972421646118 0.14355404675006866 5.073663403065741e-15 0.021707349643832776
1248.2777099609375 1.0097395181655884 0.14343589544296265 5.065910934015996e-15 0.02131585583181733
1248.2877197265625 1.0709632635116577 0.1465296745300293 5.058183875954669e-15 0.020945912909761232
1248.2977294921875 0.9428756833076477 0.1399734765291214 5.05057921415422e-15 0.020588453576037478
1248.3076171875 1.0741491317749023 0.14691157639026642 5.043186310590584e-15 0.02024821245920997
1248.317626953125 0.9353201985359192 0.13921873271465302 5.0358222061471555e-15 0.019929052359395297
1248.32763671875 0.9457889795303345 0.1409507840871811 5.028577956865763e-15 0.01962310347589127
1248.3375244140625 1.209234356880188 0.15368635952472687 5.0215395365905535e-15 0.019334418803875188
1248.3475341796875 0.9038496613502502 0.1383977085351944 5.014532033017919e-15 0.019066128628221032
1248.3575439453125 1.1525017023086548 0.15165358781814575 5.0076431140578994e-15 0.018811536359889774
1248.367431640625 0.9775934815406799 0.14227303862571716 5.000952824324011e-15 0.018574001310046547
1248.37744140625 1.0012667179107666 0.14420703053474426 4.994296839424487e-15 0.018355933555405615
1248.387451171875 0.9536319375038147 0.14149577915668488 4.987756474522263e-15 0.01815177931088772
1248.3974609375 0.920828104019165 0.1399488002061844 4.9813313061008654e-15 0.01796415481313886
1248.4073486328125 1.2300653457641602 0.1555069535970688 4.9750975671255474e-15 0.017792784482759366
1248.4173583984375 1.1118592023849487 0.15015223622322083 4.968900674083435e-15 0.017639201135420564
1248.4273681640625 0.8158975839614868 0.13435164093971252 4.962816859939781e-15 0.017499294756627034
1248.437255859375 0.9462346434593201 0.1421823650598526 4.956918546011576e-15 0.01737471008150935
1248.447265625 0.9968001842498779 0.14448712766170502 4.951058348565997e-15 0.017266314207439373
1248.457275390625 1.0932494401931763 0.1495676040649414 4.945310382985929e-15 0.017171017839858374
1248.4671630859375 1.0341795682907104 0.14672625064849854 4.939741141357732e-15 0.017089800862442755
1248.4771728515625 1.0478571653366089 0.14731468260288239 4.934212980827477e-15 0.017022940173468382
1248.4871826171875 1.0975091457366943 0.15001341700553894 4.928794511063891e-15 0.016968298891593795
1248.4970703125 1.0159906148910522 0.14530448615550995 4.923548836021545e-15 0.01692626333066737
1248.507080078125 0.8594989776611328 0.13698644936084747 4.918346783175983e-15 0.01689659782268151
1248.51708984375 0.8116816282272339 0.13487675786018372 4.913251879998248e-15 0.016878031688408936
1248.5269775390625 0.9707281589508057 0.1433955430984497 4.90832468934407e-15 0.016870443851793343
1248.5369873046875 1.1265162229537964 0.15182581543922424 4.903441967919623e-15 0.016873178430821686
1248.5469970703125 0.9960671663284302 0.14489006996154785 4.898665125613582e-15 0.016885739657601116
1248.556884765625 1.080298662185669 0.1498452126979828 4.894050066600467e-15 0.01690758902043029
1248.56689453125 1.0558547973632812 0.14902663230895996 4.8894820179159245e-15 0.016937737161640286
1248.576904296875 1.0453120470046997 0.14859165251255035 4.885017307250947e-15 0.016976371598372057
1248.5869140625 0.8294401168823242 0.13602173328399658 4.880656358122008e-15 0.017022619676513032
1248.5968017578125 0.9135264158248901 0.14145010709762573 4.876449145472996e-15 0.017075937490628683
1248.6068115234375 1.2815916538238525 0.1596759855747223 4.872291060734925e-15 0.017135025583381827
1248.6168212890625 1.170595645904541 0.15521158277988434 4.86823419643405e-15 0.01720082485901011
1248.626708984375 1.097394347190857 0.15149545669555664 4.864325986415419e-15 0.01727214836757938
1248.63671875 0.9295582175254822 0.14267413318157196 4.860468598373623e-15 0.017347535924408318
1248.646728515625 1.1144505739212036 0.15172001719474792 4.856710736703129e-15 0.01742839122932797
1248.6566162109375 0.8699871897697449 0.1393781453371048 4.853095176567774e-15 0.01751335221519511
1248.6666259765625 1.0651099681854248 0.15019501745700836 4.849532979508096e-15 0.017600884678546643
1248.6766357421875 1.0783318281173706 0.15077824890613556 4.846067767720879e-15 0.017692733169397106
1248.6865234375 0.9806411862373352 0.1458844542503357 4.842739775271117e-15 0.01778743900067853
1248.696533203125 1.1441057920455933 0.15394514799118042 4.8394664164464526e-15 0.017883419340814808
1248.70654296875 0.8631606101989746 0.13858766853809357 4.836288772344828e-15 0.017982683259426497
1248.7164306640625 0.9841762781143188 0.14633436501026154 4.833242418350028e-15 0.018083721671866546
1248.7264404296875 0.9978077411651611 0.14699740707874298 4.83025239204622e-15 0.01818494028972452
1248.7364501953125 0.9238246083259583 0.14334703981876373 4.827355962883084e-15 0.018288531762388625
1248.746337890625 0.7773171663284302 0.1347106248140335 4.824585741629089e-15 0.01839296274708066
1248.75634765625 1.0829849243164062 0.15183015167713165 4.821873118615507e-15 0.018496679415575406
1248.766357421875 1.1212209463119507 0.15390270948410034 4.819251975160229e-15 0.018601972828213856
1248.7763671875 0.9280202984809875 0.14298073947429657 4.81672188774678e-15 0.018707321663599615
1248.7862548828125 1.0859119892120361 0.15206389129161835 4.814310808462421e-15 0.01881121881130359
1248.7962646484375 1.1483511924743652 0.15500465035438538 4.811959445000843e-15 0.018916004048003608
1248.8062744140625 1.110817313194275 0.15327489376068115 4.8096970199987266e-15 0.019020196825288556
1248.816162109375 1.0513492822647095 0.14986258745193481 4.80754894444449e-15 0.019123604869394607
1248.826171875 0.8785719871520996 0.14063964784145355 4.805461855262455e-15 0.019224805344850014
1248.836181640625 1.1255435943603516 0.15411029756069183 4.8034611634410404e-15 0.019326127212178308
1248.8460693359375 1.0906364917755127 0.1519865095615387 4.801570162386295e-15 0.01942617067736787
1248.8560791015625 0.9181029200553894 0.1424933224916458 4.799740571220226e-15 0.01952358428192175
1248.8660888671875 1.116576075553894 0.15363067388534546 4.797996530381829e-15 0.019620644132456736
1248.8759765625 1.0544369220733643 0.1502586305141449 4.796356674595945e-15 0.019716018658258474
1248.885986328125 0.8215982913970947 0.1375034898519516 4.7947794992481575e-15 0.019808451417031678
1248.89599609375 0.8828903436660767 0.1413235068321228 4.7932857566456745e-15 0.01990012734857609
1248.9058837890625 0.9206598401069641 0.14310771226882935 4.79189111689802e-15 0.01998979249425758
1248.9158935546875 0.968798816204071 0.14630292356014252 4.7905608516543574e-15 0.02007629696450217
1248.9259033203125 0.8948312401771545 0.14222347736358643 4.789311478057157e-15 0.02016169630686868
1248.935791015625 0.9691181182861328 0.14626917243003845 4.788156548633576e-15 0.020244836084741445
1248.94580078125 1.0070520639419556 0.14827489852905273 4.7870668407469334e-15 0.020324671606688435
1248.955810546875 0.9702324271202087 0.1464814990758896 4.786056330440859e-15 0.02040310627116131
1248.9656982421875 0.8610187768936157 0.13925759494304657 4.785135605627194e-15 0.02047909319987504
1248.9757080078125 0.8345285058021545 0.1383160948753357 4.784280949383414e-15 0.020551691052678983
1248.9857177734375 0.8122797608375549 0.13632935285568237 4.7835033731378346e-15 0.02062264598555983
1248.9957275390625 1.0964581966400146 0.15257401764392853 4.782802453373982e-15 0.02069100985298086
1249.005615234375 0.8624953031539917 0.1390748918056488 4.782184966355433e-15 0.020756743800796274
1249.015625 0.9971198439598083 0.14770276844501495 4.7816348184561916e-15 0.020819061658781772
1249.025634765625 0.983871579170227 0.14707662165164948 4.781159209456308e-15 0.020879474165248765
1249.0355224609375 0.9352582097053528 0.14421774446964264 4.78076237452052e-15 0.020937177298239882
1249.0455322265625 0.8839084506034851 0.141588032245636 4.780434149253459e-15 0.020991492912853234
1249.0555419921875 1.034965991973877 0.14943233132362366 4.780177921786914e-15 0.02104374883463246
1249.0654296875 1.0077838897705078 0.14815691113471985 4.779996233219728e-15 0.021093243827314923
1249.075439453125 0.8239390850067139 0.1377483755350113 4.779882730804796e-15 0.021139419241548246
1249.08544921875 0.8983367085456848 0.1421290785074234 4.779840379157433e-15 0.021183407904110472
1249.0953369140625 1.0203081369400024 0.14895659685134888 4.7798674842117455e-15 0.02122462141036546
1249.1053466796875 0.9459924697875977 0.14496053755283356 4.7799640459677325e-15 0.02126260845042039
1249.1153564453125 0.9694916009902954 0.1457623690366745 4.780129640908921e-15 0.021298309810020274
1249.125244140625 0.9568162560462952 0.14510862529277802 4.7803604573870475e-15 0.02133124992563053
1249.13525390625 1.0435917377471924 0.14935848116874695 4.780660730566849e-15 0.021361080567389456
1249.145263671875 0.8215060830116272 0.13735473155975342 4.7810283428659575e-15 0.021388554202059235
1249.1551513671875 1.202357292175293 0.1585519015789032 4.781456941537268e-15 0.02141329583684128
1249.1651611328125 1.0051878690719604 0.1480432152748108 4.781955420426727e-15 0.021435074432442247
1249.1751708984375 0.9434617161750793 0.14467324316501617 4.782519544369599e-15 0.021454440872937516
1249.1851806640625 0.8700902462005615 0.13992616534233093 4.783147619299988e-15 0.021471135328290855
1249.195068359375 0.7962057590484619 0.13582007586956024 4.783831174888422e-15 0.02148517712287596
1249.205078125 0.9186765551567078 0.14316637814044952 4.784585457727952e-15 0.021496468160111137
1249.215087890625 0.966589629650116 0.14589953422546387 4.785401997489105e-15 0.021505312906119515
1249.2249755859375 1.1015677452087402 0.15309719741344452 4.786269782743567e-15 0.021511586496267516
1249.2349853515625 1.0294142961502075 0.14891718327999115 4.7872087187655985e-15 0.02151528533178548
1249.2449951171875 0.9774312376976013 0.1468026041984558 4.7882082176433586e-15 0.02151653653448939
1249.2548828125 0.930658221244812 0.14354842901229858 4.789254303333218e-15 0.021515310417342132
1249.264892578125 0.8310465216636658 0.1377735286951065 4.790372386823593e-15 0.02151170080933746
1249.27490234375 0.9055084586143494 0.14168304204940796 4.7915489155873296e-15 0.02150565550267239
1249.2847900390625 0.9182623028755188 0.14234161376953125 4.7927677959984285e-15 0.02149724267789919
1249.2947998046875 0.8299180269241333 0.13826508820056915 4.794059097726518e-15 0.021486645954539325
1249.3048095703125 0.9527715444564819 0.14474952220916748 4.795406727145599e-15 0.021473645796179636
1249.314697265625 1.2009154558181763 0.15719492733478546 4.796792896563781e-15 0.021458401679067058
1249.32470703125 1.075184941291809 0.15176859498023987 4.798251063782479e-15 0.02144118100428478
1249.334716796875 0.9902498126029968 0.14644259214401245 4.799764288142749e-15 0.02142160529276167
1249.3446044921875 0.9898037910461426 0.14644046127796173 4.801311817337383e-15 0.021399920949506178
1249.3546142578125 0.8281857967376709 0.13803663849830627 4.802931344332533e-15 0.021376474462513072
1249.3646240234375 1.038079023361206 0.14911337196826935 4.80460423440336e-15 0.02135073934999151
1249.37451171875 0.8908029794692993 0.1410883069038391 4.806307194143815e-15 0.021323041588116553
1249.384521484375 1.0139962434768677 0.14765867590904236 4.8080829987177335e-15 0.021293802584986792
1249.39453125 1.0739752054214478 0.15116511285305023 4.809909201752014e-15 0.021262353698595467
1249.404541015625 0.8402151465415955 0.13813871145248413 4.811785803246656e-15 0.021229099159007992
1249.4144287109375 1.0732691287994385 0.15098936855793 4.813687815729715e-15 0.02119409396846822
1249.4244384765625 0.9866362810134888 0.14600707590579987 4.815662249529765e-15 0.021157850224813663
1249.4344482421875 0.7775136828422546 0.13429033756256104 4.817684540691335e-15 0.021119531083243364
1249.4443359375 0.703446090221405 0.12997156381607056 4.8197292782260065e-15 0.021079629192552643
1249.454345703125 0.8643912672996521 0.13922008872032166 4.821845590044721e-15 0.02103871998223798
1249.46435546875 1.1446508169174194 0.15450461208820343 4.824008488675535e-15 0.020995851355852194
1249.4742431640625 0.6777556538581848 0.12820829451084137 4.826189598514715e-15 0.020951581462345388
1249.4842529296875 1.045732855796814 0.14912894368171692 4.828442282637938e-15 0.020906534997932585
1249.4942626953125 0.89870685338974 0.14087098836898804 4.8307394359908915e-15 0.02085966323910746
1249.504150390625 0.6899953484535217 0.1289968639612198 4.833051412420422e-15 0.020811577601911622
1249.51416015625 0.6907259225845337 0.1282537281513214 4.835434963133996e-15 0.0207629525955532
1249.524169921875 0.6045880317687988 0.12303467094898224 4.8378604419784584e-15 0.02071264752303678
1249.5340576171875 0.5304155945777893 0.11736391484737396 4.840297779284183e-15 0.020661324137294445
1249.5440673828125 0.6165611147880554 0.12337291240692139 4.842805843841003e-15 0.020609695332855338
1249.5540771484375 0.43260523676872253 0.11010638624429703 4.845354565979291e-15 0.02055655293402398
1249.56396484375 0.4688861668109894 0.11310528218746185 4.847910911414104e-15 0.02050259404675912
1249.573974609375 0.4443618655204773 0.11043167859315872 4.8505379841000135e-15 0.02044856378979241
1249.583984375 0.5776801705360413 0.12080683559179306 4.853203596785023e-15 0.020393194713601376
1249.593994140625 0.675047755241394 0.1273777037858963 4.8559073259526585e-15 0.020337222474724723
1249.6038818359375 0.6375122666358948 0.12480183690786362 4.858614443252083e-15 0.02028071907722959
1249.6138916015625 0.6604926586151123 0.12667550146579742 4.861391017253183e-15 0.020224453041830917
1249.6239013671875 0.6970348358154297 0.12883487343788147 4.8642040136710144e-15 0.020167107037604194
1249.6337890625 0.8902769684791565 0.14021813869476318 4.867017010088846e-15 0.020109447380380795
1249.643798828125 1.0494060516357422 0.14855380356311798 4.869899463208352e-15 0.020052253872551967
1249.65380859375 0.9756114482879639 0.14457446336746216 4.872815374129275e-15 0.019994191205627707
1249.6636962890625 0.9257470965385437 0.14232905209064484 4.87572916746783e-15 0.01993603463890128
1249.6737060546875 1.0108238458633423 0.14630873501300812 4.878711146958639e-15 0.019878571415944363
1249.6837158203125 0.9014672636985779 0.1394250988960266 4.88172489018497e-15 0.019820457547716292
1249.693603515625 1.1191716194152832 0.15185530483722687 4.884733127697143e-15 0.019762477588430555
1249.70361328125 0.8148764371871948 0.13516327738761902 4.887808704328624e-15 0.01970541190472953
1249.713623046875 0.97276371717453 0.1439138650894165 4.890914774146205e-15 0.019647922733605584
1249.7235107421875 0.8750693202018738 0.13867677748203278 4.8940119501178405e-15 0.01959079800921843
1249.7335205078125 1.0424883365631104 0.1476719230413437 4.897176041692309e-15 0.01953479899768849
1249.7435302734375 1.0532459020614624 0.1484641432762146 4.900367661837563e-15 0.01947861751470503
1249.75341796875 1.0164700746536255 0.1464855819940567 4.9035478470380294e-15 0.01942302645203241
1249.763427734375 1.2084416151046753 0.15562830865383148 4.9067941008083815e-15 0.01936876568194729
1249.7734375 0.9298269152641296 0.14156709611415863 4.910066189083625e-15 0.019314570419163405
1249.783447265625 1.0413066148757935 0.1465238779783249 4.9133641118637595e-15 0.01926119230707691
1249.7933349609375 0.8812125325202942 0.13900209963321686 4.91664636453437e-15 0.01920870193312468
1249.8033447265625 1.0073586702346802 0.14593075215816498 4.919992991708972e-15 0.019157800284034864
1249.8133544921875 0.9796696901321411 0.14380362629890442 4.9233633358060965e-15 0.019107299741294485
1249.8232421875 1.1156220436096191 0.1518099308013916 4.9267154686948554e-15 0.019057910675191175
1249.833251953125 1.2131154537200928 0.15615122020244598 4.930130705538185e-15 0.019010283609167195
1249.84326171875 1.0558230876922607 0.14821751415729523 4.933567965238143e-15 0.01896331391584687
1249.8531494140625 0.9648786187171936 0.14391104876995087 4.936984049114419e-15 0.018917668470941285
1249.8631591796875 0.9508997201919556 0.14262618124485016 4.940462389912319e-15 0.018873944501535577
1249.8731689453125 0.9069791436195374 0.13974620401859283 4.943960635984479e-15 0.018831131857378426
1249.883056640625 1.2542109489440918 0.15812048316001892 4.947434741617643e-15 0.01878984644924327
1249.89306640625 1.010217547416687 0.1444202959537506 4.950970257139482e-15 0.0187506254107269
1249.903076171875 0.893675684928894 0.13853739202022552 4.954523983869688e-15 0.018712564686480044
1249.9129638671875 0.9297271966934204 0.14103159308433533 4.958050605545581e-15 0.01867621967057987
1249.9229736328125 1.2438112497329712 0.15767499804496765 4.961637366560729e-15 0.018642060021709053
1249.9329833984375 0.825493574142456 0.13597363233566284 4.9652402212018755e-15 0.018609303188563665
1249.94287109375 0.8978476524353027 0.13946256041526794 4.968813853206341e-15 0.018578436823225335
1249.952880859375 1.049956202507019 0.14725299179553986 4.9724463540006415e-15 0.018549853671788196
1249.962890625 1.0911041498184204 0.14986932277679443 4.976092830838571e-15 0.018522904291098985
1249.9727783203125 1.0836608409881592 0.14981219172477722 4.979707543940979e-15 0.018497998540772352
1249.9827880859375 1.0096157789230347 0.14488784968852997 4.9833798552838e-15 0.01847545307546277
1249.9927978515625 0.9782078862190247 0.143872931599617 4.9870640250878825e-15 0.01845475529674077
1250.0028076171875 0.8991255164146423 0.13984376192092896 4.9907592063202794e-15 0.01843623618681251
1250.0126953125 0.9411380290985107 0.14196661114692688 4.9944200827183125e-15 0.018419937905099257
1250.022705078125 0.7594949007034302 0.13068637251853943 4.998136439774391e-15 0.018406053615017216
1250.03271484375 0.888992965221405 0.1385881006717682 5.001861690676415e-15 0.018394275486804428
1250.0426025390625 0.901616632938385 0.1390351504087448 5.005550519161708e-15 0.018384818767523355
1250.0526123046875 0.9528303146362305 0.14185427129268646 5.009292710722677e-15 0.01837778674830011
1250.0626220703125 0.9484495520591736 0.14209380745887756 5.013042525580172e-15 0.018373027555977854
1250.072509765625 1.1564233303070068 0.15180280804634094 5.016753376922093e-15 0.018370665771041964
1250.08251953125 0.9995281100273132 0.14451031386852264 5.020515897273797e-15 0.018370706521120956
1250.092529296875 0.9809306859970093 0.14333081245422363 5.024283923339657e-15 0.018373163671572233
1250.1024169921875 1.0788542032241821 0.14839370548725128 5.028010868307576e-15 0.01837806751608657
1250.1124267578125 0.9395773410797119 0.14018915593624115 5.031788211735857e-15 0.018385319966084373
1250.1224365234375 0.7919314503669739 0.13195961713790894 5.0355693668124e-15 0.01839510728281493
1250.13232421875 1.1256824731826782 0.15031561255455017 5.03930689969216e-15 0.018407358149951633
1250.142333984375 1.1663588285446167 0.1529027223587036 5.043092713449913e-15 0.01842187903170794
1250.15234375 1.0947767496109009 0.14874210953712463 5.046880644790034e-15 0.018439021497304833
1250.1622314453125 1.0546818971633911 0.14622196555137634 5.050623259867477e-15 0.018458616868502253
1250.1722412109375 1.0670093297958374 0.14711983501911163 5.0544120382405456e-15 0.018480369802922027
1250.1822509765625 0.7532767653465271 0.1298343539237976 5.058200816613614e-15 0.018504806030162465
1250.1922607421875 1.0144141912460327 0.1435481458902359 5.061988747953735e-15 0.01853165453055447
1250.2021484375 1.2588070631027222 0.15653680264949799 5.065728821932337e-15 0.018560894176282705
1250.212158203125 0.9245744943618774 0.13898536562919617 5.069512941624195e-15 0.018592104747020395
1250.22216796875 1.0919551849365234 0.14734068512916565 5.0732940967007385e-15 0.01862602977161029
1250.2320556640625 0.9790451526641846 0.14172552525997162 5.077025700349867e-15 0.018662270288571942
1250.2420654296875 1.089525580406189 0.14800451695919037 5.080799232129885e-15 0.01870031098186819
1250.2520751953125 1.083899974822998 0.14707030355930328 5.0845676817122196e-15 0.018741056598029195
1250.261962890625 1.0693117380142212 0.14632666110992432 5.088284885801245e-15 0.01878401373356448
1250.27197265625 0.9956544041633606 0.14156177639961243 5.092042323955265e-15 0.018828579823773475
1250.281982421875 1.1473257541656494 0.1497574746608734 5.0957925623292336e-15 0.018875810773852576
1250.2918701171875 1.063435435295105 0.14495089650154114 5.0994898611439986e-15 0.018925128747509047
1250.3018798828125 1.0173979997634888 0.14241835474967957 5.1032248529249164e-15 0.018975846439896398
1250.3118896484375 0.9543434381484985 0.13925401866436005 5.106951374376362e-15 0.019029165118640792
1250.32177734375 0.8046265840530396 0.13140618801116943 5.110623262202709e-15 0.01908442056245299
1250.331787109375 1.0791795253753662 0.14545448124408722 5.1143303018963675e-15 0.01914084905679535
1250.341796875 1.0104494094848633 0.14138618111610413 5.118026753678185e-15 0.019199791559196603
1250.3516845703125 0.7674466967582703 0.12782567739486694 5.121666877769011e-15 0.019260502271755794
1250.3616943359375 0.8229550719261169 0.13162623345851898 5.1253404596612526e-15 0.019322150872089165
1250.3717041015625 0.9374097585678101 0.1379663497209549 5.129000912542812e-15 0.019386200017493277
1250.3817138671875 0.8108882904052734 0.13026390969753265 5.132648659930163e-15 0.01945183531282217
1250.3916015625 0.9122280478477478 0.13623222708702087 5.136237962044153e-15 0.019518164234138588
1250.401611328125 0.7871733903884888 0.12921078503131866 5.139857757344244e-15 0.01958675936112115
1250.41162109375 0.6828497648239136 0.12296470254659653 5.143461882534811e-15 0.019656744853195025
1250.4215087890625 0.9691466093063354 0.13910678029060364 5.14700671541907e-15 0.019728050926214682
1250.4315185546875 0.8566311001777649 0.1324785202741623 5.150578653357642e-15 0.0197997189460628
1250.4415283203125 0.5553001165390015 0.11432403326034546 5.154133650637268e-15 0.019873446662470977
1250.451416015625 0.6707947850227356 0.12157268077135086 5.157628085061166e-15 0.019948286594783454
1250.46142578125 0.7604689002037048 0.12748482823371887 5.161147083440534e-15 0.02002323474036243
1250.471435546875 0.6233882904052734 0.11876752972602844 5.164647023578588e-15 0.0201000716026131
1250.4813232421875 0.7373148798942566 0.1258264034986496 5.16808470679502e-15 0.020177804938048716
1250.4913330078125 0.7487893104553223 0.12635229527950287 5.171544836384554e-15 0.020255398696537842
1250.5013427734375 0.587363064289093 0.11652813851833344 5.17498421366688e-15 0.02033469201505782
1250.51123046875 0.5064857006072998 0.11100821197032928 5.178360063478162e-15 0.020414663077716118
1250.521240234375 0.5297946929931641 0.11269844323396683 5.181755395047231e-15 0.0204942460585713
1250.53125 0.3815169930458069 0.1009511724114418 5.185128280243197e-15 0.020575336934603835
1250.5411376953125 0.4044579267501831 0.10247115045785904 5.188436367418699e-15 0.020656879528960337
1250.5511474609375 0.6541028022766113 0.12050384283065796 5.191761395253146e-15 0.020737796056234582
1250.5611572265625 0.6762296557426453 0.12174408882856369 5.195061859132122e-15 0.02082001282303142
1250.571044921875 0.6970021724700928 0.12328369915485382 5.198296677957686e-15 0.020902458454964898
1250.5810546875 0.5169095993041992 0.11099725216627121 5.20154547282688e-15 0.020984049053526896
1250.591064453125 0.7080344557762146 0.12386178225278854 5.2047675861582356e-15 0.021066726320635647
1250.60107421875 0.7860976457595825 0.12797944247722626 5.2079617474023315e-15 0.02114940806925492
1250.6109619140625 0.8213165402412415 0.12993012368679047 5.211089840076542e-15 0.02123202156374307
1250.6209716796875 0.6392825245857239 0.11895685642957687 5.214228097146119e-15 0.02131348929877449
1250.6309814453125 0.8421536684036255 0.1313357651233673 5.217336708062542e-15 0.021395749148199833
1250.640869140625 0.7072579264640808 0.12341485917568207 5.220377556343185e-15 0.021477722076990433
1250.65087890625 0.829944908618927 0.13036184012889862 5.223426027920353e-15 0.021558341319862118
1250.660888671875 0.8070791363716125 0.12860804796218872 5.2264427357619995e-15 0.021639528572904868
1250.6707763671875 0.7622079253196716 0.12636780738830566 5.229391680967865e-15 0.02172021563818027
1250.6807861328125 0.8854734301567078 0.13355185091495514 5.23234401430552e-15 0.02179935732150485
1250.6907958984375 0.9076153039932251 0.1348843276500702 5.235263313358232e-15 0.021878837509189595
1250.70068359375 0.8368127346038818 0.1308625042438507 5.2381140027422165e-15 0.02195760864672555
1250.710693359375 0.8615986704826355 0.1318608820438385 5.2409651156426745e-15 0.022034653975514962
1250.720703125 0.9269545078277588 0.13557814061641693 5.243781076675821e-15 0.02211181156279851
1250.7305908203125 0.8705116510391235 0.13250857591629028 5.2465275810072935e-15 0.02218805534644785
1250.7406005859375 0.9168915748596191 0.13454113900661469 5.249271967756397e-15 0.02226240835826932
1250.7506103515625 1.0493940114974976 0.1419859230518341 5.2519786615393485e-15 0.022336641673564913
1250.760498046875 1.004986047744751 0.13911744952201843 5.254615475104151e-15 0.022409767848529525
1250.7705078125 1.049551010131836 0.14143483340740204 5.257246782954797e-15 0.022480854098920266
1250.780517578125 0.9254351258277893 0.13489918410778046 5.259838703773395e-15 0.022551588604500156
1250.79052734375 0.9582065939903259 0.13612745702266693 5.262390814043472e-15 0.022621029998563743
1250.8004150390625 0.990642249584198 0.13868781924247742 5.264872620578927e-15 0.022689117174769406
1250.8104248046875 1.0482736825942993 0.14129765331745148 5.2673438392025415e-15 0.02275498252052688
1250.8204345703125 0.8107017874717712 0.1288529932498932 5.2697735532117405e-15 0.022820195592999273
1250.830322265625 0.9677311182022095 0.13758821785449982 5.2721316929368964e-15 0.022883879881829244
1250.84033203125 0.9688819050788879 0.1371971219778061 5.27447670365137e-15 0.02294522817056654
1250.850341796875 1.1460627317428589 0.1459045559167862 5.276777668652586e-15 0.023005699934053686
1250.8602294921875 1.0009366273880005 0.13877983391284943 5.279007482886233e-15 0.023064473651262473
1250.8702392578125 0.9220286011695862 0.1345806121826172 5.2812199329444615e-15 0.02312081437363737
1250.8802490234375 0.979374885559082 0.13712912797927856 5.283386643223538e-15 0.023176060644973392
1250.89013671875 0.844525933265686 0.13004405796527863 5.2854817792185715e-15 0.023229452675498325
1250.900146484375 1.0003654956817627 0.13809821009635925 5.287556162906397e-15 0.023280326130180738
1250.91015625 0.953843891620636 0.13631027936935425 5.289583112749177e-15 0.02332989207427716
1250.9200439453125 0.9753158688545227 0.13717107474803925 5.29153806479144e-15 0.023377461451012122
1250.9300537109375 1.1767994165420532 0.14692875742912292 5.293468452878232e-15 0.023422443812465228
1250.9400634765625 1.1211265325546265 0.14385922253131866 5.295349713054084e-15 0.02346590903699492
1250.949951171875 0.7865487337112427 0.12610654532909393 5.297158551912946e-15 0.023507245286361136
1250.9599609375 0.9412215948104858 0.135030135512352 5.298939438684548e-15 0.02354594625196367
1250.969970703125 0.931321382522583 0.1345396637916565 5.3006686564463674e-15 0.023582929310123773
1250.9798583984375 1.0525513887405396 0.1408260315656662 5.3023258764076705e-15 0.02361766296279658
1250.9898681640625 0.860889196395874 0.13125179708003998 5.3039513326334515e-15 0.023649732059342694
1250.9998779296875 1.0410065650939941 0.14056043326854706 5.3055234257835555e-15 0.023679889950707946
1251.0098876953125 0.8869684338569641 0.13197046518325806 5.307041308825035e-15 0.023707696012583303
1251.019775390625 0.8747828006744385 0.131140798330307 5.308487194065998e-15 0.023733114921558426
1251.02978515625 0.9394024014472961 0.13520264625549316 5.309895809857282e-15 0.02375585434737929
1251.039794921875 0.9162755608558655 0.1341363787651062 5.311248521474047e-15 0.023776445985900795
1251.0496826171875 0.8381263017654419 0.1295497715473175 5.312529235290296e-15 0.023794566393793005
1251.0596923828125 0.9040690064430237 0.1327448934316635 5.313769291525076e-15 0.02381001902611845
1251.0697021484375 0.8925788402557373 0.13270658254623413 5.314950902486496e-15 0.023823159720105846
1251.07958984375 0.8856983780860901 0.13139107823371887 5.316061362680346e-15 0.02383376474625753
1251.089599609375 1.0581245422363281 0.14149720966815948 5.317126083095045e-15 0.023841731579500067
1251.099609375 0.836901068687439 0.12952160835266113 5.318131511203436e-15 0.023847240442654995
1251.1094970703125 1.0946598052978516 0.1424795389175415 5.31906494151131e-15 0.023850165779920662
1251.1195068359375 0.8589963912963867 0.1307559609413147 5.3199492439082435e-15 0.023850503852338074
1251.1295166015625 1.0826449394226074 0.14242145419120789 5.320771712900027e-15 0.023848256451938755
1251.139404296875 1.0382328033447266 0.13970723748207092 5.321522607607768e-15 0.023843398691286634
1251.1494140625 0.9172442555427551 0.13330470025539398 5.322220562756306e-15 0.023836029128766867
1251.159423828125 0.9047669172286987 0.13297700881958008 5.322854990433799e-15 0.023825967991729244
1251.1693115234375 0.9588552117347717 0.13612006604671478 5.3234182673437234e-15 0.023813290998633
1251.1793212890625 1.0808106660842896 0.14197656512260437 5.323923522496761e-15 0.023798203724586568
1251.1893310546875 1.0588173866271973 0.14123307168483734 5.324363556112859e-15 0.023780339702521698
1251.1993408203125 0.9390177130699158 0.13459007441997528 5.324737521159072e-15 0.023759882371146696
1251.209228515625 0.8597877025604248 0.13059403002262115 5.325040758954189e-15 0.023736844324487343
1251.21923828125 0.8496445417404175 0.12921825051307678 5.325280892794736e-15 0.023711571238692407
1251.229248046875 1.2039340734481812 0.14799515902996063 5.325452840483028e-15 0.02368345848393579
1251.2391357421875 1.026566982269287 0.13865184783935547 5.3255549079531724e-15 0.023652827123607664
1251.2491455078125 1.0159612894058228 0.13848590850830078 5.325589212787536e-15 0.023620124606162328
1251.2591552734375 0.9166787266731262 0.1332763135433197 5.325553213887278e-15 0.02358457351039725
1251.26904296875 0.8933600783348083 0.13228316605091095 5.325448181801818e-15 0.023546600408018526
1251.279052734375 1.0046979188919067 0.13801851868629456 5.325271151915842e-15 0.023506749073619125
1251.2890625 1.0815879106521606 0.14210198819637299 5.325021700712876e-15 0.023464084822420465
1251.2989501953125 1.0938682556152344 0.14254480600357056 5.3247040633576555e-15 0.023419131376545804
1251.3089599609375 0.7918399572372437 0.1267779916524887 5.324309346004235e-15 0.023372531806439025
1251.3189697265625 0.916912317276001 0.13329465687274933 5.32384051326793e-15 0.023323195436954238
1251.328857421875 0.9601262211799622 0.13594487309455872 5.323304341412318e-15 0.023271749383460452
1251.3388671875 0.8578750491142273 0.130889892578125 5.322686430877296e-15 0.023218925893175858
1251.348876953125 1.083626627922058 0.14182741940021515 5.3219927108934945e-15 0.023163496329247166
1251.3587646484375 0.9484833478927612 0.13542428612709045 5.321232498823334e-15 0.023106183149820228
1251.3687744140625 0.8722653985023499 0.13139140605926514 5.320385889392553e-15 0.023047804388252203
1251.3787841796875 0.7706275582313538 0.1256793588399887 5.319460929414151e-15 0.02298701351250597
1251.3887939453125 0.7611522078514099 0.12530307471752167 5.318458042404602e-15 0.02292461872277376
1251.398681640625 0.8278558850288391 0.1289231926202774 5.317389086825167e-15 0.022860730479984385
1251.40869140625 0.7825465202331543 0.12622731924057007 5.316227804654482e-15 0.02279626413363871
1251.418701171875 0.8383078575134277 0.12938058376312256 5.314986054353807e-15 0.022729752374625507
1251.4285888671875 0.9960641264915466 0.1375153809785843 5.313679506032667e-15 0.022662111723271604
1251.4385986328125 0.9959636330604553 0.1379958838224411 5.312275972439067e-15 0.02259432085054903
1251.4486083984375 0.8971967101097107 0.13235121965408325 5.310789853133109e-15 0.02252485087103232
1251.45849609375 0.9414035677909851 0.13499613106250763 5.309239782839634e-15 0.022454689984835602
1251.468505859375 0.9530181884765625 0.13545764982700348 5.307588068592488e-15 0.022384864631563063
1251.478515625 0.8720914721488953 0.13155382871627808 5.3058516510506165e-15 0.022313823220388346
1251.4884033203125 0.8639300465583801 0.1306539922952652 5.304052553070648e-15 0.022242604492183356
1251.4984130859375 0.9742750525474548 0.13698643445968628 5.302146728939326e-15 0.022172267590107767
1251.5084228515625 1.0133635997772217 0.13905097544193268 5.3001540839309105e-15 0.022101277463100397
1251.518310546875 0.9528481364250183 0.1364722102880478 5.2981004525502924e-15 0.02203071442446411
1251.5283203125 1.1635503768920898 0.1468878537416458 5.295934589304163e-15 0.021961645289337674
1251.538330078125 0.9048576951026917 0.1342291533946991 5.293680211115046e-15 0.021892594934124012
1251.5482177734375 1.0651826858520508 0.14237037301063538 5.291366117103147e-15 0.021824667041124807
1251.5582275390625 0.7921969890594482 0.12732776999473572 5.288934709028054e-15 0.021758914750139833
1251.5682373046875 0.8971470594406128 0.13331253826618195 5.286412668427604e-15 0.02169397700900304
1251.578125 0.9500007629394531 0.13748861849308014 5.283832182553794e-15 0.021630951326976677
1251.588134765625 0.9475608468055725 0.1368483006954193 5.281129300419105e-15 0.02157085094318594
1251.59814453125 1.0216658115386963 0.14060324430465698 5.278334091693166e-15 0.02151248947982891
1251.608154296875 0.9080673456192017 0.13417737185955048 5.275445709343029e-15 0.021456928799083674
1251.6180419921875 0.9592937231063843 0.13746601343154907 5.272501422818373e-15 0.021404489321723286
1251.6280517578125 1.0768300294876099 0.14359399676322937 5.26942669321984e-15 0.021356077347908283
1251.6380615234375 0.857666552066803 0.13191135227680206 5.266257519447688e-15 0.021310833396716255
1251.64794921875 0.8417218923568726 0.13165324926376343 5.263033288533964e-15 0.0212697279600643
1251.657958984375 1.041387915611267 0.1421509087085724 5.259673955865154e-15 0.021233539369503517
1251.66796875 0.921163022518158 0.13572530448436737 5.256217637923883e-15 0.021201737806927547
1251.6778564453125 1.0305726528167725 0.1427711546421051 5.2527079569069345e-15 0.021175173945541963
1251.6878662109375 0.8180537223815918 0.1302952766418457 5.249057668420742e-15 0.021154453978492586
1251.6978759765625 0.945100724697113 0.13649412989616394 5.245309124112668e-15 0.021139452248793395
1251.707763671875 0.8809248805046082 0.13484083116054535 5.2415080637618645e-15 0.021130854590191425
1251.7177734375 1.0790040493011475 0.14536014199256897 5.237561313744133e-15 0.021129043102535237
1251.727783203125 0.8733013868331909 0.13408774137496948 5.233513766805678e-15 0.021134370800578704
1251.7376708984375 0.8672314882278442 0.13292264938354492 5.229416668439809e-15 0.02114730854839096
1251.7476806640625 0.8109946250915527 0.12826277315616608 5.2251671041434345e-15 0.021167957734030865
1251.7576904296875 0.9224551916122437 0.1374761015176773 5.220815895893389e-15 0.021197230403363028
1251.767578125 1.113387942314148 0.14740455150604248 5.216415983248877e-15 0.021235325912792827
1251.777587890625 0.8568374514579773 0.1331421583890915 5.211858522476175e-15 0.02128200661623704
1251.78759765625 0.8462406992912292 0.1327512115240097 5.207196453134487e-15 0.021338819150282778
1251.797607421875 1.044276475906372 0.14338910579681396 5.20242935170734e-15 0.021405629369889562
1251.8074951171875 0.856998860836029 0.13380402326583862 5.197616934017515e-15 0.021482816501903302
1251.8175048828125 0.7483593821525574 0.12719766795635223 5.192638921386501e-15 0.0215696125461147
1251.8275146484375 1.0481030941009521 0.14333315193653107 5.187554182604134e-15 0.02166850907343986
1251.83740234375 1.116894006729126 0.14671649038791656 5.182425398108509e-15 0.021778846080334226
1251.847412109375 1.1979870796203613 0.15126213431358337 5.177125936474012e-15 0.021899391907675852
1251.857421875 0.9561452865600586 0.1391361802816391 5.171717631105794e-15 0.022033429515787965
1251.8673095703125 1.0458171367645264 0.14270424842834473 5.166267397606686e-15 0.022179839728999562
1251.8773193359375 0.8221429586410522 0.1320497989654541 5.160640134221602e-15 0.022336881455223206
1251.8873291015625 0.9560004472732544 0.13860160112380981 5.154902333036901e-15 0.0225086917864208
1251.897216796875 1.0127620697021484 0.14232315123081207 5.14912472130368e-15 0.0226936421021144
1251.9072265625 1.0897526741027832 0.14651204645633698 5.143164573970325e-15 0.02288944884722509
1251.917236328125 0.949249267578125 0.1391647607088089 5.1370913477385115e-15 0.02310114403108195
1251.9271240234375 1.0662580728530884 0.14666853845119476 5.130980428540545e-15 0.023326557214867955
1251.9371337890625 1.021358609199524 0.1416829228401184 5.124681044511815e-15 0.023562853747605784
1251.9471435546875 0.9926143288612366 0.14245696365833282 5.118266887518732e-15 0.023815993880128998
1251.95703125 0.8438211679458618 0.13396504521369934 5.111817155141864e-15 0.024083252970822908
1251.967041015625 1.2627651691436768 0.15440897643566132 5.105173028703601e-15 0.024361206828407717
1251.97705078125 1.0508737564086914 0.1440640240907669 5.098411588202144e-15 0.0246567891010439
1251.987060546875 1.1948192119598389 0.15279525518417358 5.091533257153965e-15 0.02496670649595601
1251.9969482421875 0.7892856001853943 0.13058225810527802 5.084622738853791e-15 0.0252869457848301
1252.0069580078125 0.9206973314285278 0.13833028078079224 5.077508932646276e-15 0.025625441415724884
1252.0169677734375 1.0282750129699707 0.1439976543188095 5.070275694793198e-15 0.025978316814245415
1252.02685546875 0.9832513332366943 0.14181281626224518 5.063012810786966e-15 0.02634556625291434
1252.036865234375 0.9386796355247498 0.1401033252477646 5.055540709642762e-15 0.026722406138574434
1252.046875 1.0701085329055786 0.14611117541790009 5.047947059270627e-15 0.027118115471660608
1252.0567626953125 0.9024288058280945 0.13827115297317505 5.040326727360654e-15 0.027528068498498055
1252.0667724609375 1.1557446718215942 0.15319469571113586 5.032489978532657e-15 0.0279469284930347
1252.0767822265625 0.8591377139091492 0.13719739019870758 5.024530409927308e-15 0.028384981822118144
1252.086669921875 1.01063871383667 0.14657075703144073 5.016546277366489e-15 0.02883704602722904
1252.0966796875 0.9245176911354065 0.14224809408187866 5.0083393751405424e-15 0.02929727504822789
1252.106689453125 0.8910481333732605 0.13961465656757355 5.000007959071349e-15 0.0297769147362457
1252.1165771484375 1.1118665933609009 0.15335072576999664 4.9916540966290536e-15 0.030270271330706363
1252.1265869140625 1.0100510120391846 0.14797265827655792 4.983071958807473e-15 0.030770977299149176
1252.1365966796875 1.083508849143982 0.15358620882034302 4.974362342527331e-15 0.03129127090332384
1252.146484375 1.0506987571716309 0.15054690837860107 4.965633668005875e-15 0.03182495141529564
1252.156494140625 1.0342389345169067 0.1493956297636032 4.9566699418415565e-15 0.0323651351812946
1252.16650390625 1.0583831071853638 0.15207767486572266 4.947576619636308e-15 0.03292504490999774
1252.1763916015625 0.9171225428581238 0.14298763871192932 4.9384672038050616e-15 0.033497959510073665
1252.1864013671875 0.9875691533088684 0.1483505666255951 4.929115960067374e-15 0.03407654250523096
1252.1964111328125 1.100932002067566 0.15429149568080902 4.919633426222862e-15 0.034674955525064576
1252.2064208984375 1.046632170677185 0.15221290290355682 4.910019178755052e-15 0.03528599020658833
1252.21630859375 0.8473517298698425 0.1400292068719864 4.900392649309507e-15 0.0359095526108364
1252.226318359375 0.8215915560722351 0.13803155720233917 4.890514974595101e-15 0.036537672254541326
1252.236328125 0.7719753980636597 0.13659070432186127 4.8805038921915025e-15 0.037185744078617425
1252.2462158203125 0.9036229252815247 0.14498412609100342 4.8704830689090105e-15 0.03784596156202821
1252.2562255859375 1.0189473628997803 0.15047796070575714 4.86020432409408e-15 0.03850992034320612
1252.2662353515625 0.9532278776168823 0.14743009209632874 4.849790477524062e-15 0.03919392604482225
1252.276123046875 0.9921348690986633 0.15041226148605347 4.8393698546904656e-15 0.03988971420237805
1252.2861328125 1.0532963275909424 0.15384170413017273 4.828684110544379e-15 0.04058847961847664
1252.296142578125 1.1450964212417603 0.15898926556110382 4.817861570577311e-15 0.041307383965829066
1252.3060302734375 0.7317925095558167 0.13552631437778473 4.80703521896198e-15 0.042037747720575946
1252.3160400390625 1.0787038803100586 0.15654246509075165 4.795937393287054e-15 0.042770342430221646
1252.3260498046875 0.9262619018554688 0.14669491350650787 4.784699807175831e-15 0.04352316402951723
1252.3359375 1.1131893396377563 0.1573685109615326 4.7734622210646085e-15 0.044287119109808225
1252.345947265625 1.2142926454544067 0.16266541182994843 4.761945961113739e-15 0.04505260534791286
1252.35595703125 1.0065943002700806 0.15204578638076782 4.750288670177152e-15 0.045838401939385306
1252.3658447265625 1.0844863653182983 0.15739354491233826 4.7386334968229325e-15 0.046635071958869505
1252.3758544921875 1.0370925664901733 0.15536338090896606 4.726692873365489e-15 0.047432580670526
1252.3858642578125 1.1240235567092896 0.16067634522914886 4.7146095248564324e-15 0.048250542905330686
1252.3958740234375 0.9040029644966125 0.14879387617111206 4.702381757229869e-15 0.0490790773861086
1252.40576171875 0.8412097096443176 0.14444589614868164 4.690161189383358e-15 0.049918092982071366
1252.415771484375 1.1738089323043823 0.16437660157680511 4.677645854071202e-15 0.05075709414158081
1252.42578125 1.1747031211853027 0.16385164856910706 4.664984405575645e-15 0.051616716534511595
1252.4356689453125 0.8982692360877991 0.14890442788600922 4.652333968508402e-15 0.05248655448508801
1252.4456787109375 1.0453399419784546 0.1567365527153015 4.639380717162515e-15 0.053355795901068606
1252.4556884765625 1.076462984085083 0.15868568420410156 4.626279658567333e-15 0.054245766306014465
1252.465576171875 0.971246063709259 0.1534191220998764 4.6131925760157805e-15 0.0551457639584058
1252.4755859375 1.022691011428833 0.15561255812644958 4.5997959029220065e-15 0.05604453427496789
1252.485595703125 1.085774302482605 0.15986426174640656 4.5862493049965685e-15 0.05696419014297198
1252.4954833984375 1.0597779750823975 0.15783840417861938 4.572720494763023e-15 0.05789365932247647
1252.5054931640625 0.8414940237998962 0.14511729776859283 4.5588744706907304e-15 0.05882133410327211
1252.5155029296875 1.0965282917022705 0.15813206136226654 4.544876404204406e-15 0.059770052898587486
1252.525390625 1.1309025287628174 0.16049546003341675 4.53090036057471e-15 0.0607283650247434
1252.535400390625 1.1154645681381226 0.15994387865066528 4.516598632776795e-15 0.06168434631401229
1252.54541015625 1.0545730590820312 0.15658307075500488 4.5021440155319e-15 0.06266154681072506
1252.5552978515625 1.2637535333633423 0.1680240035057068 4.487713962242476e-15 0.06364813154617914
1252.5653076171875 1.116333246231079 0.15977409482002258 4.472951872037728e-15 0.06463186695748796
1252.5753173828125 1.1435877084732056 0.16259200870990753 4.458034351287159e-15 0.06563697602404787
1252.585205078125 0.9780020713806152 0.15311521291732788 4.4431452061403226e-15 0.06665129052194965
1252.59521484375 1.0341373682022095 0.15697450935840607 4.427916824298111e-15 0.06766224371728466
1252.605224609375 0.9444722533226013 0.15215934813022614 4.412530470811237e-15 0.06869473800430871
1252.615234375 0.9074371457099915 0.15029482543468475 4.3969861456796995e-15 0.06973626808173355
1252.6251220703125 0.828839123249054 0.145936518907547 4.381475701866052e-15 0.07078679193803823
1252.6351318359375 1.3052009344100952 0.172479510307312 4.365615009928716e-15 0.07183329318593279
1252.6451416015625 0.8768835663795471 0.14977693557739258 4.349594228764348e-15 0.07290156064080368
