wave flux_norm flux_err cont_fit cont_err
1251.3037109375 0.8718321919441223 0.13701550662517548 6.258083972771533e-15 0.031114279648351603
1251.313720703125 1.0574955940246582 0.14694249629974365 6.253636626281974e-15 0.030569150536634022
1251.3236083984375 0.9821686744689941 0.14373517036437988 6.249282876933087e-15 0.030032602183441674
1251.3336181640625 1.3026354312896729 0.16012059152126312 6.244915575057044e-15 0.02950461481271177
1251.3436279296875 0.8963402509689331 0.13902971148490906 6.240587660213048e-15 0.028991479527856277
1251.3536376953125 1.0081560611724854 0.14561748504638672 6.236299979434047e-15 0.028480527061830282
1251.363525390625 1.1960121393203735 0.15505388379096985 6.232103354696875e-15 0.027978160396270612
1251.37353515625 0.9846309423446655 0.14459297060966492 6.227894024465495e-15 0.02749032601792239
1251.383544921875 0.9012814164161682 0.13878804445266724 6.223724081266162e-15 0.027005010916282563
1251.3934326171875 0.9754223227500916 0.1437242478132248 6.219643923559238e-15 0.026528278341389194
1251.4034423828125 1.061168909072876 0.147862508893013 6.215551907391053e-15 0.02606581670868217
1251.4134521484375 0.8630694150924683 0.13737808167934418 6.2114992782549144e-15 0.02560619759181911
1251.42333984375 1.100141167640686 0.15007738769054413 6.2075338935123434e-15 0.025155230859214943
1251.433349609375 1.0751395225524902 0.14893735945224762 6.203558344374405e-15 0.024718238732725384
1251.443359375 1.103216528892517 0.15011738240718842 6.199621335235567e-15 0.02428449486982869
1251.4532470703125 1.2158931493759155 0.1558556705713272 6.195769876424402e-15 0.023859424390085072
1251.4632568359375 1.0783500671386719 0.14912213385105133 6.1919095237672906e-15 0.023448092379113043
1251.4732666015625 0.9673827290534973 0.1430424451828003 6.188086864076332e-15 0.023040366257900867
1251.483154296875 1.1170998811721802 0.1510925441980362 6.184348907680099e-15 0.022641409340626095
1251.4931640625 1.153540015220642 0.15423378348350525 6.180602057437919e-15 0.022255935891291132
1251.503173828125 0.892561674118042 0.13913439214229584 6.176893323678366e-15 0.02187448035091253
1251.5130615234375 0.9570649266242981 0.14360038936138153 6.173266752114697e-15 0.02150186391746849
1251.5230712890625 0.9825875163078308 0.1451687067747116 6.169632980770976e-15 0.021142514809426326
1251.5330810546875 0.9568973183631897 0.1440252661705017 6.166036478876934e-15 0.020787568737235362
1251.5430908203125 1.0348414182662964 0.14808021485805511 6.162477246432572e-15 0.020441566160263606
1251.552978515625 0.9962499737739563 0.1462121605873108 6.158998058601725e-15 0.020104507438925424
1251.56298828125 0.9722593426704407 0.14490877091884613 6.155512941540247e-15 0.01978039582322427
1251.572998046875 1.1495623588562012 0.15392829477787018 6.152064670411975e-15 0.01946123818223577
1251.5828857421875 0.9229665994644165 0.14184877276420593 6.1486947498313235e-15 0.019151118170975215
1251.5928955078125 1.0124262571334839 0.1467171013355255 6.145319747052989e-15 0.018853691194679244
1251.6029052734375 1.0516986846923828 0.14901363849639893 6.141981166691386e-15 0.01856162330448236
1251.61279296875 0.8882653117179871 0.1403075009584427 6.1387192428115096e-15 0.01827864871175984
1251.622802734375 1.025627613067627 0.14820094406604767 6.135453083766897e-15 0.018008077676241494
1251.6328125 1.0409519672393799 0.14852751791477203 6.132223347139016e-15 0.017743238099751833
1251.6427001953125 1.231507420539856 0.1585875004529953 6.129068149410494e-15 0.017487533766389167
1251.6527099609375 1.1272785663604736 0.15350662171840668 6.1259099870666564e-15 0.017243917794850943
1251.6627197265625 0.8727016448974609 0.1400803029537201 6.1227874001066034e-15 0.017006370354437205
1251.672607421875 1.1325182914733887 0.15490147471427917 6.1197385050129616e-15 0.016777953609045305
1251.6826171875 1.199052333831787 0.15858234465122223 6.116686645304004e-15 0.01656125363841843
1251.692626953125 0.9124631285667419 0.14365661144256592 6.113670784495305e-15 0.016350896589163638
1251.7025146484375 1.072843074798584 0.152763232588768 6.110726074454176e-15 0.016149590389328623
1251.7125244140625 1.1328909397125244 0.15664517879486084 6.107780093863625e-15 0.015959582958595273
1251.7225341796875 0.9723407030105591 0.14837297797203064 6.104868841623912e-15 0.015776132702209553
1251.7325439453125 1.0679022073745728 0.15515215694904327 6.101993164767984e-15 0.015601588118206394
1251.742431640625 1.0947072505950928 0.1555156707763672 6.099186097580783e-15 0.015435868447773391
1251.75244140625 1.092813491821289 0.15557309985160828 6.096379453910056e-15 0.015280774500130984
1251.762451171875 0.9657238125801086 0.14867033064365387 6.093607115073693e-15 0.015132371099677917
1251.7723388671875 1.073004126548767 0.15513832867145538 6.090902115356636e-15 0.014992544312427402
1251.7823486328125 0.959416389465332 0.1483529657125473 6.0881983861890004e-15 0.014862723755462583
1251.7923583984375 1.0218664407730103 0.15268608927726746 6.085528538339255e-15 0.014739598253401284
1251.80224609375 0.940012514591217 0.1484949290752411 6.082924759059395e-15 0.014624684609544013
1251.812255859375 0.9672876000404358 0.14842036366462708 6.080322250328956e-15 0.01451910510676052
1251.822265625 1.068765640258789 0.15537208318710327 6.077754046432881e-15 0.014420098754874402
1251.8321533203125 1.183937907218933 0.16175439953804016 6.075249793524324e-15 0.014328862135143228
1251.8421630859375 0.9936262369155884 0.15220528841018677 6.072748505231082e-15 0.014246199725340362
1251.8521728515625 0.9561191201210022 0.14815659821033478 6.070280251222783e-15 0.014169899635679674
1251.862060546875 1.0399694442749023 0.15426497161388397 6.067874677652581e-15 0.01410083902415267
1251.8720703125 0.8598792552947998 0.14369741082191467 6.0654724922141676e-15 0.014039542985102675
1251.882080078125 0.9456803202629089 0.14834274351596832 6.063103341060697e-15 0.013984296470342463
1251.8919677734375 1.024664282798767 0.15234419703483582 6.060795599795903e-15 0.013935697379757988
1251.9019775390625 1.1138395071029663 0.15845617651939392 6.058491670179371e-15 0.013894005591156373
1251.9119873046875 1.0315361022949219 0.15269295871257782 6.0562207748477825e-15 0.013857981411799992
1251.9219970703125 1.1176177263259888 0.1586877554655075 6.053982066768189e-15 0.013827953445191816
1251.931884765625 1.1516999006271362 0.15970036387443542 6.051802650994904e-15 0.013803701685321874
1251.94189453125 1.1892552375793457 0.16226054728031158 6.049628317419302e-15 0.013785194000021707
1251.951904296875 0.796226441860199 0.13818252086639404 6.047486171095696e-15 0.013771747174091001
1251.9617919921875 0.9944808483123779 0.15135842561721802 6.04540119949603e-15 0.013763396722468116
1251.9718017578125 1.1251647472381592 0.15935255587100983 6.043322580643468e-15 0.013759925380781237
1251.9818115234375 1.1123570203781128 0.15840531885623932 6.0412757255264276e-15 0.01376102259447604
1251.99169921875 1.003810167312622 0.1518244743347168 6.039284774583906e-15 0.013766532654573017
1252.001708984375 1.0985699892044067 0.15789133310317993 6.037301023421437e-15 0.013776088861693183
1252.01171875 0.8749082684516907 0.14511820673942566 6.035348188961542e-15 0.013789705332014736
1252.0216064453125 1.0626977682113647 0.15591862797737122 6.033449988126745e-15 0.013807069369387021
1252.0316162109375 0.9332019090652466 0.14741751551628113 6.031558987072e-15 0.01382769034764177
1252.0416259765625 0.8775317072868347 0.1447291225194931 6.029699326236303e-15 0.013851865955818372
1252.051513671875 0.954540491104126 0.15031437575817108 6.02789260495981e-15 0.013879155726234669
1252.0615234375 1.0302213430404663 0.15439043939113617 6.026094354012789e-15 0.013908970853037158
1252.071533203125 1.1778271198272705 0.16284121572971344 6.024326596251869e-15 0.01394185136515101
1252.0814208984375 0.9159837961196899 0.14666087925434113 6.022610083984258e-15 0.013977251631533892
1252.0914306640625 1.0324915647506714 0.15427930653095245 6.020902889079067e-15 0.014014511834618331
1252.1014404296875 0.9756871461868286 0.15045970678329468 6.019225763843504e-15 0.014054371233602713
1252.111328125 0.9763419032096863 0.14773869514465332 6.017598613551828e-15 0.014096208206844022
1252.121337890625 0.9555089473724365 0.1487346887588501 6.015981204139046e-15 0.014139846932621034
1252.13134765625 1.2489395141601562 0.16346628963947296 6.0143938643958915e-15 0.014184568109981224
1252.141357421875 0.9902059435844421 0.1489299088716507 6.012836170805891e-15 0.014231312055755322
1252.1512451171875 0.915955126285553 0.14325061440467834 6.01132633457741e-15 0.014279388267705154
1252.1612548828125 0.9011311531066895 0.1432766318321228 6.0098275097772436e-15 0.014328039844718468
1252.1712646484375 0.9949895739555359 0.1477125883102417 6.008357907613757e-15 0.014378328157749636
1252.18115234375 0.9393465518951416 0.14493300020694733 6.00693489226237e-15 0.014429522001585746
1252.191162109375 1.1067664623260498 0.1542341113090515 6.005522888339297e-15 0.014480855881079575
1252.201171875 0.8452867865562439 0.13967296481132507 6.004140530569378e-15 0.014533472504124062
1252.2110595703125 1.0250279903411865 0.14937107264995575 6.00280264202919e-15 0.014586625187108586
1252.2210693359375 0.8340457677841187 0.1374833583831787 6.001477458983211e-15 0.014639542530526125
1252.2310791015625 1.1411103010177612 0.15554064512252808 6.000180228024491e-15 0.014693425770069348
1252.240966796875 1.116950273513794 0.15444780886173248 5.998927042779028e-15 0.014747516497528297
1252.2509765625 0.8318466544151306 0.13920794427394867 5.997686563027774e-15 0.014801061808909072
1252.260986328125 1.116451621055603 0.15485979616641998 5.996474458880253e-15 0.014855280818411214
1252.2708740234375 1.0932066440582275 0.15339115262031555 5.995304706380095e-15 0.014909434829892924
1252.2808837890625 0.8198093771934509 0.13835397362709045 5.994148082890619e-15 0.014962775348724013
1252.2908935546875 1.0773601531982422 0.15283945202827454 5.993019411488403e-15 0.015016542542690713
1252.30078125 0.9602888822555542 0.14639586210250854 5.991931397667655e-15 0.015069997944791129
1252.310791015625 0.7942873239517212 0.13686108589172363 5.99085778340701e-15 0.015122428674712692
1252.32080078125 1.2081655263900757 0.15976598858833313 5.989811274200677e-15 0.015175058735953265
1252.330810546875 1.042680025100708 0.1508093923330307 5.98879229356513e-15 0.015227174284929432
1252.3406982421875 0.8602223992347717 0.14042377471923828 5.987812699961631e-15 0.015278717308571202
1252.3507080078125 0.9371745586395264 0.14522065222263336 5.986847505918234e-15 0.015329011793149699
1252.3607177734375 0.9104210734367371 0.14395061135292053 5.98590941692915e-15 0.015379245759463504
1252.37060546875 0.8741458058357239 0.14112204313278198 5.985009020906219e-15 0.0154287462923453
1252.380615234375 1.0683691501617432 0.15236778557300568 5.984123871476338e-15 0.01547687357932122
1252.390625 1.0557687282562256 0.15142188966274261 5.983265403584296e-15 0.01552477472520635
1252.4005126953125 0.965895414352417 0.1466120183467865 5.982443358108986e-15 0.01557180562341533
1252.4105224609375 0.8738980889320374 0.141239732503891 5.981637406259673e-15 0.015617375290286818
1252.4205322265625 0.7576680779457092 0.13450759649276733 5.980857712431726e-15 0.01566256963407135
1252.430419921875 0.9653661251068115 0.146296426653862 5.9801127469546154e-15 0.015706787053255164
1252.4404296875 0.8852866291999817 0.142264723777771 5.97938472213645e-15 0.015749475594775058
1252.450439453125 1.0270668268203735 0.15055090188980103 5.978682108306703e-15 0.015791661751190608
1252.4603271484375 0.9898018836975098 0.1481212079524994 5.978013375794846e-15 0.01583278651926819
1252.4703369140625 0.8113840222358704 0.13746410608291626 5.977362007458407e-15 0.015872340099101295
1252.4803466796875 0.9896740317344666 0.1486593782901764 5.976736050110386e-15 0.015911280904392224
1252.490234375 1.0291587114334106 0.14977289736270905 5.976142280014361e-15 0.015949090136486238
1252.500244140625 1.003486156463623 0.14873480796813965 5.975566297610228e-15 0.01598531101933102
1252.51025390625 1.118754267692566 0.1552148163318634 5.975015302678039e-15 0.01602082075840826
1252.520263671875 0.9777565002441406 0.14743676781654358 5.974489295217794e-15 0.016055151878809806
1252.5301513671875 0.7978033423423767 0.13619084656238556 5.973994204460124e-15 0.016088286926306393
1252.5401611328125 1.017430067062378 0.1494513601064682 5.97351732491082e-15 0.016119835402806905
1252.5501708984375 0.7983881235122681 0.13678336143493652 5.973065009316986e-15 0.01615056679518054
1252.56005859375 1.041857123374939 0.15144243836402893 5.9726419163598325e-15 0.016180071402167175
1252.570068359375 0.9655419588088989 0.14697971940040588 5.972237881643992e-15 0.0162080101773766
1252.580078125 0.9928144216537476 0.14799225330352783 5.971857987367149e-15 0.016235062244173596
1252.5899658203125 0.7962518334388733 0.13707900047302246 5.971506468694038e-15 0.016260871104906736
1252.5999755859375 1.0039236545562744 0.14892704784870148 5.971174008262241e-15 0.016285145603722025
1252.6099853515625 1.0716068744659424 0.15219561755657196 5.97086568826944e-15 0.01630847770892888
1252.619873046875 0.8860837817192078 0.1425653100013733 5.970584049814478e-15 0.016330560541119473
1252.6298828125 0.7964446544647217 0.13723215460777283 5.97032274015025e-15 0.01635115117406829
1252.639892578125 1.0297048091888428 0.15016266703605652 5.970084300375598e-15 0.016370754717982054
1252.6497802734375 0.7708801627159119 0.13494235277175903 5.969871695105837e-15 0.01638911374583239
1252.6597900390625 0.5772429704666138 0.12242785096168518 5.9696794186268106e-15 0.016406030883977442
1252.6697998046875 0.8749954700469971 0.14167286455631256 5.969510435553833e-15 0.016421926468421093
1252.6796875 0.9012308716773987 0.14275915920734406 5.969365592919853e-15 0.016436589672098642
1252.689697265625 0.7963127493858337 0.13714474439620972 5.969241926109554e-15 0.016449870786396373
1252.69970703125 0.7866380214691162 0.13572564721107483 5.969140705672357e-15 0.016462104505626324
1252.709716796875 0.771816611289978 0.1353607177734375 5.969061931608262e-15 0.016473125802553223
1252.7196044921875 1.027928352355957 0.15104958415031433 5.9690060274337434e-15 0.016482945631804906
1252.7296142578125 0.7336883544921875 0.13345403969287872 5.96897172259938e-15 0.01649147297077887
1252.7396240234375 0.7717225551605225 0.13511909544467926 5.9689594406216444e-15 0.016498930105564868
1252.74951171875 0.7197496294975281 0.13220156729221344 5.968968757984064e-15 0.01650521511154096
1252.759521484375 0.5909395813941956 0.1230245903134346 5.969000098203113e-15 0.01651028206348199
1252.76953125 0.6272672414779663 0.12559960782527924 5.969053037762316e-15 0.016514271749001896
1252.7794189453125 0.6409321427345276 0.12636391818523407 5.969126729628727e-15 0.01651712382406895
1252.7894287109375 0.5122628808021545 0.118132084608078 5.969222444351767e-15 0.016518840366972837
1252.7994384765625 0.6933510899543762 0.13037769496440887 5.969339758414962e-15 0.0165194762863591
1252.809326171875 0.527165412902832 0.11829894036054611 5.9694761307194696e-15 0.016519017374825196
1252.8193359375 0.6172850131988525 0.12489811331033707 5.969635372913553e-15 0.016517506855458747
1252.829345703125 0.6957534551620483 0.12941387295722961 5.969815367414845e-15 0.016514920599502558
1252.8392333984375 0.9652071595191956 0.1468297243118286 5.970013996640976e-15 0.01651128836448722
1252.8492431640625 0.7978527545928955 0.13687090575695038 5.970235495756683e-15 0.016506689580262895
1252.8592529296875 1.1336995363235474 0.15591275691986084 5.970477323663124e-15 0.016501028681252385
1252.869140625 0.7966632843017578 0.13727912306785583 5.970736515744984e-15 0.01649437321522414
1252.879150390625 0.9004628658294678 0.14267155528068542 5.971019001232893e-15 0.016486840948451684
1252.88916015625 0.9123610258102417 0.14424863457679749 5.971321815511537e-15 0.016478265565210495
1252.8990478515625 0.9912704825401306 0.1483871340751648 5.971640723416178e-15 0.01646875124047056
1252.9090576171875 0.9516707062721252 0.14634791016578674 5.971983348243342e-15 0.01645831972866438
1252.9190673828125 0.7719182968139648 0.13477879762649536 5.9723454548282935e-15 0.016447134562705926
1252.9290771484375 1.0051207542419434 0.1483452469110489 5.972727890203979e-15 0.01643493892692972
1252.93896484375 0.8756744861602783 0.14165136218070984 5.973124301623294e-15 0.016421885471382566
1252.948974609375 0.900353193283081 0.14274273812770844 5.973545276998079e-15 0.016408173264135958
1252.958984375 0.9641724824905396 0.14684554934501648 5.973985310614178e-15 0.01639348352294552
1252.9688720703125 1.082002878189087 0.15281109511852264 5.9744388967574325e-15 0.016378001400236455
1252.9788818359375 0.8865233659744263 0.14216506481170654 5.9749170468561576e-15 0.01636195321288166
1252.9888916015625 0.9655100703239441 0.14674676954746246 5.975414255196196e-15 0.01634496418790377
1252.998779296875 0.8350843787193298 0.13904157280921936 5.975923321997496e-15 0.016327253317980392
1253.0087890625 0.8355324864387512 0.13886414468288422 5.976457799787213e-15 0.0163090698733728
1253.018798828125 1.001230001449585 0.14925731718540192 5.97701091230177e-15 0.01628998938695894
1253.0286865234375 0.7585127949714661 0.13441775739192963 5.9775750362446416e-15 0.016270257303654938
1253.0386962890625 0.9030929803848267 0.14268700778484344 5.978164147659457e-15 0.016250148220766758
1253.0487060546875 0.9412446618080139 0.14534033834934235 5.978771893799112e-15 0.01622919004280854
1253.05859375 0.9902587532997131 0.14766311645507812 5.979389804334134e-15 0.016207651157133185
1253.068603515625 0.9109752178192139 0.14392368495464325 5.9800327023411e-15 0.016185832338350494
1253.07861328125 0.9783530831336975 0.14711032807826996 5.980693811556432e-15 0.016163215681449458
1253.0885009765625 0.8189573287963867 0.1387193500995636 5.981364238134184e-15 0.016140095935508615
1253.0985107421875 0.8998324871063232 0.14247533679008484 5.982060075700353e-15 0.0161167873149824
1253.1085205078125 0.8620242476463318 0.1403599977493286 5.982773700958415e-15 0.016092739508614163
1253.1185302734375 0.9294943809509277 0.1437539905309677 5.983504266875422e-15 0.016068264854408106
1253.12841796875 0.9371840357780457 0.1451340615749359 5.9842428796054274e-15 0.01604338724792501
1253.138427734375 1.1171882152557373 0.15489323437213898 5.985007750356798e-15 0.016018445584053763
1253.1484375 1.011357307434082 0.1499960571527481 5.98578913825064e-15 0.01599284825901101
1253.1583251953125 0.7825232148170471 0.13600614666938782 5.986577725924534e-15 0.01596692782219553
1253.1683349609375 0.9212618470191956 0.14418214559555054 5.9873925716197925e-15 0.015941031081617995
1253.1783447265625 0.8979912400245667 0.1425650417804718 5.988223510941049e-15 0.015914547967152543
1253.188232421875 0.9374333620071411 0.14493145048618317 5.98906080300941e-15 0.015887819933459547
1253.1982421875 1.0912723541259766 0.15342870354652405 5.989924776615609e-15 0.01586120386042067
1253.208251953125 0.845471203327179 0.13974487781524658 5.990804420331333e-15 0.01583407031245783
1253.2181396484375 0.9336755275726318 0.14514964818954468 5.99168914624474e-15 0.015806774006972384
1253.2281494140625 0.8344902396202087 0.13916215300559998 5.992600977212459e-15 0.015779673522124758
1253.2381591796875 1.090956687927246 0.15377430617809296 5.993528054773229e-15 0.015752129608156456
1253.248046875 0.9351254105567932 0.1451282650232315 5.994459367498735e-15 0.01572450008892522
1253.258056640625 1.208402156829834 0.1593257188796997 5.9954177852785534e-15 0.015697152049447247
1253.26806640625 1.0633653402328491 0.15214471518993378 5.996391449651422e-15 0.015669434089957857
1253.2779541015625 1.2601324319839478 0.1613638699054718 5.9973680786396064e-15 0.01564171266408096
1253.2879638671875 0.935808539390564 0.14493399858474731 5.998371812682103e-15 0.015614347838826282
1253.2979736328125 1.0649025440216064 0.15144333243370056 5.999390369801176e-15 0.015586693981434946
1253.3079833984375 1.064758062362671 0.1520191878080368 6.0004241735133e-15 0.015559111675757107
1253.31787109375 1.052018642425537 0.15102843940258026 6.001459671291318e-15 0.015531628435962558
1253.327880859375 1.1928677558898926 0.1584089696407318 6.002522274123649e-15 0.015504604393892665
1253.337890625 0.8568544983863831 0.13945627212524414 6.003599700032556e-15 0.015477394296801044
1253.3477783203125 1.0007747411727905 0.14755941927433014 6.004677972974411e-15 0.015450358540744644
1253.3577880859375 0.9871587157249451 0.1463470607995987 6.005783350970578e-15 0.015423850176660722
1253.3677978515625 0.7917994260787964 0.1365516483783722 6.006903128526848e-15 0.015397236263259952
1253.377685546875 0.9463935494422913 0.1450435072183609 6.008022906083118e-15 0.015370871713424814
1253.3876953125 1.0736497640609741 0.1518654227256775 6.009170635726648e-15 0.015345096380696824
1253.397705078125 0.9492878913879395 0.14485026895999908 6.01033149438086e-15 0.015319297494372781
1253.4075927734375 0.81819748878479 0.137542262673378 6.011491929518598e-15 0.015293817991760736
1253.4176025390625 1.2190630435943604 0.15966662764549255 6.0126798932271224e-15 0.01526898595255447
1253.4276123046875 0.8826246857643127 0.1411467045545578 6.013881409462803e-15 0.015244210045689117
1253.4375 1.1888338327407837 0.15830665826797485 6.015080808116115e-15 0.01521982078179235
1253.447509765625 1.1233874559402466 0.15490882098674774 6.01630858237316e-15 0.015196130918199572
1253.45751953125 1.127610683441162 0.15386007726192474 6.017549062124414e-15 0.015172575578600354
1253.4674072265625 0.842853844165802 0.13923108577728271 6.018787000776826e-15 0.015149469262799054
1253.4774169921875 1.137256383895874 0.15509052574634552 6.020052468000024e-15 0.01512710873048036
1253.4874267578125 0.918405294418335 0.14362375438213348 6.021331064233904e-15 0.015104957623506662
1253.4974365234375 0.9698364734649658 0.14620144665241241 6.02262194244552e-15 0.015083316808168934
1253.50732421875 0.9321275949478149 0.14359664916992188 6.023909009008873e-15 0.01506220290148471
1253.517333984375 0.9726216793060303 0.1459912806749344 6.025224027659485e-15 0.015041882288599616
1253.52734375 1.0356671810150146 0.14933337271213531 6.0265513282878325e-15 0.015021868397572666
1253.5372314453125 0.9799293875694275 0.14653246104717255 6.027874393751444e-15 0.015002435493005478
1253.5472412109375 0.9043118357658386 0.14225220680236816 6.029224987785841e-15 0.0149838220486563
1253.5572509765625 1.0573631525039673 0.15123490989208221 6.030587440281499e-15 0.01496558618055614
1253.567138671875 0.8534526228904724 0.13899937272071838 6.031944810579474e-15 0.014947973758175201
1253.5771484375 1.1477292776107788 0.1559055745601654 6.033330132964709e-15 0.014931203216628202
1253.587158203125 0.8770872950553894 0.1409721076488495 6.034726890294731e-15 0.01491487271413198
1253.5970458984375 1.0828312635421753 0.1527092605829239 6.0361177183941225e-15 0.014899205549451743
1253.6070556640625 0.7765899896621704 0.1342480182647705 6.0375364985807735e-15 0.014884391537623625
1253.6170654296875 0.8546640872955322 0.13863539695739746 6.038965866679265e-15 0.014870076131695751
1253.626953125 0.7653160691261292 0.132839173078537 6.040388882030652e-15 0.014856454913105532
1253.636962890625 0.6853745579719543 0.12858691811561584 6.041839849469299e-15 0.014843692013563966
1253.64697265625 0.7898784875869751 0.13500887155532837 6.043301404819786e-15 0.014831478402038455
1253.6568603515625 0.6740885972976685 0.12788628041744232 6.044755336873748e-15 0.014819984465809554
1253.6668701171875 0.8761398196220398 0.14095361530780792 6.046237644531443e-15 0.01480934308618187
1253.6768798828125 0.584374725818634 0.12161000818014145 6.047729693068032e-15 0.01479929775575742
1253.686767578125 0.48061132431030273 0.11464408785104752 6.049213694791621e-15 0.014789987184820717
1253.69677734375 0.5058668851852417 0.1163836196064949 6.05072564860247e-15 0.014781415959214443
1253.706787109375 0.4293370842933655 0.11003463715314865 6.052247766808686e-15 0.014773678989003957
1253.716796875 0.38934046030044556 0.10701299458742142 6.053779202377322e-15 0.014766585731014185
1253.7266845703125 0.41556090116500854 0.10906735062599182 6.055301320583538e-15 0.014760237803065762
1253.7366943359375 0.3270018696784973 0.10119988024234772 6.056851814393487e-15 0.014754698473859322
1253.7467041015625 0.4141860902309418 0.10733751952648163 6.058411202049382e-15 0.014749830015717036
1253.756591796875 0.364948570728302 0.10485301911830902 6.059960848826384e-15 0.014745704609968253
1253.7666015625 0.375522643327713 0.10629797726869583 6.061538447690645e-15 0.014742356195096383
1253.776611328125 0.36403417587280273 0.10447228699922562 6.063124940400852e-15 0.014739697378200425
1253.7864990234375 0.48050209879875183 0.11382543295621872 6.064700845199219e-15 0.014737770002761361
1253.7965087890625 0.7200331687927246 0.131007120013237 6.066304702084845e-15 0.014736579968561118
1253.8065185546875 0.6832409501075745 0.1279527246952057 6.0679170292999435e-15 0.014736089837251406
1253.81640625 0.5428791046142578 0.11850345879793167 6.069517921570254e-15 0.014736312246874257
1253.826416015625 0.5424839854240417 0.11822774261236191 6.071146765927824e-15 0.014737222684106766
1253.83642578125 0.8097102046012878 0.13580097258090973 6.072783657098393e-15 0.014738835741729007
1253.8463134765625 0.6321280598640442 0.12423024326562881 6.074408266291227e-15 0.014741133271501894
1253.8563232421875 0.5408042669296265 0.11886429041624069 6.0760612510877936e-15 0.01474406571618953
1253.8663330078125 1.001625657081604 0.14551936089992523 6.077721435664412e-15 0.014747692489358252
1253.876220703125 0.8476496934890747 0.138453871011734 6.079369338263295e-15 0.014751967880144176
1253.88623046875 0.8476808071136475 0.1384984850883484 6.081044769432964e-15 0.014756817485059835
1253.896240234375 0.9897156953811646 0.146037757396698 6.0827278238991585e-15 0.014762346612509102
1253.90625 0.9464224576950073 0.14467817544937134 6.084417654628931e-15 0.014768481011473288
1253.9161376953125 0.8724713921546936 0.13930754363536835 6.086094356348021e-15 0.014775207916982442
1253.9261474609375 0.8704144358634949 0.14034362137317657 6.087798163121423e-15 0.014782416846360993
1253.9361572265625 1.072861671447754 0.15130573511123657 6.0895091696748765e-15 0.014790268822412406
1253.946044921875 1.0490442514419556 0.15001463890075684 6.091205776668227e-15 0.014798660714911628
1253.9560546875 1.1762522459030151 0.15625211596488953 6.092929912232363e-15 0.014807462517344602
1253.966064453125 0.7441485524177551 0.13185256719589233 6.094660824060077e-15 0.014816870568675448
1253.9759521484375 0.8866161108016968 0.1398029625415802 6.096376489294741e-15 0.014826759615081005
1253.9859619140625 0.9744244813919067 0.1450224071741104 6.09811968310019e-15 0.014836981270875363
1253.9959716796875 1.0739269256591797 0.15067923069000244 6.09986880613627e-15 0.014847765665193682
1254.005859375 1.1494956016540527 0.1552993357181549 6.1016026825793e-15 0.014858966154178936
1254.015869140625 1.1618475914001465 0.1557646542787552 6.1033636640766414e-15 0.01487041987952077
1254.02587890625 0.9718283414840698 0.14552335441112518 6.10513015128814e-15 0.014882382978621562
1254.0357666015625 1.0879080295562744 0.15133248269557953 6.106880968390115e-15 0.01489469570576984
1254.0457763671875 1.088525652885437 0.15071672201156616 6.108658467029928e-15 0.014907176368664295
1254.0557861328125 0.9461854100227356 0.14382418990135193 6.110441471383898e-15 0.01492010812364264
1254.065673828125 0.9818978309631348 0.1459752321243286 6.1122075350789236e-15 0.014933315284222965
1254.07568359375 0.9211204051971436 0.14249369502067566 6.114000703828261e-15 0.014946606824412399
1254.085693359375 0.9363219141960144 0.1422508805990219 6.115798954775282e-15 0.014960283675148215
1254.095703125 0.9203122854232788 0.14169812202453613 6.1176018644035126e-15 0.014974158830993766
1254.1055908203125 1.1101367473602295 0.15224486589431763 6.119387833372798e-15 0.01498820461721041
1254.1156005859375 1.0462497472763062 0.1488160938024521 6.121200060363449e-15 0.01500222070273187
1254.1256103515625 1.1125508546829224 0.1510196179151535 6.123016522518836e-15 0.015016526738355232
1254.135498046875 0.8672345876693726 0.13943669199943542 6.12481519698233e-15 0.015030921353816666
1254.1455078125 1.1210570335388184 0.15317122638225555 6.12664012946719e-15 0.01504520224044584
1254.155517578125 0.9808012843132019 0.14605295658111572 6.128469297116785e-15 0.015059692979347472
1254.1654052734375 1.3485387563705444 0.16400769352912903 6.130279830041541e-15 0.015074191765296997
1254.1754150390625 0.9575971364974976 0.14344143867492676 6.132116620987662e-15 0.015088490437945646
1254.1854248046875 1.0216294527053833 0.147445410490036 6.133956800065572e-15 0.015102916722907518
1254.1953125 1.0950900316238403 0.15157198905944824 6.135778344418643e-15 0.015117265514872592
1254.205322265625 0.9783934950828552 0.1456727683544159 6.137625723276604e-15 0.015131334458394829
1254.21533203125 1.180375576019287 0.15565574169158936 6.139476490266355e-15 0.015145442509073938
1254.2252197265625 1.0318280458450317 0.14744886755943298 6.141307351981845e-15 0.015159387021688496
1254.2352294921875 0.8419296145439148 0.1368064433336258 6.1431644717187e-15 0.015172973153931391
1254.2452392578125 1.0648529529571533 0.14965994656085968 6.145024132554397e-15 0.015186508087180754
1254.255126953125 1.1419261693954468 0.1534891128540039 6.146863888115833e-15 0.01519979456504431
1254.26513671875 1.1679009199142456 0.15421956777572632 6.148729054665687e-15 0.015212646440806646
1254.275146484375 1.0392212867736816 0.1479511708021164 6.150596338797909e-15 0.015225354211924797
1254.28515625 1.1678439378738403 0.15446479618549347 6.152466587545447e-15 0.015237729569338675
1254.2950439453125 0.9628087878227234 0.1437242031097412 6.154316083985777e-15 0.015249743066367954
1254.3050537109375 1.0378921031951904 0.14738482236862183 6.15619056789805e-15 0.015261228741244628
1254.3150634765625 0.9389404654502869 0.14202983677387238 6.158066745876219e-15 0.015272442209474041
1254.324951171875 0.8992888331413269 0.14012525975704193 6.159922595063653e-15 0.015283211944332247
1254.3349609375 1.1543861627578735 0.15304487943649292 6.161802584690084e-15 0.015293390190248621
1254.344970703125 1.1246544122695923 0.15244022011756897 6.163684268382409e-15 0.015303199283404536
1254.3548583984375 0.9129151105880737 0.1408647894859314 6.16554435273458e-15 0.015312485107861866
1254.3648681640625 0.9617301225662231 0.14413514733314514 6.1674290010422204e-15 0.015321117783843902
1254.3748779296875 0.9248374104499817 0.14189046621322632 6.169314919899282e-15 0.015329286743852798
1254.384765625 0.9484420418739319 0.14329969882965088 6.171178815899715e-15 0.015336856042009031
1254.394775390625 0.8707507848739624 0.1391146183013916 6.173066852339145e-15 0.015343718791541647
1254.40478515625 0.9486420154571533 0.14308559894561768 6.174955735811522e-15 0.01535002177443362
1254.4146728515625 0.9725477695465088 0.144508495926857 6.176822596427271e-15 0.015355652520292236
1254.4246826171875 0.7747609615325928 0.13239310681819916 6.1787127504490686e-15 0.015360529937428116
1254.4346923828125 1.0728039741516113 0.15006820857524872 6.18060332798734e-15 0.01536475320979866
1254.444580078125 1.0748885869979858 0.14928869903087616 6.1824714591525096e-15 0.015368235084190161
1254.45458984375 0.9984596967697144 0.14516058564186096 6.1843628837237284e-15 0.015370925155320628
1254.464599609375 1.151208758354187 0.15342605113983154 6.186254308294947e-15 0.015372869364392623
1254.4744873046875 1.0834306478500366 0.15071634948253632 6.18812286297659e-15 0.015374008233534278
1254.4844970703125 1.1264939308166504 0.1511506736278534 6.190014287547809e-15 0.015374324007308903
1254.4945068359375 0.8989056348800659 0.139466792345047 6.191905288602554e-15 0.015373807954728626
1254.5045166015625 1.010919451713562 0.14536543190479279 6.193795866140826e-15 0.015372428177522499
1254.514404296875 1.107366919517517 0.15166328847408295 6.1956627267565744e-15 0.015370169654974728
1254.5244140625 1.146459937095642 0.15288273990154266 6.197552457261899e-15 0.015367059710230708
1254.534423828125 1.0948173999786377 0.15056158602237701 6.199440917217802e-15 0.015363004232798719
1254.5443115234375 0.9943103194236755 0.14513367414474487 6.201306083767656e-15 0.015358022667718825
1254.5543212890625 0.9571818113327026 0.1430175006389618 6.203192849657665e-15 0.01535217800788882
1254.5643310546875 1.020996332168579 0.14647194743156433 6.205078344998253e-15 0.015345312131382655
1254.57421875 1.2075694799423218 0.15605120360851288 6.2069396998998445e-15 0.015337479767007922
1254.584228515625 0.8186609745025635 0.13532055914402008 6.208822654141591e-15 0.015328783440682957
1254.59423828125 1.0466623306274414 0.14739909768104553 6.210704337833916e-15 0.015318997459291097
1254.6041259765625 1.1964364051818848 0.155513733625412 6.212561034054298e-15 0.015308214841974817
1254.6141357421875 1.011850357055664 0.1450212001800537 6.2144389060983605e-15 0.015296577770635894
1254.6241455078125 0.9151949286460876 0.14168162643909454 6.216315084076529e-15 0.015283790172778602
1254.634033203125 1.1230796575546265 0.1516503393650055 6.218166274582753e-15 0.015269985877096737
1254.64404296875 1.060239553451538 0.14857026934623718 6.220038217396185e-15 0.015255345415838105
1254.654052734375 1.0917030572891235 0.1505950540304184 6.221907619110775e-15 0.015239507185174313
1254.6639404296875 1.0980937480926514 0.150575652718544 6.2237520333534215e-15 0.015222641187729365
1254.6739501953125 1.1789865493774414 0.15507155656814575 6.225616776386802e-15 0.01520497377665388
1254.6839599609375 1.2873380184173584 0.1612691581249237 6.227478554804867e-15 0.015186067436205103
1254.6939697265625 1.0209940671920776 0.14635561406612396 6.22933779212409e-15 0.015166138156781679
1254.703857421875 1.1614052057266235 0.15326078236103058 6.231171194938422e-15 0.015145191398480022
1254.7138671875 0.879146933555603 0.13773533701896667 6.233024503027014e-15 0.015123504510396485
1254.723876953125 0.9673247933387756 0.14455753564834595 6.234874422983818e-15 0.015100549970836215
1254.7337646484375 0.9326799511909485 0.14242170751094818 6.23669850843573e-15 0.015076598256926381
1254.7437744140625 1.0207537412643433 0.14707717299461365 6.238542075645429e-15 0.015051972488067365
1254.7537841796875 1.1630456447601318 0.15358544886112213 6.240381831206865e-15 0.0150260752598905
1254.763671875 0.9338024854660034 0.1414818912744522 6.242195328746937e-15 0.014999220770976325
1254.773681640625 0.9413802027702332 0.14112357795238495 6.244027461011848e-15 0.014971768908016896
1254.78369140625 0.9472938179969788 0.14229586720466614 6.245855781628496e-15 0.014943061789778228
1254.7935791015625 1.0078363418579102 0.1471301019191742 6.24765784422378e-15 0.014913453148639066
1254.8035888671875 0.8745833039283752 0.13815030455589294 6.2494776945109555e-15 0.014883343158245669
1254.8135986328125 0.9183783531188965 0.14133185148239136 6.251293309633395e-15 0.014852014980846399
1254.823486328125 0.9606642723083496 0.1437978744506836 6.25308266673447e-15 0.01481986087954214
1254.83349609375 1.0926694869995117 0.1498071849346161 6.254889388010963e-15 0.014787318255676278
1254.843505859375 1.0175416469573975 0.14566166698932648 6.256691027089773e-15 0.014753616502110687
1254.8533935546875 1.069603443145752 0.14887097477912903 6.258466408147218e-15 0.01471918910822256
1254.8634033203125 1.0047738552093506 0.14597518742084503 6.260258729863608e-15 0.01468450545462504
1254.8734130859375 0.8587967753410339 0.1376708447933197 6.262045969382315e-15 0.014648748804981465
1254.8834228515625 1.012678623199463 0.1459241807460785 6.263827703186864e-15 0.014612389349088716
1254.893310546875 0.9526987075805664 0.143325075507164 6.265582755453575e-15 0.014575471574687283
1254.9033203125 1.3132474422454834 0.16139936447143555 6.26735347782981e-15 0.014538507926245996
1254.913330078125 0.9406556487083435 0.14175981283187866 6.269119118008362e-15 0.01450063485654859
1254.9232177734375 0.8261429667472839 0.13591939210891724 6.270857653132601e-15 0.014462363873291391
1254.9332275390625 0.8123650550842285 0.13450780510902405 6.272611434849891e-15 0.014424228485528663
1254.9432373046875 1.0557794570922852 0.14844395220279694 6.274359710853024e-15 0.014385346906440373
1254.953125 1.045758843421936 0.14692369103431702 6.276080458285371e-15 0.014346257078383006
1254.963134765625 1.248484492301941 0.15728825330734253 6.277816028794295e-15 0.014307508125971561
1254.97314453125 0.8610972166061401 0.13750319182872772 6.279545246556115e-15 0.014268215287934994
1254.9830322265625 0.9179593324661255 0.14044775068759918 6.2812473592636225e-15 0.014228936022372398
1254.9930419921875 0.8711110949516296 0.1380475014448166 6.28296344801476e-15 0.01419022800659427
1255.0030517578125 1.039451241493225 0.14625626802444458 6.2846731840187926e-15 0.014151221658650941
1255.012939453125 0.9251337051391602 0.14022749662399292 6.286354967935566e-15 0.014112484654070353
1255.02294921875 0.8825041055679321 0.138847216963768 6.288050727895969e-15 0.01407457640540085
1255.032958984375 0.9590354561805725 0.14168982207775116 6.289739711592794e-15 0.014036658432197226
1255.0428466796875 1.1473461389541626 0.15326440334320068 6.291400319685886e-15 0.013999303110215527
1255.0528564453125 0.8546119332313538 0.13724377751350403 6.293074480306134e-15 0.013963060221894419
1255.0628662109375 0.9914635419845581 0.14451976120471954 6.294741017629857e-15 0.013927148029739456
1255.0728759765625 0.9620711207389832 0.14308872818946838 6.296399931657055e-15 0.013892129266971516
1255.082763671875 1.136999487876892 0.1513025015592575 6.2980313171134665e-15 0.013858127484538286
1255.0927734375 0.9033044576644897 0.1387052685022354 6.29967456103114e-15 0.013825657897109399
1255.102783203125 1.0200716257095337 0.14477328956127167 6.301309758135814e-15 0.013794046978748588
1255.1126708984375 1.0247427225112915 0.14566174149513245 6.302917426669703e-15 0.013763837124038537
1255.1226806640625 1.0464926958084106 0.14615876972675323 6.3045365301483795e-15 0.013735503520214637
1255.1326904296875 1.188516616821289 0.15385615825653076 6.30614673978111e-15 0.01370848705909321
1255.142578125 1.0196468830108643 0.1441967487335205 6.307729420843055e-15 0.013683293701539012
1255.152587890625 1.0784729719161987 0.1478138118982315 6.3093231133333136e-15 0.013660341186332347
1255.16259765625 1.0431971549987793 0.14559489488601685 6.310907911977626e-15 0.013639217031324815
1255.1724853515625 1.0411431789398193 0.14562077820301056 6.31246475853468e-15 0.013620372024609662
1255.1824951171875 0.9555481672286987 0.140529602766037 6.314031345970627e-15 0.013604151279182823
1255.1925048828125 1.0153920650482178 0.14451342821121216 6.315589039560627e-15 0.013590316326616645
1255.202392578125 0.9296191334724426 0.13955648243427277 6.3171187810633685e-15 0.013579247035564498
1255.21240234375 0.9765982031822205 0.1422085464000702 6.3186578399285296e-15 0.01357119476698148
1255.222412109375 0.840882420539856 0.13483873009681702 6.320187581431271e-15 0.013566129414322907
1255.2322998046875 0.9517820477485657 0.14124467968940735 6.321688947330279e-15 0.013564342217877915
1255.2423095703125 0.975135326385498 0.1422891467809677 6.3231992070752335e-15 0.013565963328355921
1255.2523193359375 1.0901929140090942 0.1475808024406433 6.3246997259412945e-15 0.013571206543516253
1255.26220703125 1.063408613204956 0.1464931070804596 6.3261718692036225e-15 0.013580250264875575
1255.272216796875 0.8288911581039429 0.13355781137943268 6.327652059278949e-15 0.013593268486022948
1255.2822265625 0.9895285964012146 0.14221496880054474 6.3291216614424356e-15 0.013610203372596379
1255.292236328125 1.1005902290344238 0.14834719896316528 6.330581522727028e-15 0.013631644938017676
1255.3021240234375 1.0384119749069214 0.1451500803232193 6.3320125848914145e-15 0.0136575828868336
1255.3121337890625 1.0020520687103271 0.14326539635658264 6.333450846835852e-15 0.013687786834426088
1255.3221435546875 1.0008039474487305 0.14290113747119904 6.3348785208684495e-15 0.013723167490906782
1255.33203125 0.9643681049346924 0.14032480120658875 6.3362778192973136e-15 0.013763546600353553
1255.342041015625 0.8880794644355774 0.13758371770381927 6.337683470473282e-15 0.013808499094068585
1255.35205078125 0.9247927069664001 0.13943208754062653 6.339078110220936e-15 0.013859290543778926
1255.3619384765625 0.9024727940559387 0.13738025724887848 6.3404443743648575e-15 0.01391555146508105
1255.3719482421875 1.1807628870010376 0.1528235226869583 6.341816144222936e-15 0.013976639082120107
1255.3819580078125 0.854352593421936 0.13430465757846832 6.3431760556197526e-15 0.014044198711957662
1255.391845703125 0.7901259064674377 0.13162647187709808 6.3445084384457836e-15 0.014117651747138908
1255.40185546875 0.9954155683517456 0.14360688626766205 6.345845056436551e-15 0.01419611709481906
1255.411865234375 0.8184637427330017 0.13269473612308502 6.34717023948253e-15 0.014281651904455732
1255.4217529296875 1.0784069299697876 0.14669504761695862 6.3484670469247766e-15 0.014373442279016295
1255.4317626953125 0.8776780366897583 0.13510070741176605 6.3497676660152855e-15 0.014470355098797452
1255.4417724609375 0.9105808138847351 0.13966676592826843 6.351056003128059e-15 0.01457488274062649
1255.45166015625 0.9211794137954712 0.13953906297683716 6.352316388153574e-15 0.0146859571051394
1255.461669921875 1.0572633743286133 0.14752298593521118 6.3535797377944035e-15 0.014802186190489789
1255.4716796875 1.0779900550842285 0.14761702716350555 6.3548303819410245e-15 0.014926511557537474
1255.481689453125 1.2575188875198364 0.1570381224155426 6.356068320593437e-15 0.015057603086135997
1255.4915771484375 0.9351495504379272 0.14059261977672577 6.3572783071585894e-15 0.015195524473983946
1255.5015869140625 1.1707422733306885 0.15418998897075653 6.358489987789637e-15 0.015338508132124064
1255.5115966796875 0.9571368098258972 0.1408873349428177 6.359688962926475e-15 0.015490129126268546
1255.521484375 0.8761919140815735 0.13778269290924072 6.360859985976054e-15 0.015648698831174847
1255.531494140625 0.9094372391700745 0.13874687254428864 6.3620318560585806e-15 0.01581217934859561
1255.54150390625 0.9019320607185364 0.13880880177021027 6.363190173613951e-15 0.015984621527116123
1255.5513916015625 0.9387882947921753 0.14029516279697418 6.364320962598535e-15 0.016164062086924762
1255.5614013671875 0.8041961789131165 0.13326211273670197 6.3654521750995934e-15 0.016348192243448738
1255.5714111328125 0.823085606098175 0.1361624151468277 6.366568988040548e-15 0.0165415469012278
1255.581298828125 0.840938150882721 0.13528655469417572 6.367658272410717e-15 0.016741893235534648
1255.59130859375 1.1679893732070923 0.15351608395576477 6.368747133264413e-15 0.016946637447409568
1255.601318359375 1.0295472145080566 0.144629567861557 6.369821594558005e-15 0.01716082298866668
1255.6112060546875 0.9700933694839478 0.1414545178413391 6.370868527280811e-15 0.0173819288922883
1255.6212158203125 0.9706279635429382 0.14239813387393951 6.3719141894541965e-15 0.01760710535867375
1255.6312255859375 0.9651458859443665 0.1413860321044922 6.372944605034531e-15 0.017841885473233933
1255.64111328125 0.9378882050514221 0.14002294838428497 6.373948339077028e-15 0.01808347115270932
1255.651123046875 1.0431408882141113 0.14557185769081116 6.374949108504209e-15 0.018328768899463083
1255.6611328125 0.9272382259368896 0.139627605676651 6.375935054854813e-15 0.0185837792201855
1255.671142578125 0.9268377423286438 0.13981392979621887 6.3769053310958924e-15 0.018845469368265963
1255.6810302734375 0.847280740737915 0.1352442353963852 6.377848925799134e-15 0.019113777852893546
1255.6910400390625 0.8276198506355286 0.13284075260162354 6.378788708854112e-15 0.01938526303137816
1255.7010498046875 0.9038301110267639 0.13856862485408783 6.379712821799567e-15 0.01966657684543165
1255.7109375 0.9187883138656616 0.1391676366329193 6.380610253207183e-15 0.019954339393004665
1255.720947265625 0.8793794512748718 0.1365758180618286 6.381503025933589e-15 0.0202448732494301
1255.73095703125 1.0023236274719238 0.14355029165744781 6.382379705033997e-15 0.02054528576678787
1255.7408447265625 0.8629350066184998 0.1354328989982605 6.383229702596567e-15 0.020851963768962735
1255.7508544921875 1.098649024963379 0.14848873019218445 6.384074194444979e-15 0.02116099020135547
1255.7608642578125 0.8843634128570557 0.13677527010440826 6.38490216915092e-15 0.02147994159048386
1255.770751953125 1.0134071111679077 0.14396148920059204 6.3857038858354965e-15 0.02180496714858579
1255.78076171875 0.8865041732788086 0.1358017921447754 6.386498826256495e-15 0.02213192771869517
1255.790771484375 0.9996362924575806 0.14264997839927673 6.387276826018548e-15 0.022468837846971575
1255.8006591796875 1.2173744440078735 0.15418623387813568 6.3880289912757095e-15 0.02281162171302422
1255.8106689453125 1.0414546728134155 0.14491640031337738 6.388773533236346e-15 0.023155941651173715
1255.8206787109375 1.0287412405014038 0.1442120224237442 6.389500711021564e-15 0.0235102230973141
1255.83056640625 0.8694397807121277 0.13521333038806915 6.3902020543018904e-15 0.023870189941510578
1255.840576171875 1.1121314764022827 0.14838869869709015 6.3908949272527445e-15 0.024231291895643856
1255.8505859375 1.0030722618103027 0.14301128685474396 6.391570012511706e-15 0.024602369227806852
1255.860595703125 1.0655053853988647 0.1464012861251831 6.392227733595249e-15 0.024978955751094257
1255.8704833984375 0.8374527096748352 0.13512353599071503 6.392859620173901e-15 0.02536095733146956
1255.8804931640625 1.0798027515411377 0.14844748377799988 6.3934813423571855e-15 0.025743583205128425
