wave flux_norm flux_err cont_fit cont_err
1257.0079345703125 0.84429532289505 0.19457803666591644 5.750217417157958e-15 0.12095425489899499
1257.0179443359375 0.9274495840072632 0.1995314508676529 5.753907939709145e-15 0.1179520748003883
1257.0279541015625 1.1754369735717773 0.21665972471237183 5.757540016986971e-15 0.11503121814099956
1257.0379638671875 0.9454557299613953 0.20206809043884277 5.761113648991437e-15 0.11222296263599255
1257.0478515625 1.2751946449279785 0.2227756381034851 5.764586060558706e-15 0.10945534129955674
1257.057861328125 1.4397257566452026 0.23249657452106476 5.768044072565872e-15 0.10676108614493587
1257.06787109375 1.1135133504867554 0.21074232459068298 5.7714440628161504e-15 0.10416936715871189
1257.0777587890625 1.109413981437683 0.2124226838350296 5.774746220761021e-15 0.1016138873773602
1257.0877685546875 0.8402945399284363 0.1923976093530655 5.778032708596368e-15 0.09912502684245338
1257.0977783203125 1.0497397184371948 0.2074073851108551 5.781262445224249e-15 0.09672991405330174
1257.107666015625 0.9857194423675537 0.20242206752300262 5.784396890645563e-15 0.0943674468309945
1257.11767578125 1.0225633382797241 0.20612645149230957 5.787513971891459e-15 0.09206580921489997
1257.127685546875 1.0858205556869507 0.20878928899765015 5.79057557247931e-15 0.089850181126442
1257.1375732421875 0.940871000289917 0.19999970495700836 5.793544422959436e-15 0.08766423458495749
1257.1475830078125 1.1039997339248657 0.21177814900875092 5.79649548574767e-15 0.08553403493934535
1257.1575927734375 0.8539145588874817 0.1938154399394989 5.799390644361385e-15 0.08348313507351277
1257.16748046875 1.2073774337768555 0.21668733656406403 5.802197288032112e-15 0.08145939103679774
1257.177490234375 0.9795573353767395 0.2024827003479004 5.804984026428579e-15 0.07948711174654641
1257.1875 1.0136669874191284 0.20562222599983215 5.807716131199948e-15 0.07758819532998598
1257.1973876953125 0.7503107190132141 0.18650399148464203 5.81036226212717e-15 0.07571450661445323
1257.2073974609375 1.2056936025619507 0.21530896425247192 5.812987640747185e-15 0.07388850518817049
1257.2174072265625 0.9782789349555969 0.20065180957317352 5.8155596562915225e-15 0.07210923104683223
1257.2274169921875 0.9361312389373779 0.19801448285579681 5.8180778852437096e-15 0.07039637812640843
1257.2373046875 0.8527305722236633 0.19331271946430206 5.820513952000013e-15 0.06870663076253951
1257.247314453125 1.036425232887268 0.20521046221256256 5.822927572383214e-15 0.06706058819969193
1257.25732421875 0.9327521324157715 0.19945383071899414 5.8252886767236854e-15 0.06547654877325533
1257.2672119140625 0.8340774178504944 0.1905275136232376 5.827569736450641e-15 0.06391459836573403
1257.2772216796875 0.9333552122116089 0.1987195461988449 5.829827926288021e-15 0.0623936463369654
1257.2872314453125 1.1355363130569458 0.21252240240573883 5.832034447115619e-15 0.06093083651723558
1257.297119140625 0.8320947289466858 0.19170406460762024 5.834163464428542e-15 0.05948931856294987
1257.30712890625 1.0962796211242676 0.20956923067569733 5.836268341302469e-15 0.05808660454174044
1257.317138671875 0.9332507848739624 0.1977977603673935 5.838322396199561e-15 0.05673859599207504
1257.3270263671875 0.955085813999176 0.19905896484851837 5.840302335713768e-15 0.05541136134337599
1257.3370361328125 0.9923591613769531 0.20083263516426086 5.8422564407230836e-15 0.05412117422794482
1257.3470458984375 1.013453722000122 0.2046612650156021 5.844160570788511e-15 0.05288259922403702
1257.35693359375 1.1588337421417236 0.21028101444244385 5.845993126569896e-15 0.05166456035789125
1257.366943359375 1.0752599239349365 0.20788733661174774 5.847799000813442e-15 0.05048202398782094
1257.376953125 1.0108630657196045 0.20226319134235382 5.849556170662521e-15 0.04934843763519106
1257.3868408203125 1.016300082206726 0.20303578674793243 5.851243883809925e-15 0.04823537556929055
1257.3968505859375 0.9301583170890808 0.19834484159946442 5.852904491903017e-15 0.047156630442449804
1257.4068603515625 0.9921954870223999 0.2009485363960266 5.854516819118116e-15 0.04611182877857966
1257.416748046875 0.9303680658340454 0.1975797861814499 5.856062654246855e-15 0.045112801785960145
1257.4267578125 1.0960938930511475 0.2076968252658844 5.857580113771861e-15 0.044134553970769014
1257.436767578125 0.9936040043830872 0.20028237998485565 5.859050139451821e-15 0.043189312724008465
1257.44677734375 0.8085758686065674 0.1881716251373291 5.860473154803208e-15 0.04228772634724164
1257.4566650390625 0.9713274836540222 0.19999989867210388 5.861833066200025e-15 0.04140733374850967
1257.4666748046875 1.0145930051803589 0.20091906189918518 5.863163331443688e-15 0.0405591318544379
1257.4766845703125 1.3956223726272583 0.2264239639043808 5.864447433391725e-15 0.0397526971238088
1257.486572265625 1.2141669988632202 0.2151954174041748 5.865670972484034e-15 0.03896788213575873
1257.49658203125 1.0133030414581299 0.20170751214027405 5.866864018390242e-15 0.03821455504266458
1257.506591796875 0.9512588381767273 0.1982487142086029 5.8680117480337714e-15 0.03750116247748012
1257.5164794921875 1.0679751634597778 0.2075943797826767 5.8691010324039405e-15 0.03680984889185408
1257.5264892578125 1.1322258710861206 0.21003717184066772 5.870159400071535e-15 0.03614934169053589
1257.5364990234375 0.9896215796470642 0.2013402134180069 5.871173298509398e-15 0.03552693587061969
1257.54638671875 1.3125636577606201 0.2222401201725006 5.872131716289216e-15 0.0349270186857514
1257.556396484375 1.1919187307357788 0.21253448724746704 5.873057946817039e-15 0.034357178441513155
1257.56640625 0.9658142924308777 0.2004106044769287 5.873939708115131e-15 0.03382355061086692
1257.5762939453125 1.0904000997543335 0.20736436545848846 5.874768953370493e-15 0.03331263771747839
1257.5863037109375 0.8650649189949036 0.19259804487228394 5.875565587857385e-15 0.03283092703935735
1257.5963134765625 0.9476656913757324 0.19801515340805054 5.876319023663968e-15 0.03238337328341923
1257.606201171875 1.0087677240371704 0.20165687799453735 5.877022061010189e-15 0.03195859557133162
1257.6162109375 1.0689669847488403 0.2067907452583313 5.87769121703852e-15 0.03156188027886283
1257.626220703125 0.9064086079597473 0.19516639411449432 5.878318444935962e-15 0.031192790709334228
1257.63623046875 1.073377013206482 0.20449785888195038 5.878904168218988e-15 0.030854870848367834
1257.6461181640625 0.9055736660957336 0.19393610954284668 5.8794420341404946e-15 0.030539290729410574
1257.6561279296875 0.8688656091690063 0.19205395877361298 5.879945171711164e-15 0.030249853650762284
1257.6661376953125 0.8029323220252991 0.18762101233005524 5.880408075216838e-15 0.029989049377871127
1257.676025390625 0.9447844624519348 0.1984851062297821 5.880825238943361e-15 0.029749878105118234
1257.68603515625 1.0842267274856567 0.20844627916812897 5.8812072508025726e-15 0.029535083429772315
1257.696044921875 1.152401328086853 0.21043513715267181 5.881549452113263e-15 0.029346186701565503
1257.7059326171875 1.0881439447402954 0.20836591720581055 5.881848454743644e-15 0.029177873369081356
1257.7159423828125 0.9058374166488647 0.19372187554836273 5.88211188199024e-15 0.029031901539044277
1257.7259521484375 1.0265518426895142 0.2033974528312683 5.882335922204789e-15 0.028908938447372547
1257.73583984375 0.8246316313743591 0.1896674931049347 5.882518881321396e-15 0.02880520573509346
1257.745849609375 0.6841137409210205 0.17861686646938324 5.882666265054218e-15 0.028721602081603067
1257.755859375 1.2307578325271606 0.21592561900615692 5.882774685271467e-15 0.028658016853092137
1257.7657470703125 0.8038415312767029 0.18830637633800507 5.882844565489615e-15 0.028612111839710366
1257.7757568359375 1.169485330581665 0.2130901962518692 5.882878023291032e-15 0.028584000052797414
1257.7857666015625 0.8492171764373779 0.19029730558395386 5.8828737881262954e-15 0.02857292404777941
1257.795654296875 0.9281705021858215 0.19672301411628723 5.882833130544827e-15 0.028577838086744467
1257.8056640625 0.9692296385765076 0.19841891527175903 5.882754779997206e-15 0.028598191384418024
1257.815673828125 0.9491512179374695 0.19867752492427826 5.882640430549327e-15 0.028633207276983687
1257.8255615234375 0.949699342250824 0.1970517933368683 5.88249135275061e-15 0.028681444739433664
1257.8355712890625 0.8651338815689087 0.19338774681091309 5.8823045819857405e-15 0.02874334305945705
1257.8455810546875 0.9506469964981079 0.19756349921226501 5.882081812320613e-15 0.028817655185175678
1257.8555908203125 0.9869034886360168 0.20146292448043823 5.881823890788174e-15 0.028902538228338614
1257.865478515625 1.010514259338379 0.2006082385778427 5.881534205520213e-15 0.028999394099656305
1257.87548828125 0.9489291906356812 0.19739089906215668 5.881205980253152e-15 0.02910655787722246
1257.885498046875 0.9274096488952637 0.19681541621685028 5.880843026635253e-15 0.02922188342582726
1257.8953857421875 0.9432669281959534 0.19832159578800201 5.880451273897148e-15 0.029347590521786305
1257.9053955078125 0.7868462800979614 0.18557208776474 5.880020134126996e-15 0.029481680945964185
1257.9154052734375 1.093001127243042 0.20850740373134613 5.879555536555427e-15 0.029621792383259158
1257.92529296875 0.842409074306488 0.19007143378257751 5.879063410413072e-15 0.029770821944032536
1257.935302734375 1.3485920429229736 0.22459174692630768 5.87853189723867e-15 0.029926524231936362
1257.9453125 0.8041102290153503 0.1868123859167099 5.877967349779325e-15 0.030086377007072326
1257.9552001953125 0.9734485149383545 0.20038770139217377 5.877377814848036e-15 0.030253833916344664
1257.9652099609375 1.2089627981185913 0.21628393232822418 5.876748469368226e-15 0.030426464688266413
1257.9752197265625 1.1248923540115356 0.21132513880729675 5.876087360152894e-15 0.030601632770398676
1257.985107421875 1.2382274866104126 0.21822939813137054 5.875402534015039e-15 0.030783232215387764
1257.9951171875 1.1384034156799316 0.21141254901885986 5.874677897328663e-15 0.030968727566799026
1258.005126953125 1.1498621702194214 0.21140864491462708 5.873921920423238e-15 0.0311553908327566
1258.0150146484375 1.249572992324829 0.221962109208107 5.8731447676941325e-15 0.03134746803209532
1258.0250244140625 0.8274067044258118 0.18889035284519196 5.872327380900032e-15 0.031542342501742
1258.0350341796875 1.0481151342391968 0.20674346387386322 5.871479077403357e-15 0.031739657304650996
1258.0450439453125 1.1939332485198975 0.21710136532783508 5.870601127753528e-15 0.03193667346907247
1258.054931640625 1.0629252195358276 0.20696786046028137 5.8697041198623855e-15 0.03213795857193004
1258.06494140625 0.9511045217514038 0.1988527625799179 5.868766454389775e-15 0.03234081484437733
1258.074951171875 0.9550948739051819 0.19873230159282684 5.867799566280484e-15 0.03254248661930015
1258.0848388671875 1.1933650970458984 0.2183905988931656 5.866816161028722e-15 0.032747711875717456
1258.0948486328125 0.897506594657898 0.19657178223133087 5.865791674679018e-15 0.03295377185133512
1258.1048583984375 0.9003893136978149 0.1966005265712738 5.864738389209107e-15 0.03315792846512101
1258.11474609375 1.183517575263977 0.2158767133951187 5.863670704179093e-15 0.03336502045889196
1258.124755859375 1.2090599536895752 0.2168421894311905 5.862561514534664e-15 0.03357234330665928
1258.134765625 0.7810741066932678 0.18829675018787384 5.861424796319448e-15 0.033777182882715175
1258.1446533203125 1.0761374235153198 0.20403677225112915 5.860274949093551e-15 0.03398444115690342
1258.1546630859375 0.7997047901153564 0.18870919942855835 5.859084020769711e-15 0.03419141567776611
1258.1646728515625 1.1096314191818237 0.21105115115642548 5.857866410908033e-15 0.03439546136888481
1258.174560546875 0.9153661131858826 0.1968025267124176 5.856637366101567e-15 0.034601465542615166
1258.1845703125 0.8574049472808838 0.19353610277175903 5.855366816680686e-15 0.034806789315262675
1258.194580078125 0.8795584440231323 0.19343554973602295 5.854070432754913e-15 0.03500883021408987
1258.2044677734375 1.0425124168395996 0.20559047162532806 5.852764307950247e-15 0.03521244385658552
1258.2144775390625 0.9785889387130737 0.20014645159244537 5.851417102047639e-15 0.03541505141637968
1258.2244873046875 0.9146364331245422 0.19679059088230133 5.850044485156613e-15 0.035616542102494916
1258.234375 1.0988683700561523 0.2084415853023529 5.848663821452589e-15 0.0358144032364876
1258.244384765625 1.046533226966858 0.2082679569721222 5.847242076650622e-15 0.03601342717899968
1258.25439453125 0.8090603947639465 0.18753796815872192 5.845796191409659e-15 0.03621109764181556
1258.264404296875 0.9980604648590088 0.20127560198307037 5.844325742213226e-15 0.03640495197636515
1258.2742919921875 0.9353863596916199 0.19662216305732727 5.842850210819109e-15 0.036599716801960475
1258.2843017578125 1.0634793043136597 0.20645609498023987 5.841332751294103e-15 0.03679293110168149
1258.2943115234375 0.7762176990509033 0.186573326587677 5.839791998363047e-15 0.03698221036397472
1258.30419921875 0.8387108445167542 0.19186264276504517 5.8382478573002026e-15 0.03717218159378781
1258.314208984375 0.690961480140686 0.17830726504325867 5.836661788106469e-15 0.03736045006699801
1258.32421875 0.9984471797943115 0.2032032459974289 5.835053696056107e-15 0.03754471662159762
1258.3341064453125 0.9393779039382935 0.19629886746406555 5.833443486423376e-15 0.0377294807056322
1258.3441162109375 0.7695494294166565 0.186367005109787 5.831791348659757e-15 0.03791243448412228
1258.3541259765625 0.7717716097831726 0.18558551371097565 5.830118035072456e-15 0.03809134067002889
1258.364013671875 0.8333688974380493 0.19030822813510895 5.828443874452208e-15 0.03827060165875139
1258.3740234375 0.6447523236274719 0.17705221474170685 5.826728209217544e-15 0.038447960500072494
1258.384033203125 0.7492108941078186 0.18543551862239838 5.8249922151921464e-15 0.03862127422990806
1258.3939208984375 0.7907477617263794 0.18740807473659515 5.823257068199696e-15 0.03879481013753149
1258.4039306640625 0.4019116163253784 0.1538190394639969 5.82148041659283e-15 0.03896638876244939
1258.4139404296875 0.569476306438446 0.1670769900083542 5.819683859711704e-15 0.03913394507886984
1258.423828125 0.7083268761634827 0.18162697553634644 5.817890267445893e-15 0.03930160575909883
1258.433837890625 0.46498578786849976 0.15943323075771332 5.816055170565666e-15 0.0394672860322718
1258.44384765625 0.40321600437164307 0.15553349256515503 5.814201015444127e-15 0.039630968321571945
1258.453857421875 0.4242010712623596 0.15632274746894836 5.812328225597747e-15 0.03979069984975504
1258.4637451171875 0.3621818423271179 0.14984217286109924 5.810459670916104e-15 0.03995041011779326
1258.4737548828125 0.26015228033065796 0.14051532745361328 5.808550458652993e-15 0.04010812552874998
1258.4837646484375 0.2804992198944092 0.14156095683574677 5.806623035181516e-15 0.04026195087021168
1258.49365234375 0.17796111106872559 0.1301291435956955 5.804701964457143e-15 0.040415690254123136
1258.503662109375 0.1974242925643921 0.13305097818374634 5.802740236151302e-15 0.04056744114062801
1258.513671875 0.30168482661247253 0.14382563531398773 5.800761143670043e-15 0.0407153815816515
1258.5235595703125 0.44301626086235046 0.15999393165111542 5.798789674485308e-15 0.04086318139078125
1258.5335693359375 0.3210296630859375 0.1463797688484192 5.796777547719106e-15 0.04100900242757306
1258.5435791015625 0.5453037619590759 0.16914629936218262 5.794748903810432e-15 0.04115111637675954
1258.553466796875 0.42559316754341125 0.156683549284935 5.792729577264177e-15 0.041293039584268165
1258.5634765625 0.4861367642879486 0.16355162858963013 5.790669593136455e-15 0.04143301940301301
1258.573486328125 0.5097272992134094 0.16332478821277618 5.788594362415682e-15 0.04156939493533126
1258.5833740234375 0.8151816725730896 0.19080212712287903 5.7865297196067495e-15 0.041705548899965944
1258.5933837890625 0.7772441506385803 0.1857929825782776 5.7844248427328226e-15 0.04183979361190431
1258.6033935546875 0.6302486062049866 0.17637772858142853 5.782305142782319e-15 0.041970544349405725
1258.61328125 0.7740495204925537 0.1880696564912796 5.780197301293076e-15 0.04210105038768313
1258.623291015625 0.6718619465827942 0.1789296269416809 5.778049649255313e-15 0.042229697914849686
1258.63330078125 0.7752570509910583 0.18796344101428986 5.775888444690394e-15 0.04235650624804301
1258.6431884765625 1.1073673963546753 0.21109791100025177 5.773740369136157e-15 0.04247997853091206
1258.6531982421875 0.9207920432090759 0.19895510375499725 5.771552483033399e-15 0.04260318605512942
1258.6632080078125 0.5896636247634888 0.17386072874069214 5.769351891436432e-15 0.0427246069287724
1258.6732177734375 0.9635977745056152 0.20220457017421722 5.767138594345257e-15 0.04284281980120492
1258.68310546875 1.2107818126678467 0.2174951434135437 5.764940120330658e-15 0.04296076297140885
1258.693115234375 1.0686800479888916 0.2084759920835495 5.762702682800486e-15 0.04307698283044414
1258.703125 1.0656439065933228 0.20901145040988922 5.760453386809052e-15 0.043190120365599646
1258.7130126953125 0.8006731271743774 0.19010862708091736 5.75822060796009e-15 0.04330299234392819
1258.7230224609375 0.9012309908866882 0.19753508269786835 5.755948865595554e-15 0.0434142104231004
1258.7330322265625 1.235880970954895 0.22031225264072418 5.7536661118027035e-15 0.043522477885177546
1258.742919921875 1.0535948276519775 0.20715351402759552 5.7514011457017455e-15 0.0436304815246702
1258.7529296875 1.0273040533065796 0.2067471295595169 5.7490976396016875e-15 0.043736915225369294
1258.762939453125 0.8615732789039612 0.19320441782474518 5.746783969106262e-15 0.04384052206428058
1258.7728271484375 1.175020694732666 0.21661527454853058 5.7444893568521505e-15 0.04394389027641239
1258.7828369140625 0.8670912981033325 0.19448509812355042 5.742156628115412e-15 0.044045755210270356
1258.7928466796875 0.8214659094810486 0.19169780611991882 5.739814582016254e-15 0.04414493468182033
1258.802734375 1.1138383150100708 0.21193061769008636 5.737492441191356e-15 0.044243898486134
1258.812744140625 1.0965194702148438 0.21093831956386566 5.7351330309167795e-15 0.044341439700303485
1258.82275390625 0.8673520088195801 0.19480851292610168 5.73276515031273e-15 0.04443642583973179
1258.8326416015625 1.0974668264389038 0.21070979535579681 5.730418022015888e-15 0.04453122702523853
1258.8426513671875 0.8874115943908691 0.19731107354164124 5.728034471302315e-15 0.044624692891648096
1258.8526611328125 0.9103655219078064 0.19851645827293396 5.725643297292216e-15 0.044716847005053725
1258.8626708984375 0.9502335786819458 0.2013940066099167 5.723244923502065e-15 0.044806629173373684
1258.87255859375 0.9325275421142578 0.19950997829437256 5.720868996085017e-15 0.044896274142538724
1258.882568359375 0.9280326962471008 0.20076778531074524 5.718456646251237e-15 0.04498469909610398
1258.892578125 1.1999088525772095 0.2193065583705902 5.716038367186826e-15 0.04507087920245172
1258.9024658203125 0.7449358701705933 0.18434618413448334 5.713643381528464e-15 0.04515697283732046
1258.9124755859375 0.86851966381073 0.19574493169784546 5.711212820486318e-15 0.04524193419014924
1258.9224853515625 1.0782966613769531 0.20990049839019775 5.708776753730015e-15 0.04532478590920967
1258.932373046875 0.8699904084205627 0.19682736694812775 5.706365250929182e-15 0.04540759869792341
1258.9423828125 0.6207757592201233 0.1765325516462326 5.703919019777511e-15 0.04548937597595864
1258.952392578125 0.8699949979782104 0.19733785092830658 5.701467706428157e-15 0.045569169970470856
1258.9622802734375 0.7249945402145386 0.18539497256278992 5.6990422275836946e-15 0.04564898272084004
1258.9722900390625 0.641417920589447 0.178777813911438 5.696582867421342e-15 0.04572785878783703
1258.9822998046875 1.1007323265075684 0.21364110708236694 5.6941192720942526e-15 0.04580487873565531
1258.9921875 1.1034146547317505 0.21271702647209167 5.691681934788528e-15 0.0458819783737361
1259.002197265625 0.725837230682373 0.18680524826049805 5.689211563197861e-15 0.0459582387228668
1259.01220703125 0.620581328868866 0.17864088714122772 5.686738226991879e-15 0.04603277049200998
1259.0220947265625 0.6007707118988037 0.17547041177749634 5.684291995840208e-15 0.04610745296522909
1259.0321044921875 0.5376690626144409 0.16900238394737244 5.6818131539200685e-15 0.04618138873826455
1259.0421142578125 0.6016220450401306 0.17559672892093658 5.679332194417561e-15 0.04625461879087413
1259.052001953125 0.43442508578300476 0.16024181246757507 5.676879610518786e-15 0.046326285306397735
1259.06201171875 0.6231081485748291 0.17826339602470398 5.674394839368015e-15 0.04639820142478459
1259.072021484375 0.28751784563064575 0.14600318670272827 5.671908797667824e-15 0.04646950581049318
1259.08203125 0.4761970341205597 0.16504493355751038 5.669421908934685e-15 0.046539376629553104
1259.0919189453125 0.28797733783721924 0.14490097761154175 5.666964242838227e-15 0.04660957205587666
1259.1019287109375 0.2669302523136139 0.143659770488739 5.6644760835556675e-15 0.046679258160275953
1259.1119384765625 0.4348626136779785 0.16219966113567352 5.661986653723687e-15 0.04674763209441566
1259.121826171875 0.22532910108566284 0.13832950592041016 5.659528564110755e-15 0.04681640829392494
1259.1318359375 0.14184682071208954 0.1276531219482422 5.657039981311722e-15 0.046884781557500706
1259.141845703125 0.12069876492023468 0.1251024454832077 5.654552245545636e-15 0.0469519572787976
1259.1517333984375 0.22535020112991333 0.13901792466640472 5.652095426482125e-15 0.04701962817732385
1259.1617431640625 0.14182302355766296 0.12731242179870605 5.649609808298407e-15 0.04708699285705513
1259.1717529296875 0.1195703074336052 0.12552472949028015 5.64712546066411e-15 0.04715327586076353
1259.181640625 0.16260647773742676 0.13035516440868378 5.6446728767653356e-15 0.04722014362264805
1259.191650390625 0.03558355197310448 0.11303264647722244 5.642192340779301e-15 0.04728681363260239
1259.20166015625 0.07854756712913513 0.11971486359834671 5.639713498859162e-15 0.047352507952380544
1259.2115478515625 0.16326339542865753 0.1312880665063858 5.6372681147404385e-15 0.04741888229610506
1259.2215576171875 0.035395655781030655 0.1134873703122139 5.634794778534456e-15 0.04748516274951314
1259.2315673828125 0.03630278632044792 0.11287107318639755 5.632324830460262e-15 0.047550569590086085
1259.241455078125 0.03615480288863182 0.112869031727314 5.629887916671012e-15 0.04761675777878041
1259.25146484375 0.056794870644807816 0.11640637367963791 5.62742516837687e-15 0.04768295431793219
1259.261474609375 0.056836485862731934 0.11639554053544998 5.624965808214517e-15 0.04774918393088684
1259.271484375 0.056898318231105804 0.11645674705505371 5.622511106733374e-15 0.047814683286871155
1259.2813720703125 -0.006594919133931398 0.1064499244093895 5.620090286570121e-15 0.04788109145313676
1259.2913818359375 0.03554756939411163 0.11333303153514862 5.617644902451398e-15 0.047947640421990415
1259.3013916015625 0.07879802584648132 0.12005438655614853 5.615204177013885e-15 0.04801355048823377
1259.311279296875 0.014978542923927307 0.1100439503788948 5.612798603443683e-15 0.048080474765372895
1259.3212890625 0.014560623094439507 0.11022519320249557 5.610368889434484e-15 0.04814763998111054
1259.331298828125 0.014860156923532486 0.11014988273382187 5.6079451046559155e-15 0.04821424909579388
1259.3411865234375 0.015028340741991997 0.11002068221569061 5.605556895261132e-15 0.04828198213940585
1259.3511962890625 0.036378152668476105 0.11373429745435715 5.603145392460299e-15 0.04835004838814415
1259.3612060546875 0.035883110016584396 0.11387854814529419 5.600741089439518e-15 0.04841764309203617
1259.37109375 0.015112190507352352 0.11016085743904114 5.598372785318995e-15 0.04848646973702182
1259.381103515625 0.014591477811336517 0.11039392650127411 5.595982458341843e-15 0.04855571713415212
1259.39111328125 0.036413274705410004 0.11382326483726501 5.593599754661217e-15 0.04862457106358663
1259.4010009765625 0.04063705727458 0.11604021489620209 5.591253896913796e-15 0.04869475995726139
1259.4110107421875 0.08729372918605804 0.12330412119626999 5.588886863342694e-15 0.04876546874121213
1259.4210205078125 0.015093712136149406 0.11057285219430923 5.586528723617538e-15 0.048835846297473055
1259.430908203125 0.07863401621580124 0.12084203958511353 5.584207429825587e-15 0.0489076615078094
1259.44091796875 0.05792411416769028 0.11763817816972733 5.58186665427585e-15 0.0489800755056451
1259.450927734375 0.07932121306657791 0.12084345519542694 5.579535196088533e-15 0.0490531220528085
1259.4608154296875 0.015066664665937424 0.11086425185203552 5.577241430867368e-15 0.04912591609402894
1259.4708251953125 0.07864458113908768 0.12127084285020828 5.574929030921364e-15 0.04920028447426955
1259.4808349609375 0.058282434940338135 0.11732017993927002 5.5726267953707265e-15 0.049275363056584254
1259.4908447265625 0.14430902898311615 0.12971271574497223 5.57033514773193e-15 0.04935024297146884
1259.500732421875 0.04337463155388832 0.11680299043655396 5.56808161657576e-15 0.049426791980159625
1259.5107421875 0.06468638777732849 0.12005296349525452 5.5658115682771184e-15 0.04950412272870391
1259.520751953125 0.12240386754274368 0.1274890899658203 5.563552531406791e-15 0.04958129468570134
1259.5306396484375 0.1865244358778 0.13471928238868713 5.561332034535564e-15 0.04966023570018025
1259.5406494140625 0.20855338871479034 0.13848823308944702 5.559096291071286e-15 0.04974002034552213
1259.5506591796875 0.17179949581623077 0.13569201529026031 5.55687240606827e-15 0.04981967683659246
1259.560546875 0.3694725036621094 0.15827129781246185 5.554687484580828e-15 0.04990118830171981
1259.570556640625 0.2762748599052429 0.14750061929225922 5.5524885870497556e-15 0.04998360329185783
1259.58056640625 0.6374262571334839 0.18428823351860046 5.550302395012892e-15 0.05006591192355445
1259.5904541015625 0.5792850852012634 0.17893412709236145 5.54815601352455e-15 0.050150163113524784
1259.6004638671875 0.538882315158844 0.1740766316652298 5.545996079509051e-15 0.050235362390492706
1259.6104736328125 0.7515875697135925 0.19329559803009033 5.5438501215371826e-15 0.050320463965732115
1259.620361328125 0.8624204993247986 0.2010258287191391 5.541744397630308e-15 0.05040759013637894
1259.63037109375 0.64818274974823 0.18280817568302155 5.539626391745699e-15 0.05049569558754529
1259.640380859375 0.8386828303337097 0.1980695277452469 5.5375232089376666e-15 0.05058370659038499
1259.6502685546875 0.5971388220787048 0.17802292108535767 5.535460260194629e-15 0.05067380537240317
1259.6602783203125 0.7097073793411255 0.18782907724380493 5.533387147056224e-15 0.05076491989100656
1259.6702880859375 0.8661722540855408 0.20060670375823975 5.5313292805108695e-15 0.050857050856280735
1259.6802978515625 0.8590700030326843 0.20087330043315887 5.529287084075039e-15 0.05094907246185333
1259.690185546875 0.8808297514915466 0.20410726964473724 5.527285121704204e-15 0.05104325046276362
1259.7001953125 0.840626060962677 0.20068053901195526 5.525275112520369e-15 0.051138463022475135
1259.710205078125 1.0208830833435059 0.21233010292053223 5.523281620479006e-15 0.05123353449289191
1259.7200927734375 0.7715732455253601 0.19380515813827515 5.5213287860191116e-15 0.051330813655906075
1259.7301025390625 0.7687140107154846 0.19331638514995575 5.519368751779165e-15 0.05142912226244906
1259.7401123046875 0.9282197952270508 0.2058941274881363 5.517426505231111e-15 0.05152724519584364
1259.75 0.9232312440872192 0.20651093125343323 5.515524916264525e-15 0.05162760445759171
1259.760009765625 0.7634872794151306 0.19441194832324982 5.513617821583782e-15 0.051728987312060895
1259.77001953125 0.8441091775894165 0.2008374184370041 5.511728938111405e-15 0.05183012692183994
1259.7799072265625 0.7976608276367188 0.1963583528995514 5.50988113573697e-15 0.051933517383407325
1259.7899169921875 0.8855440020561218 0.20168447494506836 5.508029521714272e-15 0.052037908830077646
1259.7999267578125 0.689399003982544 0.1884046345949173 5.5061965424164135e-15 0.05214198729020242
1259.809814453125 1.0033910274505615 0.21038725972175598 5.504405491249444e-15 0.05224831974127912
1259.81982421875 0.9471343755722046 0.20796409249305725 5.50261147546716e-15 0.052355608269077196
1259.829833984375 0.7166150808334351 0.19254277646541595 5.5008373649591356e-15 0.05246251233794501
1259.8397216796875 0.8912679553031921 0.20428788661956787 5.499104759065527e-15 0.05257164524890527
1259.8497314453125 1.2206392288208008 0.23076140880584717 5.497370882622497e-15 0.05268167887456935
1259.8597412109375 1.1411278247833252 0.2275077998638153 5.495658182003149e-15 0.05279259121489459
1259.86962890625 1.0782368183135986 0.2198752611875534 5.493986562481743e-15 0.052902990306978315
1259.879638671875 0.9451773762702942 0.2137935608625412 5.492315789993284e-15 0.053015567938934825
1259.8896484375 0.9387974739074707 0.21211005747318268 5.4906666168449796e-15 0.053128947806613105
1259.899658203125 0.8060790300369263 0.20280177891254425 5.4890390430368304e-15 0.05324170172785179
1259.9095458984375 1.0814409255981445 0.22156596183776855 5.48745339735957e-15 0.05335658066665957
1259.9195556640625 1.3811476230621338 0.24307414889335632 5.485870292781152e-15 0.053472167569833445
1259.9295654296875 1.029172420501709 0.2177719622850418 5.484309634575836e-15 0.05358699637003422
1259.939453125 0.9198586344718933 0.21207594871520996 5.482790904501409e-15 0.053703872372133206
1259.949462890625 0.9679226875305176 0.2178555577993393 5.481276833108192e-15 0.05382134473012149
1259.95947265625 0.7627573609352112 0.2003021538257599 5.4797860551210244e-15 0.053937927893268754
1259.9693603515625 1.1048882007598877 0.22665685415267944 5.478336781748272e-15 0.05405645052033787
1259.9793701171875 1.0039130449295044 0.21813532710075378 5.476893437606151e-15 0.054175440819092195
1259.9893798828125 0.8788276314735413 0.20887209475040436 5.4754746574195e-15 0.05429339033255661
1259.999267578125 0.84360271692276 0.20316538214683533 5.4740973818472646e-15 0.0544131621448697
1260.00927734375 0.9141302108764648 0.21072296798229218 5.472727729571554e-15 0.05453325001570411
1260.019287109375 0.6380933523178101 0.18833722174167633 5.471383488284262e-15 0.05465213632798483
1260.0291748046875 0.8457881808280945 0.20718306303024292 5.470080751611385e-15 0.05477269610326203
1260.0391845703125 0.6068813800811768 0.18651697039604187 5.468787755817401e-15 0.05489340784729953
1260.0491943359375 0.4628949761390686 0.1734761744737625 5.4675205945283085e-15 0.055012737973371875
1260.05908203125 0.8038461804389954 0.20284557342529297 5.466294514337158e-15 0.05513357669505463
1260.069091796875 0.6484927535057068 0.1912902593612671 5.465079869090795e-15 0.055254385116173955
1260.0791015625 0.6416470408439636 0.1892244815826416 5.463892328898745e-15 0.05537510011450541
1260.089111328125 0.8506704568862915 0.20681045949459076 5.462731893761006e-15 0.05549418511635737
1260.0989990234375 0.7016271352767944 0.19537678360939026 5.46161253972121e-15 0.05561451019906565
1260.1090087890625 0.8043742179870605 0.2027186006307602 5.460507161725043e-15 0.055734530822723394
1260.1190185546875 0.4276525676250458 0.16696912050247192 5.4594297358161355e-15 0.05585272867308474
1260.12890625 0.6540949940681458 0.19185729324817657 5.45839339100517e-15 0.055971937946742156
1260.138916015625 0.4913380742073059 0.174745574593544 5.457372292787255e-15 0.056090619725182214
1260.14892578125 0.41113752126693726 0.16602572798728943 5.45638041720602e-15 0.05620726483033196
1260.1588134765625 0.41971254348754883 0.16727934777736664 5.45542877568978e-15 0.056324674463444496
1260.1688232421875 0.48889023065567017 0.1750723123550415 5.454494921865432e-15 0.05644131630651939
1260.1788330078125 0.34176626801490784 0.15971411764621735 5.4535911377107116e-15 0.05655570837115954
1260.188720703125 0.3601880371570587 0.16217073798179626 5.452727164104512e-15 0.05667057870131863
1260.19873046875 0.25246816873550415 0.14828671514987946 5.451883095772573e-15 0.05678443145608436
1260.208740234375 0.2848323583602905 0.1529008150100708 5.4510695206267355e-15 0.05689580675400238
1260.2186279296875 0.13300646841526031 0.13231481611728668 5.450296179545892e-15 0.05700736214871279
1260.2286376953125 0.18229493498802185 0.1400081217288971 5.4495440142887305e-15 0.057117627991743844
1260.2386474609375 0.041938431560993195 0.11875277757644653 5.448823189250617e-15 0.05722518768281731
1260.24853515625 0.06415564566850662 0.12213024497032166 5.448142598277498e-15 0.05733260125899699
1260.258544921875 0.11167887598276138 0.1287064254283905 5.447484877193955e-15 0.057438432965422406
1260.2685546875 0.03777262568473816 0.11715549975633621 5.446859766878882e-15 0.05754258700804196
1260.2784423828125 0.08167628943920135 0.1239524632692337 5.446274043595855e-15 0.05764373170585807
1260.2884521484375 0.10382656753063202 0.1266966611146927 5.44571415481772e-15 0.057744253261504945
1260.2984619140625 0.12624207139015198 0.12990720570087433 5.4451868768080544e-15 0.05784278668200867
1260.3084716796875 0.0821140706539154 0.12402457743883133 5.444693056599805e-15 0.057938077177147655
1260.318359375 0.060858678072690964 0.12043143063783646 5.4442381999071296e-15 0.05803236178291824
1260.328369140625 0.03884020820260048 0.11707182228565216 5.4438112953017134e-15 0.05812436162804158
1260.33837890625 0.10434743016958237 0.1271202713251114 5.443418695530661e-15 0.058212864003572624
1260.3482666015625 0.06039189174771309 0.12068897485733032 5.443065059275182e-15 0.0582999651207976
1260.3582763671875 0.01667102426290512 0.11359625309705734 5.442741492689331e-15 0.058384443468916816
1260.3682861328125 0.14738836884498596 0.1335437297821045 5.4424526544543175e-15 0.05846520794152271
1260.378173828125 0.060217712074518204 0.1206355020403862 5.442202356218404e-15 0.05854413833344253
1260.38818359375 0.14880532026290894 0.13366061449050903 5.441983821718012e-15 0.05862011329695054
1260.398193359375 0.03841102495789528 0.11724439263343811 5.4418017096343526e-15 0.058692152990012236
1260.4080810546875 0.16922052204608917 0.13640771806240082 5.441657290516846e-15 0.058761909817323335
1260.4180908203125 0.06121629476547241 0.1208895593881607 5.441547176233703e-15 0.05882837207073175
1260.4281005859375 0.038843974471092224 0.11727938801050186 5.4414734843672916e-15 0.058890677002182125
1260.43798828125 0.14805033802986145 0.13282698392868042 5.441437485467033e-15 0.05895024867003104
1260.447998046875 0.16938814520835876 0.13642527163028717 5.441437908983507e-15 0.059006182407138334
1260.4580078125 0.0816476121544838 0.12422645837068558 5.44147560194966e-15 0.05905774619048323
1260.4678955078125 0.08129961788654327 0.12410970777273178 5.441550140849018e-15 0.05910609903164074
1260.4779052734375 0.30069446563720703 0.15171369910240173 5.44166364326395e-15 0.059150471745624704
1260.4879150390625 0.34532323479652405 0.1562385857105255 5.441815685677982e-15 0.05919073765872176
1260.4979248046875 0.25635379552841187 0.14637966454029083 5.4420062680911145e-15 0.05922639037086739
1260.5078125 0.27903661131858826 0.1494683027267456 5.4422324258880314e-15 0.05925817029258507
1260.517822265625 0.21348491311073303 0.14209827780723572 5.442500935332311e-15 0.059285516818762776
1260.52783203125 0.3435308039188385 0.15766063332557678 5.442808831808638e-15 0.05930806425906172
1260.5377197265625 0.4298359155654907 0.1659747213125229 5.443151880152276e-15 0.059326253324325964
1260.5477294921875 0.5182356834411621 0.17394359409809113 5.443538974209171e-15 0.05933966744011897
1260.5577392578125 0.6483845710754395 0.18600164353847504 5.443966302331061e-15 0.059348127528089545
1260.567626953125 0.4962015151977539 0.17219339311122894 5.444428782320262e-15 0.05935172197766268
1260.57763671875 0.8012281060218811 0.19830544292926788 5.444937425605088e-15 0.059350233541219204
1260.587646484375 0.7791249752044678 0.19719363749027252 5.445487149987856e-15 0.059343646992661786
1260.5975341796875 0.8890816569328308 0.20372627675533295 5.446070755688514e-15 0.059331701822260566
1260.6075439453125 0.7341936826705933 0.19263826310634613 5.446703489300113e-15 0.05931435432689082
1260.6175537109375 1.0844765901565552 0.21897590160369873 5.447378151042601e-15 0.05929181366480196
1260.62744140625 0.8659666776657104 0.2027364820241928 5.448085847070032e-15 0.059263431778576334
1260.637451171875 0.8878044486045837 0.20403054356575012 5.448844788590772e-15 0.05922933761755719
1260.6474609375 1.0641154050827026 0.21588055789470673 5.449646505275348e-15 0.05918997799393696
1260.6573486328125 1.0614162683486938 0.21640077233314514 5.450480832728394e-15 0.05914429130223692
1260.6673583984375 0.9326251149177551 0.20551547408103943 5.451368523257116e-15 0.05909263532355015
1260.6773681640625 0.8664736747741699 0.20155607163906097 5.452300259499096e-15 0.05903492908128466
1260.687255859375 0.8225316405296326 0.19788692891597748 5.453263759476598e-15 0.058971907850928366
1260.697265625 0.6928575038909912 0.18951977789402008 5.454283163628618e-15 0.05890193740277494
1260.707275390625 1.0178470611572266 0.2120792120695114 5.45534703701037e-15 0.058825693419881225
1260.71728515625 0.6470098495483398 0.18556107580661774 5.456455803138326e-15 0.058744143700020054
1260.7271728515625 0.8240999579429626 0.1978975087404251 5.457595485968856e-15 0.05865521734042132
1260.7371826171875 1.0595333576202393 0.21671849489212036 5.458794461105695e-15 0.058559817359765155
1260.7471923828125 0.907731831073761 0.20427347719669342 5.460038752505211e-15 0.05845917120926503
1260.757080078125 0.9510097503662109 0.2090127319097519 5.4613131135743554e-15 0.05835075485017192
1260.76708984375 1.2560579776763916 0.22948817908763885 5.462649308048649e-15 0.05823571582304242
1260.777099609375 0.5162366032600403 0.1736793965101242 5.464032089335042e-15 0.058115541415332206
1260.7869873046875 0.9498691558837891 0.20969195663928986 5.465443669741641e-15 0.057987224893434726
1260.7969970703125 0.8671159148216248 0.20065908133983612 5.466919624652232e-15 0.057852199089308096
1260.8070068359375 1.1023073196411133 0.21890053153038025 5.4684430134078685e-15 0.05771219112891737
1260.81689453125 1.0153462886810303 0.21334250271320343 5.469994354250765e-15 0.05756374925526424
1260.826904296875 1.1042263507843018 0.21722275018692017 5.471612610696494e-15 0.05740853597388983
1260.8369140625 0.9519900679588318 0.2079106569290161 5.473279148020217e-15 0.05724857810617037
1260.8468017578125 0.8863784670829773 0.20303791761398315 5.4749732139147255e-15 0.05707993269921079
1260.8568115234375 0.949683427810669 0.20752088725566864 5.476736312994435e-15 0.05690454185619694
1260.8668212890625 0.9683720469474792 0.21062016487121582 5.478548539985086e-15 0.05672469490979894
1260.876708984375 1.081437349319458 0.21626423299312592 5.480387024997101e-15 0.05653599108259578
1260.88671875 0.9063049554824829 0.20266146957874298 5.4822975078096334e-15 0.05634063111024807
1260.896728515625 1.031059980392456 0.21363447606563568 5.4842579655660535e-15 0.05613868177298791
1260.90673828125 1.1641268730163574 0.2221461981534958 5.486268821782835e-15 0.055932779174986354
1260.9166259765625 0.8148494362831116 0.19634190201759338 5.488304241955087e-15 0.0557179117852706
1260.9266357421875 1.0078092813491821 0.21242547035217285 5.490415471576119e-15 0.055496650629867854
1260.9366455078125 1.2475395202636719 0.22583326697349548 5.492577523173985e-15 0.05527191955209287
1260.946533203125 1.0102871656417847 0.2112669050693512 5.494763715210849e-15 0.05503825394905164
1260.95654296875 0.7924424409866333 0.19504854083061218 5.497027834278859e-15 0.05479850461162403
1260.966552734375 0.8349270224571228 0.19889818131923676 5.4993444693896e-15 0.054555842903986206
1260.9764404296875 0.9433281421661377 0.2058604508638382 5.501683550873443e-15 0.054304395699430776
1260.9864501953125 1.0069371461868286 0.20996442437171936 5.504103524003748e-15 0.05404728360962563
1260.9964599609375 0.8973138332366943 0.20381537079811096 5.506576436693257e-15 0.053787915460977276
1261.00634765625 0.8764970898628235 0.20140516757965088 5.509070948722921e-15 0.05352004608978306
1261.016357421875 0.8118845820426941 0.1970626562833786 5.511649317014363e-15 0.053247054403233136
1261.0263671875 0.8549681901931763 0.19926732778549194 5.514281471897956e-15 0.052972554412688444
1261.0362548828125 1.0907065868377686 0.21650511026382446 5.516933955572283e-15 0.052689985508599796
1261.0462646484375 0.9368897080421448 0.206033393740654 5.519673260123703e-15 0.05240296630146879
1261.0562744140625 1.151713490486145 0.2204977422952652 5.522466774783748e-15 0.052115309054844745
1261.066162109375 1.457405924797058 0.23762942850589752 5.525279771201579e-15 0.05182019720517032
1261.076171875 1.2621265649795532 0.22662796080112457 5.528182129595346e-15 0.05152142059285714
1261.086181640625 1.2621983289718628 0.2255808711051941 5.531139968647158e-15 0.05121931763297945
1261.0960693359375 1.0227783918380737 0.20992989838123322 5.534116018907336e-15 0.05091792338145998
1261.1060791015625 1.3183372020721436 0.2298024445772171 5.537183972242291e-15 0.050610152287225534
1261.1160888671875 1.150269627571106 0.21996325254440308 5.540308253268239e-15 0.05030006511717265
1261.1260986328125 1.045186161994934 0.21029740571975708 5.543488861985179e-15 0.0499918596967258
1261.135986328125 1.08490788936615 0.21495220065116882 5.5466864113610636e-15 0.04967833139625439
1261.14599609375 0.9987770915031433 0.20925350487232208 5.549979675459988e-15 0.04936368846415393
1261.156005859375 1.1054710149765015 0.21634304523468018 5.553330537799326e-15 0.04905222704090611
1261.1658935546875 0.9330531358718872 0.20404069125652313 5.556696646731715e-15 0.04873671766212657
1261.1759033203125 1.0811882019042969 0.21534571051597595 5.560161435002459e-15 0.048421479596447055
1261.1859130859375 0.8693691492080688 0.19731488823890686 5.563684668546563e-15 0.048110861754808366
1261.19580078125 1.4412736892700195 0.2372271865606308 5.567221878134297e-15 0.047797706268561085
1261.205810546875 0.8460887670516968 0.19803783297538757 5.570861155192175e-15 0.04748641712764019
1261.2158203125 1.0555493831634521 0.2127716839313507 5.574559301039887e-15 0.04718131325501142
1261.2257080078125 1.1223241090774536 0.21737627685070038 5.578270152381808e-15 0.04687543900669947
1261.2357177734375 1.1199620962142944 0.21710196137428284 5.582086035809189e-15 0.04657320578228029
1261.2457275390625 0.8633077144622803 0.19855202734470367 5.585961635059351e-15 0.04627885281950564
1261.255615234375 1.1391310691833496 0.2179829180240631 5.589848669254301e-15 0.04598575126459692
1261.265625 0.9070592522621155 0.20018616318702698 5.5938441236664995e-15 0.04569826502007667
1261.275634765625 1.1577492952346802 0.21939857304096222 5.5978992939014795e-15 0.0454204505188412
1261.2855224609375 0.8836857080459595 0.19913047552108765 5.601965475564774e-15 0.04514617647535846
1261.2955322265625 0.9464997053146362 0.20333291590213776 5.606142195027685e-15 0.044879629968613374
1261.3055419921875 1.0720946788787842 0.2128843367099762 5.6103803243792716e-15 0.044621571017173574
1261.3155517578125 1.028530240058899 0.21061426401138306 5.6146798636195344e-15 0.044375726233679955
1261.325439453125 1.1973332166671753 0.22121843695640564 5.61898787318927e-15 0.0441367858829355
1261.33544921875 1.1955043077468872 0.2194109857082367 5.623411502756305e-15 0.04390864085477579
1261.345458984375 1.0480679273605347 0.2105807363986969 5.6278969657284905e-15 0.04369463169941781
1261.3553466796875 1.0888630151748657 0.2135826200246811 5.632389628480727e-15 0.04349027504195093
1261.3653564453125 1.0252774953842163 0.20915178954601288 5.637000452329106e-15 0.04329907268780726
1261.3753662109375 0.8155051469802856 0.19313813745975494 5.641674380132055e-15 0.04312389696678459
1261.38525390625 0.7474291324615479 0.18960624933242798 5.646353813649162e-15 0.04296120382273705
1261.395263671875 0.8324044942855835 0.19477300345897675 5.651154796394199e-15 0.04281402489371108
1261.4052734375 0.9797281622886658 0.20468175411224365 5.656019730126754e-15 0.04268462777356777
1261.4151611328125 1.0207710266113281 0.20829588174819946 5.660888475507572e-15 0.042570566140352664
1261.4251708984375 1.038693904876709 0.20757466554641724 5.665881734731636e-15 0.04247427355473063
1261.4351806640625 1.3736004829406738 0.23030242323875427 5.670940215492639e-15 0.042397295162199776
1261.445068359375 1.0150431394577026 0.20825734734535217 5.676001237352483e-15 0.042338415024396656
1261.455078125 0.9320664405822754 0.201815664768219 5.681189314154416e-15 0.04229933735615116
1261.465087890625 0.9523548483848572 0.2040724754333496 5.686443883042708e-15 0.042280797205579035
1261.4749755859375 1.346133828163147 0.22788327932357788 5.6916988754474734e-15 0.042282905143105926
1261.4849853515625 0.9530246257781982 0.2020336091518402 5.6970851579590635e-15 0.04230654288892675
1261.4949951171875 0.9322790503501892 0.20002306997776031 5.702537932557013e-15 0.04235220846581093
1261.5048828125 0.8254791498184204 0.19330063462257385 5.7079898601220154e-15 0.04241937542120299
1261.514892578125 0.9898521304130554 0.20465509593486786 5.7135760424091575e-15 0.042510071068437384
1261.52490234375 1.2177958488464355 0.21981200575828552 5.719229563815606e-15 0.04262395690822934
1261.534912109375 0.5759280920028687 0.169913649559021 5.724951271374309e-15 0.04275948294848022
1261.5447998046875 1.4009968042373657 0.22869627177715302 5.730669590801223e-15 0.04292022167215888
1261.5548095703125 0.9454538822174072 0.20117534697055817 5.7365268236314864e-15 0.043104793558690166
1261.5648193359375 0.8823963403701782 0.19507662951946259 5.7424526661304775e-15 0.043310619129435436
1261.57470703125 1.1072030067443848 0.20987708866596222 5.748373849948259e-15 0.04354283870134122
1261.584716796875 0.9847325086593628 0.20135529339313507 5.754436911784705e-15 0.0437990269873575
1261.5947265625 0.900672197341919 0.19577616453170776 5.7605698538393e-15 0.04407556333676083
1261.6046142578125 1.0615328550338745 0.20901429653167725 5.7666960196303164e-15 0.04437915425485758
