wave flux_norm flux_err cont_fit cont_err
1140.0872802734375 1.0546239614486694 0.22032609581947327 7.568608690082176e-15 0.03069894228476801
1140.0972900390625 0.831092119216919 0.2015884667634964 7.566112483986618e-15 0.030044389205677664
1140.107177734375 1.1317561864852905 0.22550925612449646 7.563651006241897e-15 0.029414598488542304
1140.1171875 0.8527924418449402 0.2027684450149536 7.561164964541706e-15 0.028817088945012368
1140.127197265625 1.0166598558425903 0.2167201191186905 7.55868315800625e-15 0.028237336092606126
1140.1370849609375 1.069715142250061 0.2195628136396408 7.556236079821633e-15 0.027683128215918854
1140.1470947265625 0.8908987641334534 0.20507504045963287 7.553764437681545e-15 0.027161010666269053
1140.1571044921875 1.0760735273361206 0.21937809884548187 7.55129787773914e-15 0.02665832765305356
1140.1669921875 1.0757238864898682 0.21971939504146576 7.548866046147573e-15 0.026181901809309193
1140.177001953125 1.0469326972961426 0.21716123819351196 7.546409650600536e-15 0.025737249411057133
1140.18701171875 1.0715701580047607 0.21905146539211273 7.543957490218235e-15 0.02531358813371184
1140.197021484375 1.475456714630127 0.24741768836975098 7.541511259066564e-15 0.024916713951025238
1140.2069091796875 1.0725722312927246 0.21923930943012238 7.539099756265731e-15 0.024551073073455817
1140.2169189453125 1.0731703042984009 0.21872475743293762 7.53666284247648e-15 0.024207724771233615
1140.2269287109375 1.071806788444519 0.21875649690628052 7.53423185791786e-15 0.02389134141078545
1140.23681640625 0.9103749990463257 0.20552152395248413 7.531835601710078e-15 0.023605260289710973
1140.246826171875 0.9905717968940735 0.2126489281654358 7.529413934513878e-15 0.02334231946298529
1140.2568359375 0.937864363193512 0.2084609419107437 7.526998196548309e-15 0.02310606164533385
1140.2667236328125 1.2322920560836792 0.23040065169334412 7.524617186933577e-15 0.022898667943216912
1140.2767333984375 1.017793893814087 0.21487505733966827 7.522211613363375e-15 0.022714723554265084
1140.2867431640625 1.2883906364440918 0.2353009730577469 7.519811121990856e-15 0.02255659425880695
1140.296630859375 1.3409514427185059 0.2385817915201187 7.517445358969175e-15 0.022423860502403564
1140.306640625 0.8850865364074707 0.20412956178188324 7.515055031992023e-15 0.022317180853563448
1140.316650390625 1.1297001838684082 0.22376680374145508 7.512670634245502e-15 0.022233383598745254
1140.3265380859375 0.6967843174934387 0.1856071501970291 7.510320117816872e-15 0.022173309726968835
1140.3365478515625 1.2121262550354004 0.23014776408672333 7.507945884465718e-15 0.022136608161333983
1140.3465576171875 0.6690983772277832 0.184500053524971 7.505577580345195e-15 0.022121649859368632
1140.3564453125 0.9958568811416626 0.21344438195228577 7.503242310509615e-15 0.022128263005414935
1140.366455078125 1.0753989219665527 0.2190956324338913 7.500884170784459e-15 0.022155178270263816
1140.37646484375 1.1836435794830322 0.22777004539966583 7.498531113256986e-15 0.02220223750775046
1140.3863525390625 0.9684788584709167 0.21133507788181305 7.496212784080351e-15 0.02226836292422065
1140.3963623046875 0.8863499164581299 0.20439575612545013 7.493869890948246e-15 0.022351545669653805
1140.4063720703125 0.967761218547821 0.21095478534698486 7.491532927046771e-15 0.022452954326292324
1140.4163818359375 1.0758782625198364 0.21958696842193604 7.489201892375928e-15 0.022570776949331274
1140.42626953125 0.914540708065033 0.20650669932365417 7.486903891990027e-15 0.02270239888635881
1140.436279296875 0.970329225063324 0.21147100627422333 7.48458302171455e-15 0.022850202032276282
1140.4462890625 0.997958242893219 0.21402806043624878 7.482268080669704e-15 0.023011773896082582
1140.4561767578125 0.9718512892723083 0.21081656217575073 7.4799861739098e-15 0.023184054129994646
1140.4661865234375 1.2530558109283447 0.2339460402727127 7.477682244293269e-15 0.023370477868766046
1140.4761962890625 1.117584228515625 0.2239619791507721 7.475383396874421e-15 0.023568171013790423
1140.486083984375 0.8981655836105347 0.20636290311813354 7.473117583740516e-15 0.023773744275190037
1140.49609375 1.0368146896362305 0.2179884910583496 7.470829747749982e-15 0.023991526898038046
1140.506103515625 0.9513189792633057 0.21012885868549347 7.468546993957131e-15 0.024218308208223908
1140.5159912109375 0.8984992504119873 0.20568875968456268 7.466298121482171e-15 0.024453398293474628
1140.5260009765625 1.238378882408142 0.23385484516620636 7.464026379117635e-15 0.02469311371449554
1140.5360107421875 0.9635031819343567 0.2128419727087021 7.46176056598373e-15 0.024942749742347028
1140.5458984375 0.9749926924705505 0.2123919278383255 7.459527787134768e-15 0.025198780806618973
1140.555908203125 1.0479779243469238 0.22002515196800232 7.457273832462124e-15 0.025457404108609975
1140.56591796875 0.9192056655883789 0.20966783165931702 7.455024112954216e-15 0.025724461961682515
1140.5758056640625 0.8857308030128479 0.2067762017250061 7.4528082747642e-15 0.025996288095925926
1140.5858154296875 1.1259163618087769 0.2270488142967224 7.450570413717553e-15 0.026269005320210193
1140.5958251953125 1.045168161392212 0.22148653864860535 7.448338481901538e-15 0.026548884918345228
1140.6058349609375 1.0276951789855957 0.22096756100654602 7.446111632283207e-15 0.02683215189422232
1140.61572265625 0.8581839203834534 0.2068072259426117 7.443917816949818e-15 0.02711490208288174
1140.625732421875 1.1389715671539307 0.22981691360473633 7.441702825792748e-15 0.027403730523129943
1140.6357421875 1.1238429546356201 0.22988058626651764 7.439492916833362e-15 0.02769480180371889
1140.6456298828125 1.2655348777770996 0.24048244953155518 7.437316042158918e-15 0.027984208313071683
1140.6556396484375 0.826198935508728 0.20401310920715332 7.435117991660793e-15 0.028278778453479776
1140.6656494140625 1.0398038625717163 0.2234085649251938 7.432925870393299e-15 0.028574652538380995
1140.675537109375 1.035504937171936 0.2251044064760208 7.4307659363778e-15 0.028867932072918098
1140.685546875 0.848055899143219 0.20453687012195587 7.42858482653862e-15 0.029165598706695574
1140.695556640625 0.6137832999229431 0.1831240952014923 7.426410492963019e-15 0.029463786478845108
1140.7054443359375 1.055669903755188 0.22635653614997864 7.424267499606466e-15 0.029762288664058546
1140.7154541015625 0.8149991631507874 0.20474666357040405 7.422104177459178e-15 0.030057240136503623
1140.7254638671875 0.9713481664657593 0.21963678300380707 7.419945937509574e-15 0.03035574222560801
1140.7353515625 0.7246888875961304 0.1959872543811798 7.417820731844913e-15 0.030653966994055933
1140.745361328125 1.317887306213379 0.2503097355365753 7.41567435035657e-15 0.030948094760410827
1140.75537109375 0.961388349533081 0.21780072152614594 7.413534745131806e-15 0.03124525508852314
1140.7652587890625 0.9343020915985107 0.21843212842941284 7.41142648012609e-15 0.031541654715385864
1140.7752685546875 0.9592167139053345 0.22022005915641785 7.40929788632964e-15 0.03183355054714036
1140.7852783203125 0.8699566721916199 0.21240562200546265 7.407176068796768e-15 0.0321280411218964
1140.7952880859375 1.0511655807495117 0.2255844622850418 7.40505933346158e-15 0.032421378935731486
1140.80517578125 1.2121162414550781 0.23958885669708252 7.402974785378387e-15 0.03270991515786527
1140.815185546875 1.4263471364974976 0.2534239590167999 7.40086990850446e-15 0.03300064990333105
1140.8251953125 1.1400607824325562 0.23283949494361877 7.398771807894111e-15 0.033289943163065765
1140.8350830078125 1.0463823080062866 0.2245447337627411 7.396704200469863e-15 0.03357419045959326
1140.8450927734375 0.809090793132782 0.20352904498577118 7.394617958320776e-15 0.03386031879750402
1140.8551025390625 0.9784026741981506 0.21860668063163757 7.392536798369372e-15 0.03414475057186169
1140.864990234375 1.151846170425415 0.23184339702129364 7.390487825669964e-15 0.03442397018995529
1140.875 1.081853985786438 0.2256159484386444 7.388419371212769e-15 0.03470481457513521
1140.885009765625 1.2354705333709717 0.23614546656608582 7.386356845986205e-15 0.034983763155459514
1140.8948974609375 0.6921099424362183 0.18957699835300446 7.384325660978689e-15 0.03526074134931353
1140.9049072265625 1.3649351596832275 0.24471765756607056 7.382274994213386e-15 0.03553237364046999
1140.9149169921875 1.0227407217025757 0.21836534142494202 7.380230256678715e-15 0.03580532244478818
1140.9248046875 1.1830165386199951 0.2301587164402008 7.378217706396038e-15 0.03607617117488786
1140.934814453125 1.4282302856445312 0.24713705480098724 7.376184827322628e-15 0.03634161580034588
1140.94482421875 1.0655817985534668 0.22080478072166443 7.374159571545743e-15 0.03660817574797615
1140.9547119140625 1.2825274467468262 0.23684096336364746 7.372163961922012e-15 0.036872527589303046
1140.9647216796875 1.0860081911087036 0.2218826562166214 7.370150564606388e-15 0.03713145114922343
1140.9747314453125 1.1176241636276245 0.22360540926456451 7.368143096521396e-15 0.03739131677209191
1140.9847412109375 1.2253748178482056 0.23265646398067474 7.366142404699981e-15 0.0376488819554402
1140.99462890625 0.7813945412635803 0.19592387974262238 7.36417135903172e-15 0.037901041902036366
1141.004638671875 0.889835000038147 0.20553074777126312 7.362182525671567e-15 0.03815398274673621
1141.0146484375 1.189697027206421 0.22906236350536346 7.360199621542045e-15 0.03840457162519841
1141.0245361328125 0.9993065595626831 0.21469731628894806 7.358248057631571e-15 0.038649772705989204
1141.0345458984375 1.2160487174987793 0.23133032023906708 7.356277858996257e-15 0.03889562610647159
1141.0445556640625 0.6718956828117371 0.1853918880224228 7.354314436624522e-15 0.039139074797608364
1141.054443359375 0.8896105885505676 0.20511914789676666 7.35238066040594e-15 0.03937718629866869
1141.064453125 1.080137014389038 0.22051869332790375 7.350429096495466e-15 0.03961582437438131
1141.074462890625 1.0258104801177979 0.2165110558271408 7.34848430884857e-15 0.03985203425278726
1141.0843505859375 0.9169460535049438 0.20714505016803741 7.346570014387776e-15 0.040085799892011754
1141.0943603515625 0.9172054529190063 0.20680971443653107 7.344637932235089e-15 0.04031430868680153
1141.1043701171875 0.7811553478240967 0.19594207406044006 7.342711779313033e-15 0.04054320872001109
1141.1142578125 0.835945188999176 0.20038890838623047 7.340816119577077e-15 0.04076964878927376
1141.124267578125 0.7811235785484314 0.19609084725379944 7.33890267214923e-15 0.04099091645968638
1141.13427734375 0.9731020331382751 0.21262474358081818 7.33699600098496e-15 0.04121246374307346
1141.1441650390625 0.7830016613006592 0.19636845588684082 7.335118975973845e-15 0.04143155999571312
1141.1541748046875 1.054457664489746 0.2188994288444519 7.333225010303784e-15 0.04164556064077437
1141.1641845703125 0.8388805389404297 0.20158754289150238 7.331337820897302e-15 0.04185975606204075
1141.174072265625 1.1400552988052368 0.22554782032966614 7.329480277643973e-15 0.04207149666162127
1141.18408203125 1.062644362449646 0.22057536244392395 7.3276057937317e-15 0.04227823502957931
1141.194091796875 1.1157318353652954 0.22391194105148315 7.325738086083004e-15 0.04248509146521211
1141.2041015625 1.0307632684707642 0.21755528450012207 7.323876307664939e-15 0.04268949622904996
1141.2139892578125 1.0063648223876953 0.21593840420246124 7.322044175400028e-15 0.04288900381235139
1141.2239990234375 0.9023220539093018 0.2073414921760559 7.320195949509119e-15 0.04308854085704695
1141.2340087890625 0.8745762705802917 0.20519065856933594 7.318354499881788e-15 0.04328563939888369
1141.243896484375 1.1739012002944946 0.22880178689956665 7.316541849374664e-15 0.043477952450214075
1141.25390625 1.1532336473464966 0.22821617126464844 7.314713105241542e-15 0.04367022416783474
1141.263916015625 1.2364420890808105 0.23406314849853516 7.312891137371998e-15 0.04386006385800111
1141.2738037109375 1.0573965311050415 0.2218988686800003 7.31109796862266e-15 0.04404522402211474
1141.2838134765625 0.9440029263496399 0.21218200027942657 7.309289553280272e-15 0.044230277633104366
1141.2938232421875 0.7798906564712524 0.1981182098388672 7.307487067168515e-15 0.04441292912278582
1141.3037109375 1.2330381870269775 0.23599345982074738 7.305713380176965e-15 0.04459317755484621
1141.313720703125 0.8068593144416809 0.2004149854183197 7.303924446592364e-15 0.044768888781714915
1141.32373046875 0.9778223633766174 0.215828537940979 7.30214228927134e-15 0.04494440693732736
1141.3336181640625 1.2835394144058228 0.23913253843784332 7.300388931070524e-15 0.04511754998613626
1141.3436279296875 1.1977155208587646 0.23270991444587708 7.298620326276657e-15 0.04528626758167547
1141.3536376953125 0.7189515233039856 0.1921960711479187 7.296857650713421e-15 0.04545472333766566
1141.363525390625 1.1708482503890991 0.230633944272995 7.295123774270391e-15 0.04562083492217875
1141.37353515625 0.7246349453926086 0.19314929842948914 7.293375498267259e-15 0.04578262260349101
1141.383544921875 1.0522583723068237 0.220912367105484 7.291633998527704e-15 0.045944093522669996
1141.3935546875 1.077449917793274 0.2229336053133011 7.289899275051727e-15 0.046103252334116794
1141.4034423828125 0.9606649279594421 0.21291697025299072 7.288191656630062e-15 0.04625819677141358
1141.4134521484375 0.6321369409561157 0.18289370834827423 7.286470485681242e-15 0.04641277145004144
1141.4234619140625 1.0796191692352295 0.2233659029006958 7.284756090995999e-15 0.046565050199682656
1141.433349609375 0.9660924077033997 0.21402007341384888 7.283068801365068e-15 0.046713237365386164
1141.443359375 0.8276493549346924 0.20214486122131348 7.281367959206982e-15 0.046860992711054206
1141.453369140625 0.9917997121810913 0.21511106193065643 7.279673893312473e-15 0.04700648607307794
1141.4632568359375 0.9999050498008728 0.2172878086566925 7.278007779505224e-15 0.04714799634256343
1141.4732666015625 0.9663213491439819 0.21396899223327637 7.276327266137871e-15 0.04728902159085414
1141.4832763671875 0.8882648944854736 0.20773530006408691 7.274654376067044e-15 0.0474278117288485
1141.4931640625 0.9816892743110657 0.21660836040973663 7.273007744017582e-15 0.047564383236511146
1141.503173828125 1.122443675994873 0.22736701369285583 7.27134840647391e-15 0.047697113043087276
1141.51318359375 1.0165226459503174 0.2199137657880783 7.269695845193817e-15 0.04782929623790671
1141.5230712890625 1.134677529335022 0.22973774373531342 7.268070388968036e-15 0.04795928191132019
1141.5330810546875 1.226993441581726 0.23739372193813324 7.266432227248047e-15 0.04808553964580692
1141.5430908203125 0.7870579361915588 0.1991390883922577 7.264800841791635e-15 0.04821119869627306
1141.552978515625 1.2559908628463745 0.23959192633628845 7.263195714356588e-15 0.04833468978126471
1141.56298828125 0.9245173335075378 0.2143024504184723 7.261577881427332e-15 0.04845456255345901
1141.572998046875 1.1236882209777832 0.2300480157136917 7.259967671794602e-15 0.04857378675432288
1141.5830078125 1.0669499635696411 0.2259892225265503 7.25836423842545e-15 0.04869087556257277
1141.5928955078125 1.0886114835739136 0.2270796149969101 7.256787063077662e-15 0.048804456105182706
1141.6029052734375 1.1270709037780762 0.23091623187065125 7.255198029268613e-15 0.04891733205929226
1141.6129150390625 0.9744805693626404 0.21791739761829376 7.253615771723142e-15 0.04902810544015775
1141.622802734375 1.1394107341766357 0.22999180853366852 7.252059772199036e-15 0.04913547099415202
1141.6328125 1.0418041944503784 0.22155235707759857 7.250491914213668e-15 0.04924209772063204
1141.642822265625 1.0500322580337524 0.2232450246810913 7.248931679524825e-15 0.049346640271783086
1141.6527099609375 1.3237627744674683 0.24315011501312256 7.2473968558244e-15 0.049447886531424394
1141.6627197265625 1.0609129667282104 0.22272169589996338 7.245850173662714e-15 0.04954833886934004
1141.6727294921875 1.1764593124389648 0.23193955421447754 7.244310267764606e-15 0.04964674860581314
1141.6826171875 0.7748271822929382 0.19591832160949707 7.24279746692081e-15 0.0497431231896572
1141.692626953125 1.1275856494903564 0.22640424966812134 7.241271960582805e-15 0.049836331627616595
1141.70263671875 0.8447540998458862 0.20263300836086273 7.239754924574272e-15 0.04992868787088327
1141.7125244140625 0.791334331035614 0.1981816440820694 7.23826245252121e-15 0.05001903769310649
1141.7225341796875 1.037380337715149 0.21895943582057953 7.236758969039834e-15 0.05010632466998923
1141.7325439453125 1.2277776002883911 0.2332693189382553 7.235263108854983e-15 0.05019271861768956
1141.742431640625 1.332680344581604 0.240200936794281 7.23379265965855e-15 0.05027712952387137
1141.75244140625 0.7845046520233154 0.1966661959886551 7.232311199033802e-15 0.05035857694808314
1141.762451171875 1.250070333480835 0.23462973535060883 7.230837361705579e-15 0.050439088013983835
1141.7724609375 1.0025827884674072 0.21558983623981476 7.229370300640935e-15 0.05051764785815322
1141.7823486328125 0.7019572257995605 0.18922372162342072 7.227928650564708e-15 0.050593343514817944
1141.7923583984375 1.3591166734695435 0.24228931963443756 7.226476836093114e-15 0.050668052190327446
1141.8023681640625 1.166115403175354 0.22812479734420776 7.225031797885098e-15 0.05074084435315932
1141.812255859375 1.030673861503601 0.2176167517900467 7.2236121706655e-15 0.050810867954172445
1141.822265625 1.166246771812439 0.2282733917236328 7.222182379050535e-15 0.05087986261040264
1141.832275390625 1.0856924057006836 0.2220618575811386 7.220759363699147e-15 0.05094696133516467
1141.8421630859375 0.8373706340789795 0.20121599733829498 7.219361759336178e-15 0.0510113942237555
1141.8521728515625 1.2766765356063843 0.23655350506305695 7.217953990577841e-15 0.05107475285936842
1141.8621826171875 1.0031795501708984 0.21574676036834717 7.21655384511603e-15 0.051136243885023476
1141.8720703125 1.1416786909103394 0.22633039951324463 7.215178263609689e-15 0.05119587762210627
1141.882080078125 0.8923198580741882 0.20597253739833832 7.21379251770798e-15 0.051252965115741324
1141.89208984375 1.4695866107940674 0.24949459731578827 7.212415242135745e-15 0.05130893082034559
1141.9019775390625 1.278096079826355 0.23609758913516998 7.211061683486033e-15 0.05136306069463914
1141.9119873046875 1.0320050716400146 0.21768970787525177 7.2096988074739e-15 0.051414741478249586
1141.9219970703125 0.8394173383712769 0.20175962150096893 7.208343554758294e-15 0.05146524880187598
1141.931884765625 0.8969219923019409 0.20618170499801636 7.20701201896521e-15 0.051513956808142435
1141.94189453125 1.0839719772338867 0.22193019092082977 7.205672012842654e-15 0.05156030004110806
1141.951904296875 0.8926502466201782 0.2064449042081833 7.204339630016623e-15 0.05160543527975117
1141.9617919921875 1.0856186151504517 0.22153525054454803 7.203030964113115e-15 0.05164879075560733
1141.9718017578125 1.3586339950561523 0.2423199564218521 7.201712980847187e-15 0.05168987505660346
1141.9818115234375 0.7567333579063416 0.19436515867710114 7.200403467910732e-15 0.051729712651949686
1141.9918212890625 1.003255844116211 0.21549879014492035 7.199101578270802e-15 0.05176779530618433
1142.001708984375 1.1145519018173218 0.22435204684734344 7.197823405553395e-15 0.05180369294046687
1142.01171875 0.7836874127388 0.19683338701725006 7.196535915473569e-15 0.051838306184027114
1142.021728515625 0.9758207201957703 0.21306033432483673 7.195256895723215e-15 0.051871183057752415
1142.0316162109375 1.2233655452728271 0.23272567987442017 7.194001592895384e-15 0.051901970249750524
1142.0416259765625 0.977229118347168 0.21345734596252441 7.19273781973808e-15 0.05193142573001082
1142.0516357421875 0.8950977921485901 0.20662502944469452 7.191481669877303e-15 0.051959179091446275
1142.0615234375 0.9765908122062683 0.21306295692920685 7.1902483899061e-15 0.051984920655960574
1142.071533203125 1.278813362121582 0.23640066385269165 7.18900833367132e-15 0.05200929945291183
1142.08154296875 1.1399296522140503 0.22644644975662231 7.187775053700118e-15 0.0520319893567717
1142.0914306640625 1.0037463903427124 0.2157626450061798 7.186565490651439e-15 0.052053006750513414
1142.1014404296875 0.8102524280548096 0.19897529482841492 7.185348304306234e-15 0.05207212607195525
1142.1114501953125 1.0858087539672852 0.22222821414470673 7.184138741257555e-15 0.05208983208297473
1142.121337890625 1.2764075994491577 0.2363310605287552 7.182952048098452e-15 0.05210588356254156
1142.13134765625 0.8686542510986328 0.20365694165229797 7.18175857867577e-15 0.05212012165679952
1142.141357421875 1.08777916431427 0.22217410802841187 7.180572732549614e-15 0.052132907222772404
1142.1512451171875 0.8126421570777893 0.1991124004125595 7.179408909280087e-15 0.05214406605241754
1142.1612548828125 1.0322086811065674 0.21727421879768372 7.178239156779929e-15 0.052153489253176664
1142.1712646484375 0.9197753667831421 0.2082902044057846 7.177077027576296e-15 0.05216142688846866
1142.1812744140625 0.8683277368545532 0.20413686335086823 7.175922521669188e-15 0.05216775508434233
1142.191162109375 1.0306460857391357 0.2176889181137085 7.17479003861871e-15 0.05217243473818681
1142.201171875 0.7855134010314941 0.19680772721767426 7.1736516263376e-15 0.05217559109672742
1142.211181640625 0.6210945248603821 0.18153762817382812 7.172520837353015e-15 0.052177159766649356
1142.2210693359375 0.7612357139587402 0.19536052644252777 7.171412071225059e-15 0.052177160544325196
1142.2310791015625 1.0119341611862183 0.216749370098114 7.17029822289942e-15 0.05217559624938908
1142.2410888671875 0.7087984085083008 0.19057616591453552 7.169191150837358e-15 0.05217247175563316
1142.2509765625 0.7620528340339661 0.19475620985031128 7.168106101631926e-15 0.0521678578842541
1142.260986328125 0.49381542205810547 0.16780570149421692 7.16701597022881e-15 0.052161642860437195
1142.27099609375 0.686400830745697 0.1888684183359146 7.165933462122218e-15 0.0521538900423722
1142.2808837890625 0.5006649494171143 0.16991451382637024 7.164872129839309e-15 0.052144604005380686
1142.2908935546875 0.8510315418243408 0.20659902691841125 7.163805715358715e-15 0.052133929749271134
1142.3009033203125 0.7122470140457153 0.1930134892463684 7.162746924174648e-15 0.052121612495016796
1142.310791015625 0.6475206017494202 0.18665681779384613 7.161710155847208e-15 0.052107783462821806
1142.32080078125 0.6939408779144287 0.1933574080467224 7.160667458289138e-15 0.05209264767077702
1142.330810546875 1.0719618797302246 0.226448655128479 7.159634078093488e-15 0.05207583503959414
1142.3406982421875 1.1015690565109253 0.2338428795337677 7.158620179655625e-15 0.0520575273222994
1142.3507080078125 0.7047664523124695 0.19571040570735931 7.157602893085972e-15 0.05203799221143619
1142.3607177734375 0.9902728796005249 0.22341012954711914 7.156593229812845e-15 0.05201674274545454
1142.3707275390625 1.1530601978302002 0.2379850596189499 7.15559203686919e-15 0.0519940250403717
1142.380615234375 0.8332116603851318 0.2112024575471878 7.15461117271627e-15 0.05197014678045314
1142.390625 0.9206743240356445 0.21909663081169128 7.153626073398613e-15 0.051944529278673664
1142.400634765625 1.172934651374817 0.24086551368236542 7.152649444410429e-15 0.05191746438900911
1142.4105224609375 0.8976691365242004 0.2174685299396515 7.151692297180032e-15 0.05188931076356324
1142.4205322265625 1.0978522300720215 0.2355932593345642 7.150732608850793e-15 0.05185938790204358
1142.4305419921875 1.0616676807403564 0.23245427012443542 7.149780543818079e-15 0.05182803834990204
1142.4404296875 1.1653352975845337 0.24182544648647308 7.148847960543152e-15 0.05179567680973873
1142.450439453125 0.9141338467597961 0.2203712910413742 7.147912836169383e-15 0.05176151097558381
1142.46044921875 0.848514974117279 0.213327094912529 7.146986182125087e-15 0.0517259404426294
1142.4703369140625 0.8826612830162048 0.2170936018228531 7.14607816280563e-15 0.051688969239524866
1142.4803466796875 1.0480958223342896 0.23219545185565948 7.145167602387332e-15 0.05165108165414031
1142.4903564453125 0.9634827971458435 0.2237882912158966 7.144265512298506e-15 0.051611352644887094
1142.500244140625 1.222240924835205 0.24608932435512543 7.143382903967467e-15 0.05157024872240879
1142.51025390625 0.9833905696868896 0.22691307961940765 7.142497754537586e-15 0.05152829761736479
1142.520263671875 1.1098345518112183 0.23808595538139343 7.141620228404231e-15 0.05148447832599641
1142.5301513671875 1.133392333984375 0.23922160267829895 7.140762184028662e-15 0.051439300148462604
1142.5401611328125 0.7351431250572205 0.2040286362171173 7.139902445587199e-15 0.0513933474607283
1142.5501708984375 1.1803017854690552 0.24418075382709503 7.139051177475209e-15 0.05134549502100731
1142.5601806640625 0.9521268010139465 0.22180387377738953 7.138207532659743e-15 0.051296311595165046
1142.570068359375 0.9384807348251343 0.222459077835083 7.137383369602065e-15 0.05124642328342443
1142.580078125 1.114549160003662 0.23860518634319305 7.136556665445545e-15 0.051194603332832524
1142.590087890625 1.3224873542785645 0.2542473375797272 7.135739278651444e-15 0.05114147793208773
1142.5999755859375 0.7752507328987122 0.2064432054758072 7.134939679549236e-15 0.051087713074623106
1142.6099853515625 0.8443945050239563 0.2113220989704132 7.134138386381134e-15 0.0510319983451689
1142.6199951171875 1.2535371780395508 0.24448885023593903 7.133346410575451e-15 0.050974989394771075
1142.6298828125 1.0520753860473633 0.22915151715278625 7.13257222246166e-15 0.05091741667341285
1142.639892578125 0.9909225106239319 0.2259899377822876 7.131797187314923e-15 0.05085786661486216
1142.64990234375 1.0788037776947021 0.23346969485282898 7.131030622497658e-15 0.050797045214857915
1142.6597900390625 0.8954942226409912 0.21516700088977814 7.130281845372285e-15 0.05073496335368631
1142.6697998046875 1.1461979150772095 0.23926515877246857 7.129533068246912e-15 0.05067240797919723
1142.6798095703125 1.0425662994384766 0.22748826444149017 7.128791914418064e-15 0.05060784452018208
1142.689697265625 0.7569925785064697 0.20074757933616638 7.12806854828111e-15 0.05054203655160241
1142.69970703125 0.9911432862281799 0.22156491875648499 7.127345182144154e-15 0.05047582882662938
1142.709716796875 1.0383788347244263 0.22678972780704498 7.126630286336672e-15 0.05040757896536265
1142.7196044921875 0.9763150215148926 0.2213689684867859 7.125933178221081e-15 0.050338117474871276
1142.7296142578125 0.8304954171180725 0.20884045958518982 7.125236070105491e-15 0.05026831712543697
1142.7396240234375 1.1378059387207031 0.233836367726326 7.124546585286426e-15 0.05019645855190975
1142.74951171875 1.038230538368225 0.22693243622779846 7.123874888159253e-15 0.05012341067509413
1142.759521484375 1.3281195163726807 0.24926669895648956 7.123204038065028e-15 0.05005008962081571
1142.76953125 1.0901834964752197 0.23073513805866241 7.122541658300275e-15 0.04997469059324818
1142.779541015625 0.8907086849212646 0.2134423553943634 7.121887748864995e-15 0.0498981201605454
1142.7894287109375 1.1549535989761353 0.23409482836723328 7.12125078008866e-15 0.04982134099998204
1142.7994384765625 1.4005275964736938 0.25542792677879333 7.120614658345271e-15 0.04974247139362374
1142.8094482421875 0.9925413131713867 0.2219218611717224 7.119987006931356e-15 0.04966245392358516
1142.8193359375 1.0286611318588257 0.22277145087718964 7.119376296176386e-15 0.049582295661585146
1142.829345703125 1.0443626642227173 0.22780188918113708 7.118766432454363e-15 0.049500025292571186
1142.83935546875 0.8320104479789734 0.2090030014514923 7.11816588609476e-15 0.04941663150284542
1142.8492431640625 1.471255898475647 0.25914615392684937 7.117580586328207e-15 0.049333164462265496
1142.8592529296875 0.9160877466201782 0.2158631682395935 7.116997827660496e-15 0.049247566815975426
1142.8692626953125 1.1973472833633423 0.2382211685180664 7.116423539322257e-15 0.04916086931169245
1142.879150390625 0.9050371646881104 0.21400730311870575 7.115865344610017e-15 0.049073084662294555
1142.88916015625 0.8149974942207336 0.20271262526512146 7.11530884396367e-15 0.04898530790992236
1142.899169921875 1.225092887878418 0.2374570369720459 7.114761660679744e-15 0.048895386516776516
1142.9090576171875 0.8561367392539978 0.20422782003879547 7.114229723988869e-15 0.04880439852393128
1142.9190673828125 0.7675067782402039 0.19898958504199982 7.113699481363887e-15 0.048713487411450214
1142.9290771484375 0.6807162165641785 0.18746919929981232 7.113179403134273e-15 0.04862041231625138
1142.93896484375 0.6761736869812012 0.1867537945508957 7.112673724464762e-15 0.04852630110569114
1142.948974609375 0.8409069776535034 0.2020256221294403 7.11217143392704e-15 0.048432333271693065
1142.958984375 1.0003241300582886 0.21475358307361603 7.111677613718791e-15 0.04833618779180415
1142.968994140625 1.1918606758117676 0.22984513640403748 7.111193110872962e-15 0.04823902698138731
1142.9788818359375 1.3629298210144043 0.24245454370975494 7.110723854620183e-15 0.04814206922323134
1142.9888916015625 0.8121911883354187 0.19943290948867798 7.110257139466246e-15 0.04804293243734581
1142.9989013671875 0.7030414342880249 0.1893056333065033 7.109799741674729e-15 0.047942807435067715
1143.0087890625 0.8131495118141174 0.1994834542274475 7.109357590476262e-15 0.047842949617755884
1143.018798828125 0.8673514723777771 0.20412132143974304 7.108917980376637e-15 0.04774090207762912
1143.02880859375 0.9764127731323242 0.21351948380470276 7.108488534672379e-15 0.04763789629719547
1143.0386962890625 1.0351141691207886 0.21805627644062042 7.108072641495277e-15 0.04753522009585104
1143.0487060546875 0.7644919157028198 0.1956532895565033 7.107660983482911e-15 0.04743034666080361
1143.0587158203125 0.848771870136261 0.20331977307796478 7.107257795800018e-15 0.04732454362123379
1143.068603515625 0.8522717952728271 0.20383727550506592 7.106869854710176e-15 0.04721782704694668
1143.07861328125 0.40564534068107605 0.1571616679430008 7.106485301752122e-15 0.0471115197461798
1143.088623046875 0.8529055118560791 0.2036055326461792 7.106110066156489e-15 0.04700301032954438
1143.0985107421875 0.7170804738998413 0.1917872428894043 7.105749230120958e-15 0.04689361305146577
1143.1085205078125 0.7734147310256958 0.19688285887241364 7.1053926292501644e-15 0.046784692104779195
1143.1185302734375 0.5234947204589844 0.1722564399242401 7.10504534574179e-15 0.04667356283329509
1143.12841796875 0.6056712865829468 0.18079058825969696 7.104711614760572e-15 0.04656158016358129
1143.138427734375 0.664018988609314 0.18645213544368744 7.104382542460564e-15 0.04645013011869234
1143.1484375 0.46580183506011963 0.16541753709316254 7.104063211039449e-15 0.046336476914986865
1143.158447265625 0.4635202884674072 0.1641070693731308 7.103753196980754e-15 0.046221996661522095
1143.1683349609375 0.5739495158195496 0.17678339779376984 7.1034558884162675e-15 0.0461081148350341
1143.1783447265625 0.4067061245441437 0.15796692669391632 7.103164509082412e-15 0.04599203236678219
1143.1883544921875 1.1281083822250366 0.22639505565166473 7.102882447110976e-15 0.045875155190801396
1143.1982421875 0.7402623295783997 0.19252155721187592 7.1026130906337494e-15 0.0457589415981466
1143.208251953125 0.7908305525779724 0.1974705159664154 7.102349663387153e-15 0.04564052116086697
1143.21826171875 0.7633584141731262 0.1952202022075653 7.102095553502977e-15 0.04552135052907535
1143.2281494140625 0.9809155464172363 0.21388252079486847 7.1018541491130096e-15 0.04540289302087922
1143.2381591796875 0.7586408257484436 0.19328467547893524 7.1016190974701465e-15 0.04528224745620506
1143.2481689453125 0.7319459915161133 0.19172021746635437 7.101393363189703e-15 0.04516087483363457
1143.258056640625 0.7866590023040771 0.1969071477651596 7.1011794873705215e-15 0.04503879141482738
1143.26806640625 0.920623779296875 0.20868417620658875 7.1009728113313915e-15 0.04491751090849619
1143.278076171875 0.7299478650093079 0.1917247474193573 7.100775452654681e-15 0.04479405081107842
1143.2879638671875 0.7857322692871094 0.19672615826129913 7.1005899524392325e-15 0.04466991069519452
1143.2979736328125 0.8368950486183167 0.20119579136371613 7.1004116520038355e-15 0.04454663662548457
1143.3079833984375 0.7028974890708923 0.1890726387500763 7.100242668930858e-15 0.04442119182654972
1143.31787109375 1.0288715362548828 0.21723715960979462 7.100085120802669e-15 0.04429510879104074
1143.327880859375 1.2514740228652954 0.2343563586473465 7.0999356194874786e-15 0.04416994812924259
1143.337890625 0.7871497869491577 0.197038933634758 7.099795435534708e-15 0.04404263458622801
1143.347900390625 1.0339643955230713 0.21796588599681854 7.099664568944357e-15 0.04391472074984275
1143.3577880859375 1.0854390859603882 0.22133196890354156 7.099545137298794e-15 0.043787788774418294
1143.3677978515625 0.9740886092185974 0.21286030113697052 7.0994337524662304e-15 0.043658715997271426
1143.3778076171875 1.3045105934143066 0.23816563189029694 7.09933210851256e-15 0.04352908691583917
1143.3876953125 1.083227515220642 0.22144950926303864 7.09924105247073e-15 0.043400498429427725
1143.397705078125 1.1378453969955444 0.22578296065330505 7.099158466758373e-15 0.04326978918001483
1143.40771484375 0.9227445721626282 0.20866894721984863 7.099085621924909e-15 0.04313855902281156
1143.4176025390625 1.2766783237457275 0.2360471487045288 7.099023365003286e-15 0.04300843491106744
1143.4276123046875 1.1939202547073364 0.23013491928577423 7.098970001927609e-15 0.042876210592081014
1143.4376220703125 1.004020094871521 0.21531768143177032 7.098926379730825e-15 0.042743511664491425
1143.447509765625 0.9487806558609009 0.21014322340488434 7.098892498412935e-15 0.04261034712720483
1143.45751953125 0.8965831398963928 0.205491304397583 7.098868357973938e-15 0.04247836200582138
1143.467529296875 1.1936938762664795 0.22935687005519867 7.098853534897361e-15 0.04234431566212647
1143.4774169921875 0.8369089365005493 0.2012072652578354 7.098848876216151e-15 0.042209845530607894
1143.4874267578125 1.056008219718933 0.2194514274597168 7.098853958413835e-15 0.04207661857252875
1143.4974365234375 0.7816603183746338 0.1959524154663086 7.098868781490412e-15 0.04194135466715344
1143.50732421875 0.9179027080535889 0.2080526351928711 7.0988929219294086e-15 0.04180571737103931
1143.517333984375 1.024727463722229 0.21640755236148834 7.098927226763772e-15 0.04167137539211184
1143.52734375 1.0813006162643433 0.22117848694324493 7.098971695993503e-15 0.041535028767799895
1143.5372314453125 1.2170825004577637 0.23146450519561768 7.09902505906918e-15 0.041398357737787383
1143.5472412109375 0.9731708765029907 0.21263596415519714 7.099089010056698e-15 0.0412630368569156
1143.5572509765625 1.2771897315979004 0.23529556393623352 7.099162701923109e-15 0.04112574815187027
1143.5672607421875 1.2443643808364868 0.23339490592479706 7.099246558184887e-15 0.04098817705762475
1143.5771484375 0.9721369743347168 0.2124931514263153 7.099338884776138e-15 0.0408520174395257
1143.587158203125 1.3554847240447998 0.24140268564224243 7.0994426463121766e-15 0.04071393009556011
1143.59716796875 1.275427222251892 0.2356799691915512 7.099556148727109e-15 0.04057560310935014
1143.6070556640625 1.1053351163864136 0.2226582169532776 7.09967769795504e-15 0.04043874853617592
1143.6170654296875 1.0267629623413086 0.21670226752758026 7.099811105644232e-15 0.040300006436137265
1143.6270751953125 1.0238332748413086 0.2162184715270996 7.099954677728792e-15 0.04016107441982036
1143.636962890625 1.1078354120254517 0.22300836443901062 7.10010629662635e-15 0.040023664368719465
1143.64697265625 0.9962231516838074 0.21409761905670166 7.100269350468697e-15 0.03988441343097834
1143.656982421875 0.6425485014915466 0.18233439326286316 7.100442992222884e-15 0.03974502294803502
1143.6668701171875 0.8348154425621033 0.19998225569725037 7.100624257273596e-15 0.03960551512814726
1143.6768798828125 1.238930583000183 0.23231931030750275 7.10081738078557e-15 0.03946760711868832
1143.6868896484375 1.2181586027145386 0.23133514821529388 7.101021092209385e-15 0.03932791273621031
1143.69677734375 1.0525974035263062 0.2185366451740265 7.101232003413251e-15 0.03918815346377228
1143.706787109375 0.9678248167037964 0.211546391248703 7.1014556201113264e-15 0.03905005024371255
1143.716796875 1.190238356590271 0.22911696135997772 7.101689401204769e-15 0.038910208416865634
1143.7266845703125 0.8052965402603149 0.19774818420410156 7.1019303820782625e-15 0.03877034939098829
1143.7366943359375 0.9190861582756042 0.2076069563627243 7.102184491962439e-15 0.03863220463546871
1143.7467041015625 1.081948161125183 0.22009895741939545 7.102448766241982e-15 0.03849237625396103
1143.7567138671875 1.0826568603515625 0.2208181768655777 7.1027232049168925e-15 0.038352584561000796
1143.7666015625 0.8378939628601074 0.20051290094852448 7.103003996338907e-15 0.03821455944265358
1143.776611328125 1.0503708124160767 0.21793372929096222 7.103298763804552e-15 0.03807490818437741
1143.78662109375 1.077521800994873 0.21987579762935638 7.103603695665563e-15 0.03793534459177126
1143.7965087890625 0.8353190422058105 0.20022541284561157 7.103914980273679e-15 0.03779759966379453
1143.8065185546875 1.1849313974380493 0.2284204512834549 7.1042406644418986e-15 0.03765828609006538
1143.8165283203125 0.971546471118927 0.21155259013175964 7.104576089489011e-15 0.03751911960837917
1143.826416015625 1.1018775701522827 0.22164931893348694 7.1049178672832284e-15 0.037381821048195985
1143.83642578125 0.7747305631637573 0.19333314895629883 7.105274044637549e-15 0.037243013749944896
1143.846435546875 0.9676895141601562 0.21139667928218842 7.10564080990371e-15 0.03710441205697204
1143.8563232421875 0.6427497267723083 0.1822410523891449 7.106012657367555e-15 0.03696604112822582
1143.8663330078125 0.7783041000366211 0.19491736590862274 7.10639975142445e-15 0.036829595622243395
1143.8763427734375 0.7231222987174988 0.1900249719619751 7.106797009876712e-15 0.03669172785471738
1143.88623046875 0.6412336826324463 0.18173088133335114 7.107200197559605e-15 0.036554142738017076
1143.896240234375 0.5352113842964172 0.1705608069896698 7.107617784802601e-15 0.0364185353457662
1143.90625 0.5865020751953125 0.1764518767595291 7.108046383473912e-15 0.036281574525863364
1143.9161376953125 0.6420179009437561 0.1820329874753952 7.108480064342906e-15 0.03614495116605445
1143.9261474609375 0.4798944890499115 0.16452719271183014 7.108929838837898e-15 0.03601035243019063
1143.9361572265625 0.7804908752441406 0.19492028653621674 7.10938893069531e-15 0.03587446240049738
1143.9461669921875 0.34351813793182373 0.1469791680574417 7.109859881013984e-15 0.035738979459420166
1143.9560546875 0.3450508415699005 0.14791333675384521 7.110334219464446e-15 0.035605553935875375
1143.966064453125 0.39766523241996765 0.1551840901374817 7.110825498573854e-15 0.03547091600902773
1143.97607421875 0.7512931823730469 0.19246038794517517 7.111326942078628e-15 0.03533673760456255
1143.9859619140625 0.640293300151825 0.1817655712366104 7.111832620748139e-15 0.035204659057268224
1143.9959716796875 0.6133845448493958 0.17871947586536407 7.112355240076595e-15 0.03507144235445435
1144.0059814453125 0.6950040459632874 0.18714682757854462 7.112888023800418e-15 0.03493873959928574
1144.015869140625 0.31762659549713135 0.143720805644989 7.113425042688977e-15 0.03480818089580518
1144.02587890625 0.3437119722366333 0.1476900726556778 7.113979849269429e-15 0.034676552715781274
1144.035888671875 0.6123989820480347 0.1787644475698471 7.1145439732123e-15 0.03454550264339585
1144.0457763671875 0.7217885255813599 0.18950267136096954 7.115112332319908e-15 0.03441503848858683
1144.0557861328125 0.8555516600608826 0.20125512778759003 7.115698479119408e-15 0.03428676183685214
1144.0657958984375 0.47776034474372864 0.16437213122844696 7.116294790314275e-15 0.034157524982654654
1144.07568359375 1.1266072988510132 0.22331419587135315 7.11689448964093e-15 0.03402893621376819
1144.085693359375 0.8034083843231201 0.19688081741333008 7.117511976659479e-15 0.033902563039487646
1144.095703125 0.858424723148346 0.20150762796401978 7.118140475106342e-15 0.03377531081933218
1144.1055908203125 0.8045103549957275 0.1968938410282135 7.118772361684993e-15 0.0336487566787793
1144.1156005859375 0.7206581830978394 0.18921063840389252 7.119422035955537e-15 0.033524448934293474
1144.1256103515625 0.7212608456611633 0.18932528793811798 7.120081874621449e-15 0.03339934029238122
1144.1356201171875 0.8838579058647156 0.20368723571300507 7.120753571748621e-15 0.03327498494002091
1144.1455078125 0.8822254538536072 0.2024841457605362 7.121426962941688e-15 0.033152900207527404
1144.155517578125 1.1585350036621094 0.22534364461898804 7.122118988859595e-15 0.033030093627193224
1144.16552734375 0.9631727933883667 0.21045005321502686 7.122822873238763e-15 0.032908089007091496
1144.1754150390625 0.9882233738899231 0.21216650307178497 7.123528451683826e-15 0.0327883779827267
1144.1854248046875 1.207162618637085 0.2288203239440918 7.124252664853729e-15 0.03266802147994775
1144.1954345703125 1.3685381412506104 0.24077557027339935 7.124988736484893e-15 0.032548518104855435
1144.205322265625 0.9391863942146301 0.2082190066576004 7.125725655149004e-15 0.03243132447426948
1144.21533203125 0.9087269902229309 0.2049683779478073 7.12648290260385e-15 0.032313565842543863
1144.225341796875 1.0738370418548584 0.2189946472644806 7.127251161487009e-15 0.03219670468172842
1144.2352294921875 0.8822999000549316 0.20349958539009094 7.128021114436063e-15 0.032080760803425645
1144.2452392578125 1.0709986686706543 0.21785616874694824 7.128810549142904e-15 0.0319671435855394
1144.2552490234375 1.2888208627700806 0.235012948513031 7.129611842311007e-15 0.03185305918618695
1144.26513671875 1.0740021467208862 0.21880538761615753 7.130413135479109e-15 0.031739932329665974
1144.275146484375 0.9083666801452637 0.2055773138999939 7.131235604470893e-15 0.031629136908848256
1144.28515625 1.018439531326294 0.2140762060880661 7.132069084890991e-15 0.03151795229166429
1144.2950439453125 0.906423807144165 0.20509254932403564 7.132903412344037e-15 0.03140776196824547
1144.3050537109375 0.9924240708351135 0.21209780871868134 7.133758068587816e-15 0.031299910717086016
1144.3150634765625 0.9868314266204834 0.2118813395500183 7.134624583292858e-15 0.03119173796532575
1144.324951171875 1.0676534175872803 0.21737708151340485 7.135491097997899e-15 0.031084596497058897
1144.3349609375 0.9359840750694275 0.2076617181301117 7.136379635559569e-15 0.030979788066072617
1144.344970703125 0.8271796107292175 0.1983182430267334 7.137278337516605e-15 0.030874727447058645
1144.35498046875 1.1238980293273926 0.22242702543735504 7.138188897934904e-15 0.030770732669208274
1144.3648681640625 1.0397063493728638 0.2159547358751297 7.139098611320255e-15 0.03066905542655327
1144.3748779296875 1.0142463445663452 0.21397000551223755 7.140031194595182e-15 0.030567195899533786
1144.3848876953125 0.7463250160217285 0.19003187119960785 7.140974789298423e-15 0.030466432036972694
1144.394775390625 0.9579450488090515 0.20907507836818695 7.141917536968717e-15 0.03036796624780013
1144.40478515625 0.7980733513832092 0.19513389468193054 7.142883154528587e-15 0.030269382510921195
1144.414794921875 0.9059683680534363 0.20499160885810852 7.143859783516771e-15 0.030171905971078956
1144.4246826171875 0.7963448762893677 0.195227712392807 7.144835565472008e-15 0.030076718684095324
1144.4346923828125 1.1449062824249268 0.22376419603824615 7.145834217316821e-15 0.029981466321101373
1144.4447021484375 0.9840373396873474 0.21064448356628418 7.146844727622895e-15 0.029887340298157854
1144.45458984375 1.0089783668518066 0.212678000330925 7.147853543863075e-15 0.02979434516907529
1144.464599609375 0.7980248928070068 0.19526641070842743 7.148885229992831e-15 0.029703591546261832
1144.474609375 1.1986849308013916 0.2274511754512787 7.149928774583848e-15 0.029612851577754645
1144.4844970703125 1.0108728408813477 0.2132757157087326 7.150971472141918e-15 0.02952324629181341
1144.4945068359375 0.8506162166595459 0.20005473494529724 7.152037039589564e-15 0.029435852963158024
1144.5045166015625 0.6063105463981628 0.17643560469150543 7.153114465498472e-15 0.029348510591179357
1144.514404296875 0.8740954995155334 0.20147313177585602 7.154189350308537e-15 0.02926231409861071
1144.5244140625 1.008053183555603 0.21266427636146545 7.15528964610702e-15 0.029178280638716796
1144.534423828125 0.5250883102416992 0.16599944233894348 7.156400106300871e-15 0.029094340570066143
1144.54443359375 1.1912697553634644 0.22576266527175903 7.157522424955983e-15 0.029011536742975314
1144.5543212890625 0.7675087451934814 0.19184575974941254 7.158642202512253e-15 0.02893085314783859
1144.5643310546875 0.9522148370742798 0.20792357623577118 7.159787391056941e-15 0.0288502982270892
1144.5743408203125 1.1149210929870605 0.2210882008075714 7.160943591029943e-15 0.028770863554954937
1144.584228515625 0.8700227737426758 0.20069164037704468 7.162097249904104e-15 0.028693498538797674
1144.59423828125 0.9040886163711548 0.20398418605327606 7.163276319766682e-15 0.02861628292823741
1144.604248046875 0.9811139106750488 0.21039892733097076 7.164466401057574e-15 0.02854017565503845
1144.6141357421875 1.0060466527938843 0.21227788925170898 7.165653941249624e-15 0.0284660750163065
1144.6241455078125 0.7105435729026794 0.18653762340545654 7.166866892430093e-15 0.02839214324197981
1144.6341552734375 0.795349657535553 0.19442670047283173 7.168091702071822e-15 0.02831929565499844
1144.64404296875 0.8455084562301636 0.19881092011928558 7.169312276548816e-15 0.028247517762373036
1144.654052734375 0.7658395171165466 0.1916092038154602 7.170559956080121e-15 0.028177660587757475
1144.6640625 1.061079740524292 0.2166314721107483 7.171818647039741e-15 0.028107983291730927
1144.6739501953125 0.7645300626754761 0.19166411459445953 7.173073949867572e-15 0.028039346971870924
1144.6839599609375 0.7150769829750061 0.18623314797878265 7.174355510716768e-15 0.027972554101128977
1144.6939697265625 1.036771297454834 0.2143711894750595 7.175648930027225e-15 0.027905942942527222
1144.703857421875 0.6322876811027527 0.178871750831604 7.176938114172946e-15 0.027840331851796803
1144.7138671875 0.9772975444793701 0.20968429744243622 7.17825440337298e-15 0.02777648946161281
1144.723876953125 1.0387163162231445 0.21377219259738922 7.179582551034274e-15 0.027712820148101044
1144.73388671875 0.5240506529808044 0.16764813661575317 7.180921710123883e-15 0.027650101771004923
1144.7437744140625 0.5817171931266785 0.1717921942472458 7.182256634048756e-15 0.02758906859234537
1144.7537841796875 0.5260865092277527 0.16740596294403076 7.183619510060888e-15 0.0275281944983761
1144.7637939453125 0.7652875781059265 0.19139651954174042 7.184993397501335e-15 0.027468218422054647
1144.773681640625 0.4991717040538788 0.1645565927028656 7.186363049777045e-15 0.02740983868325674
1144.78369140625 0.49678805470466614 0.16390062868595123 7.187760654140014e-15 0.027351596678380465
1144.793701171875 0.4169922173023224 0.15538080036640167 7.189170116964246e-15 0.027294192664429052
1144.8035888671875 0.33910056948661804 0.14509886503219604 7.190573650557846e-15 0.02723829460882007
1144.8135986328125 0.4187886416912079 0.1552649885416031 7.192005983271653e-15 0.027182499327538315
1144.8236083984375 0.28416362404823303 0.1377168446779251 7.193450174446721e-15 0.02712748061484279
1144.83349609375 0.2844510078430176 0.13773520290851593 7.19488843639116e-15 0.027073218257726028
1144.843505859375 0.33827710151672363 0.1452743113040924 7.196356344488751e-15 0.027020329898708527
1144.853515625 0.2043125331401825 0.12522107362747192 7.197835264014657e-15 0.02696749835842943
1144.8634033203125 0.2566516399383545 0.1338101327419281 7.199308254309932e-15 0.02691534208166374
1144.8734130859375 0.3356665074825287 0.144310861825943 7.200810890758361e-15 0.026864467050452465
1144.8834228515625 0.4431542158126831 0.15781456232070923 7.202326232701e-15 0.026813592674187207
1144.893310546875 0.2811594605445862 0.13570533692836761 7.203833951347112e-15 0.026763324792511676
1144.9033203125 0.3613233268260956 0.14776115119457245 7.205372163179326e-15 0.02671423957382269
1144.913330078125 0.5749298334121704 0.17232802510261536 7.206922233472801e-15 0.02666509581360027
1144.92333984375 0.3876984715461731 0.15068726241588593 7.208484162227538e-15 0.026616479920937946
1144.9332275390625 0.6020138263702393 0.17513880133628845 7.21003846768575e-15 0.02656894342315331
1144.9432373046875 0.6024810671806335 0.1752617061138153 7.21162411336301e-15 0.02652129016482531
1144.9532470703125 0.6291489005088806 0.1777464896440506 7.213221617501531e-15 0.026474077378018997
1144.963134765625 0.6015397906303406 0.174726203083992 7.214811498343528e-15 0.026427845521993492
1144.97314453125 0.5459526777267456 0.1681974232196808 7.21643356643752e-15 0.02638142916435383
1144.983154296875 0.7344850301742554 0.18768219649791718 7.218066645959826e-15 0.026335361448380865
1144.9930419921875 0.8638142943382263 0.19927769899368286 7.21969125515266e-15 0.026290181718130985
1145.0030517578125 0.83524489402771 0.19633853435516357 7.221348898630436e-15 0.026244737383014506
1145.0130615234375 0.9170600771903992 0.20352692902088165 7.223017553536527e-15 0.02619955989813466
1145.02294921875 0.9413284659385681 0.20534168183803558 7.224678585146093e-15 0.026154619643982142
1145.032958984375 0.8880505561828613 0.2010580450296402 7.226370956974707e-15 0.026110428693186107
1145.04296875 0.7833918333053589 0.19168855249881744 7.22807603429753e-15 0.02606586756832871
1145.0528564453125 1.0467214584350586 0.21387185156345367 7.22977264129088e-15 0.026021453019765592
1145.0628662109375 1.1300007104873657 0.22019751369953156 7.231501435536226e-15 0.02597769497369221
1145.0728759765625 0.943218469619751 0.20531152188777924 7.233242935275781e-15 0.025933482130583184
1145.082763671875 0.9937999248504639 0.20962263643741608 7.234974270619969e-15 0.025889324481571798
1145.0927734375 1.0486536026000977 0.21383096277713776 7.236739487282047e-15 0.025845728530463356
1145.102783203125 0.9630166888237 0.20605508983135223 7.238517409438334e-15 0.025801588124784346
1145.1126708984375 1.1007124185562134 0.21739795804023743 7.240285167199254e-15 0.025757414008427352
1145.1226806640625 0.9131917357444763 0.20242063701152802 7.242086806278063e-15 0.025713714723985585
1145.1326904296875 0.8357547521591187 0.19545039534568787 7.243900303818135e-15 0.025669382725157338
1145.1427001953125 0.8081228137016296 0.1938963681459427 7.245726506852415e-15 0.025624922189650748
1145.152587890625 0.8110223412513733 0.19397848844528198 7.247541698458381e-15 0.025580854381158032
1145.16259765625 1.180396318435669 0.22349610924720764 7.249391618415185e-15 0.02553605599907695
1145.172607421875 0.912340521812439 0.20264235138893127 7.251254243866197e-15 0.025491048980915205
1145.1824951171875 0.8328012228012085 0.19575756788253784 7.253105857888895e-15 0.025446350950313834
1145.1925048828125 1.1481379270553589 0.22103647887706757 7.254993047295377e-15 0.025400835246448872
1145.2025146484375 0.9670934677124023 0.20691870152950287 7.256892095163121e-15 0.02535502060457776
1145.21240234375 0.7019166350364685 0.18392397463321686 7.258780131602551e-15 0.02530944193650064
1145.222412109375 1.3623334169387817 0.23618550598621368 7.260703743425766e-15 0.02526295068125328
1145.232421875 0.9667401313781738 0.20547863841056824 7.262639213710242e-15 0.025216080063468035
1145.2423095703125 0.8105711936950684 0.19328579306602478 7.264563672566404e-15 0.025168803268538962
1145.2523193359375 0.7824433445930481 0.19099503755569458 7.266524553839297e-15 0.02512167946499248
1145.2623291015625 0.9909871816635132 0.20873333513736725 7.268497293573453e-15 0.02507352022182423
1145.272216796875 0.9348389506340027 0.20370246469974518 7.270458174846346e-15 0.025024875160489377
1145.2822265625 1.0406005382537842 0.212413489818573 7.272455478535972e-15 0.024976328152889474
1145.292236328125 1.0707571506500244 0.21470023691654205 7.274465487719806e-15 0.02492665626517834
1145.3021240234375 1.06667959690094 0.2141636461019516 7.276462791409432e-15 0.024876429786659368
1145.3121337890625 1.0166997909545898 0.21053555607795715 7.278497364548737e-15 0.024826252705755582
1145.3221435546875 1.0399913787841797 0.21191416680812836 7.28054464318225e-15 0.024774865493221908
1145.3321533203125 1.013238787651062 0.21010743081569672 7.282603780277026e-15 0.02472285972257239
1145.342041015625 1.114820122718811 0.21705548465251923 7.284650211877592e-15 0.024670862897836952
1145.35205078125 1.3017092943191528 0.23131604492664337 7.286734759960785e-15 0.02461757397450232
1145.362060546875 1.243978500366211 0.22673575580120087 7.28883116650524e-15 0.02456361250489896
1145.3719482421875 0.8557221293449402 0.19696761667728424 7.290914867555485e-15 0.02450962910630808
1145.3819580078125 1.0367422103881836 0.21169538795948029 7.293036685088357e-15 0.024454279230247823
1145.3919677734375 1.034471869468689 0.21089236438274384 7.29517036108249e-15 0.02439820647860885
1145.40185546875 0.9847244024276733 0.20753701031208038 7.297291331582415e-15 0.024342092509557097
1145.411865234375 1.220085859298706 0.22492946684360504 7.299450418564966e-15 0.024284542741032436
1145.421875 0.9823227524757385 0.20665867626667023 7.301622211041726e-15 0.024226230504602167
1145.4317626953125 1.0898141860961914 0.21552856266498566 7.303779603958383e-15 0.024167145148825172
1145.4417724609375 0.9835265278816223 0.20726686716079712 7.30597680742356e-15 0.024108016431347096
1145.4517822265625 1.0367662906646729 0.21126240491867065 7.308186716382947e-15 0.024047365909740034
1145.461669921875 1.109484076499939 0.2164047360420227 7.310381378749283e-15 0.023985917818203285
1145.4716796875 0.9309083819389343 0.20287634432315826 7.31261585166414e-15 0.02392443283322093
1145.481689453125 1.0046576261520386 0.2083248347043991 7.314863877106153e-15 0.02386138049927545
1145.4915771484375 0.8766875267028809 0.19760435819625854 7.317095808922168e-15 0.023797517738281586
1145.5015869140625 1.3962206840515137 0.2369750291109085 7.319368398319651e-15 0.023733631679044822
1145.5115966796875 0.9564680457115173 0.20465116202831268 7.321653693211343e-15 0.02366814630880093
1145.5216064453125 0.9488698840141296 0.2027895599603653 7.323951693597244e-15 0.023601846898165232
1145.531494140625 1.1113821268081665 0.21615029871463776 7.326234447390095e-15 0.023535556983423026
1145.54150390625 1.0321646928787231 0.21059469878673553 7.328557858764413e-15 0.023467647670615332
1145.551513671875 1.1125444173812866 0.21616528928279877 7.33089397563294e-15 0.02339893122446289
1145.5614013671875 1.133165717124939 0.21805007755756378 7.333214845908417e-15 0.02333027707190883
1145.5714111328125 0.9259363412857056 0.20185349881649017 7.335576373765362e-15 0.023259988473467226
1145.5814208984375 1.1352583169937134 0.21808260679244995 7.337950607116516e-15 0.023188926044255702
1145.59130859375 1.1069778203964233 0.2155340611934662 7.340308746841672e-15 0.023117981301228923
1145.601318359375 0.9278041124343872 0.20161962509155273 7.34270923821419e-15 0.02304541730575329
1145.611328125 1.0019556283950806 0.20776702463626862 7.345122435080918e-15 0.022972119364966757
1145.6212158203125 1.0554261207580566 0.21174851059913635 7.347517844255753e-15 0.022898104339695014
1145.6312255859375 0.9248151183128357 0.2013411670923233 7.349956452110899e-15 0.022824313735938045
1145.6412353515625 1.109768033027649 0.21554264426231384 7.352407765460253e-15 0.022748941480945396
1145.651123046875 1.1772727966308594 0.22007641196250916 7.354842138150661e-15 0.02267292066851456
1145.6611328125 1.0292612314224243 0.20952969789505005 7.35731970952138e-15 0.02259722172055254
1145.671142578125 0.9255833625793457 0.20108327269554138 7.359809986386308e-15 0.022519995369059173
1145.6810302734375 1.0278964042663574 0.20937423408031464 7.362282475559343e-15 0.02244220673333987
1145.6910400390625 0.9716982245445251 0.20483720302581787 7.364798163412688e-15 0.0223648538614298
1145.7010498046875 0.9737766981124878 0.20513348281383514 7.36732740379319e-15 0.022286053091043895
1145.7110595703125 1.1263608932495117 0.216700941324234 7.369868502634953e-15 0.022206799072039766
1145.720947265625 1.0514063835144043 0.21100090444087982 7.37239266081777e-15 0.02212810677420787
1145.73095703125 1.0237423181533813 0.20875714719295502 7.374960017680898e-15 0.022048075655354216
1145.740966796875 0.9479102492332458 0.2024809718132019 7.377540927071182e-15 0.021967717378644235
1145.7508544921875 0.9470006823539734 0.2019324153661728 7.380103201736626e-15 0.021888068632779138
1145.7608642578125 1.0497056245803833 0.21056219935417175 7.382710369148275e-15 0.02180721448163732
1145.7708740234375 0.9172293543815613 0.19958537817001343 7.385330242054133e-15 0.021726191923130782
1145.78076171875 0.9948145747184753 0.20623354613780975 7.38793148023515e-15 0.021646047829756956
1145.790771484375 0.9194371700286865 0.20019429922103882 7.390577611162373e-15 0.021564855020505147
1145.80078125 1.024820327758789 0.20829840004444122 7.393236447583804e-15 0.021483672590161075
1145.8106689453125 1.1762847900390625 0.21926969289779663 7.395875802247449e-15 0.02140256688043847
1145.8206787109375 0.9199919104576111 0.19947221875190735 7.398561743723192e-15 0.021322589512824976
1145.8306884765625 0.9418760538101196 0.20128679275512695 7.401259543660197e-15 0.021241843592236624
1145.840576171875 0.9935083389282227 0.20586973428726196 7.403938708872362e-15 0.021161384636876276
1145.8505859375 0.9681293368339539 0.2038118988275528 7.40666361386368e-15 0.021082268110760794
1145.860595703125 0.9439534544944763 0.2017422318458557 7.409401224349205e-15 0.021002618283584643
1145.8704833984375 0.8391568660736084 0.19287970662117004 7.412119353076944e-15 0.020923503593814896
1145.8804931640625 0.7853191494941711 0.1880621761083603 7.414883221583835e-15 0.020845966121436774
1145.8905029296875 1.0628303289413452 0.2101190686225891 7.417660642617882e-15 0.02076817783678919
1145.900390625 0.9654644727706909 0.2032768577337265 7.420417734861195e-15 0.020691200597381422
1145.910400390625 1.0632058382034302 0.2104511559009552 7.423221413916607e-15 0.02061604493239602
1145.92041015625 0.9390391111373901 0.20099924504756927 7.426038645499174e-15 0.0205409605411603
1145.930419921875 0.9380935430526733 0.20085325837135315 7.428869429608898e-15 0.020466984590833657
1145.9403076171875 0.7865281105041504 0.18787886202335358 7.43167903789494e-15 0.020395103671698438
1145.9503173828125 1.194960594177246 0.21952253580093384 7.43453608002603e-15 0.020323655955639997
1145.9603271484375 0.9608523845672607 0.20242872834205627 7.437406674684274e-15 0.02025364537407675
1145.97021484375 0.9653732776641846 0.20237255096435547 7.44025524648589e-15 0.0201860228394195
1145.980224609375 1.0899553298950195 0.2123260200023651 7.4431520991655e-15 0.020119226824050138
1145.990234375 1.114729881286621 0.21381771564483643 7.446063351405213e-15 0.02005422748658516
1146.0001220703125 0.9322285652160645 0.1995881050825119 7.44895173375535e-15 0.019991917869392698
1146.0101318359375 0.9088528752326965 0.19805879890918732 7.451888396983481e-15 0.019930876079708868
1146.0201416015625 1.0103236436843872 0.20582273602485657 7.454839459771715e-15 0.01987202085292657
1146.030029296875 0.9097601771354675 0.1977659910917282 7.457767652670373e-15 0.01981548228311366
1146.0400390625 1.1900110244750977 0.21941828727722168 7.460744973479972e-15 0.01976204414949277
1146.050048828125 0.8053276538848877 0.18856127560138702 7.463735846816727e-15 0.019710524179287182
1146.0599365234375 1.007790446281433 0.2055898904800415 7.466703850263906e-15 0.019661737655185384
1146.0699462890625 0.802733302116394 0.187599778175354 7.469721828654973e-15 0.01961636822128808
1146.0799560546875 1.3390483856201172 0.22947855293750763 7.472753359573196e-15 0.019573438936370948
1146.08984375 1.1122322082519531 0.21274206042289734 7.475761173568896e-15 0.019533677599170306
1146.099853515625 0.9810168147087097 0.20228587090969086 7.478819809541432e-15 0.01949764947127513
1146.10986328125 0.854149341583252 0.19219523668289185 7.481891151008176e-15 0.019464613805937288
1146.119873046875 1.1111596822738647 0.21255351603031158 7.484976892035023e-15 0.01943517874983625
1146.1297607421875 0.980997622013092 0.20305517315864563 7.4880380691064e-15 0.019409790164490754
1146.1397705078125 0.5981485247612 0.16883991658687592 7.49115091518756e-15 0.019387963021417154
1146.1497802734375 0.9810508489608765 0.2026631385087967 7.494277313795875e-15 0.019370182285883282
1146.15966796875 1.3848501443862915 0.23177561163902283 7.49737914844872e-15 0.01935673484443175
1146.169677734375 0.9800542593002319 0.2023451179265976 7.500532652111348e-15 0.01934743329572367
1146.1796875 1.1039326190948486 0.21218129992485046 7.503699708301132e-15 0.019342613695237054
1146.1895751953125 0.8766853213310242 0.19357967376708984 7.506841353502498e-15 0.01934238800007075
1146.1995849609375 0.9016629457473755 0.1962479203939438 7.510035514746594e-15 0.019346893100383247
1146.2095947265625 0.9522303938865662 0.20027180016040802 7.513244075550794e-15 0.019356300439190923
1146.219482421875 0.9501030445098877 0.19996748864650726 7.516426378333628e-15 0.019370735341212423
1146.2294921875 0.9236865639686584 0.19726146757602692 7.51966204419214e-15 0.019390061213397026
1146.239501953125 1.252425193786621 0.2224399596452713 7.522911262577807e-15 0.019414880494954326
1146.2493896484375 0.923655092716217 0.19759981334209442 7.52613422294211e-15 0.01944510866753771
1146.2593994140625 1.02729070186615 0.20570625364780426 7.529410546382089e-15 0.019480391955581614
1146.2694091796875 1.0510798692703247 0.20755650103092194 7.532701269382172e-15 0.01952171380506279
1146.279296875 0.9494567513465881 0.1994609534740448 7.535964887327943e-15 0.019568776728465676
1146.289306640625 0.9466233253479004 0.199024960398674 7.539283562415285e-15 0.019621007256647078
1146.29931640625 1.021994709968567 0.20482739806175232 7.542614942996836e-15 0.019679785552412562
1146.309326171875 1.3247898817062378 0.2268250733613968 7.545960723138491e-15 0.01974458800783028
1146.3192138671875 1.0932374000549316 0.21009692549705505 7.549279398225833e-15 0.019814597742960162
1146.3292236328125 1.0460872650146484 0.206802636384964 7.5526522834218e-15 0.01989162042619813
1146.3392333984375 1.2714262008666992 0.22303606569766998 7.55603956817787e-15 0.019974899470043574
1146.34912109375 1.066230058670044 0.20772571861743927 7.559399747879628e-15 0.020063363429739658
1146.359130859375 0.5916112065315247 0.16734085977077484 7.56281413769001e-15 0.020159248314374136
1146.369140625 0.7672061324119568 0.18351949751377106 7.566242927060495e-15 0.020261554257482214
1146.3790283203125 1.0153530836105347 0.20392651855945587 7.569643764343721e-15 0.020368946860434767
1146.3890380859375 0.9167985320091248 0.19623029232025146 7.573100505801466e-15 0.020484121134953025
1146.3990478515625 0.6924710273742676 0.17651595175266266 7.576570799786367e-15 0.020605819726676685
1146.408935546875 0.9924061298370361 0.20201976597309113 7.580013141684008e-15 0.020734053006442467
1146.4189453125 1.0662298202514648 0.2077273428440094 7.583511387756169e-15 0.020867149603095058
1146.428955078125 0.9147561192512512 0.19557762145996094 7.58702488042138e-15 0.021008398724245467
1146.4388427734375 1.014749526977539 0.20366276800632477 7.590507879900489e-15 0.02115620154912047
1146.4488525390625 0.9638589024543762 0.1996159851551056 7.594048477620012e-15 0.021308622145229817
1146.4588623046875 0.8618781566619873 0.1910543441772461 7.597603474899638e-15 0.021469425020056596
1146.46875 0.9394360184669495 0.19734551012516022 7.601127978993164e-15 0.021636733877827732
1146.478759765625 0.9870314002037048 0.20125482976436615 7.604710928360049e-15 0.021808364551277274
1146.48876953125 0.93824303150177 0.19655829668045044 7.608307430254091e-15 0.021988520203383873
1146.4986572265625 0.6628443598747253 0.17308646440505981 7.611874285994979e-15 0.022175097219860457
1146.5086669921875 1.135596513748169 0.21214015781879425 7.615499587009227e-15 0.022365633946903496
1146.5186767578125 0.9094589948654175 0.1945979744195938 7.619138440550632e-15 0.022564808064668807
1146.5286865234375 0.8608601689338684 0.19073407351970673 7.62279169365214e-15 0.02277025815908198
1146.53857421875 1.1070646047592163 0.20978862047195435 7.626414453567546e-15 0.02297930247835366
1146.548583984375 1.006194829940796 0.2019519805908203 7.630095658756313e-15 0.02319703024228994
1146.55859375 0.9607990980148315 0.19830240309238434 7.633792110538131e-15 0.023420855869465993
1146.5684814453125 1.0792409181594849 0.2074614316225052 7.637456375067953e-15 0.0236478425948966
1146.5784912109375 1.0034478902816772 0.20138610899448395 7.64118077893703e-15 0.02388356191524371
1146.5885009765625 1.1260823011398315 0.21022436022758484 7.644918735333264e-15 0.02412514360024965
1146.598388671875 1.0538527965545654 0.20527945458889008 7.648625351510448e-15 0.024372517989978772
1146.6083984375 0.9931462407112122 0.20164790749549866 7.652392107026888e-15 0.02462249641433322
1146.618408203125 1.001074194908142 0.20282453298568726 7.656173262103431e-15 0.024881157834396078
1146.6282958984375 0.8576929569244385 0.19120922684669495 7.659922229927979e-15 0.0251453661101786
1146.6383056640625 0.856278657913208 0.193990096449852 7.663732184124729e-15 0.02541173519004733
1146.6483154296875 1.1716434955596924 0.22112421691417694 7.667555690848635e-15 0.025686745727410334
1146.658203125 1.201568365097046 0.22175189852714539 7.671347010320545e-15 0.02596704356907784
1146.668212890625 0.989335298538208 0.20742447674274445 7.675199316164658e-15 0.026249047136419373
1146.67822265625 1.1447471380233765 0.22310690581798553 7.67906686860182e-15 0.02653961586316242
1146.6881103515625 1.1349542140960693 0.22183309495449066 7.682900539721094e-15 0.026835229682079288
1146.6981201171875 0.859355092048645 0.19942598044872284 7.686796044245516e-15 0.027132072502562273
1146.7081298828125 0.9356657862663269 0.20541983842849731 7.690705948330042e-15 0.02743742667272766
1146.7181396484375 1.0714515447616577 0.21854841709136963 7.694631099007618e-15 0.027747543543891896
1146.72802734375 1.0530555248260498 0.21796612441539764 7.698521521334357e-15 0.028058442840875785
1146.738037109375 1.1472980976104736 0.2240380197763443 7.702474624099193e-15 0.028377751397003336
1146.748046875 1.1788169145584106 0.22657813131809235 7.706442126424132e-15 0.028701573003210093
1146.7579345703125 1.019538402557373 0.21476374566555023 7.710375747431181e-15 0.029025760619033836
1146.7679443359375 0.8876209259033203 0.2020912915468216 7.714372895909274e-15 0.029358257517628432
1146.7779541015625 1.3516252040863037 0.24177904427051544 7.718383596914524e-15 0.029694965020918312
1146.787841796875 0.9110901355743408 0.20314130187034607 7.722360416601882e-15 0.0300316461685113
1146.7978515625 0.6920724511146545 0.18626607954502106 7.726400763760286e-15 0.03037650947254819
1146.807861328125 1.0635241270065308 0.21390025317668915 7.730455510478792e-15 0.030725342415231557
1146.8177490234375 0.8683280348777771 0.19841060042381287 7.734474681813513e-15 0.031078070306962264
1146.8277587890625 1.064404010772705 0.21960213780403137 7.738559074685174e-15 0.031430233662374574
1146.8377685546875 1.0518382787704468 0.21533052623271942 7.74265702008399e-15 0.03179042647288559
1146.84765625 0.9302988052368164 0.20635339617729187 7.746719390099022e-15 0.03215428045861432
1146.857666015625 0.9538135528564453 0.20594224333763123 7.750846981650992e-15 0.03251715834842293
1146.86767578125 1.3201110363006592 0.2371426373720169 7.754989819796013e-15 0.03288797561456349
1146.8775634765625 0.9671421051025391 0.21009516716003418 7.759095388491354e-15 0.03326220596273261
1146.8875732421875 1.1531039476394653 0.22465689480304718 7.763267025756582e-15 0.033635118419734225
1146.8975830078125 0.864656388759613 0.20000441372394562 7.767453062581912e-15 0.03401587331882404
1146.9075927734375 0.9624650478363037 0.2085268795490265 7.771653498967347e-15 0.034399757259206326
1146.91748046875 0.6691610813140869 0.18154142796993256 7.775817512936049e-15 0.03478202230233396
