wave flux_norm flux_err cont_fit cont_err
1140.0889892578125 1.2523704767227173 0.3430374562740326 6.988486412419547e-15 0.019985213846871706
1140.0989990234375 0.8598223328590393 0.2996959984302521 6.987248473767135e-15 0.020077371102922355
1140.1090087890625 0.8561493158340454 0.30019649863243103 6.9860092645653016e-15 0.020168611920989538
1140.118896484375 0.6372951865196228 0.27519339323043823 6.984784454923572e-15 0.020261162806634495
1140.12890625 0.8862322568893433 0.30691787600517273 6.983543128139371e-15 0.02035386819647061
1140.138916015625 0.9866611957550049 0.31398165225982666 6.982300954322222e-15 0.020445567975441604
1140.1488037109375 0.9680843949317932 0.3165576457977295 6.9810727565487035e-15 0.02053849677059192
1140.1588134765625 1.57152259349823 0.3754856586456299 6.9798288886656606e-15 0.020631498113446767
1140.1688232421875 1.1056528091430664 0.3330218195915222 6.978583750233197e-15 0.020723413461452553
1140.1787109375 1.3526760339736938 0.35180050134658813 6.977353011360836e-15 0.020816483183111203
1140.188720703125 1.016996145248413 0.3194006681442261 6.976106178862478e-15 0.020909551257241806
1140.19873046875 0.8252907991409302 0.29752522706985474 6.974858922847646e-15 0.02100146224677434
1140.208740234375 1.1092573404312134 0.33093562722206116 6.973610396283393e-15 0.021094462380713806
1140.2186279296875 0.9768221378326416 0.3149915635585785 6.972376692795717e-15 0.021187394088251578
1140.2286376953125 0.9027462601661682 0.3085772693157196 6.971127319198517e-15 0.021279104543933638
1140.2386474609375 1.1525321006774902 0.33305177092552185 6.969876675051896e-15 0.021371838584017762
1140.24853515625 1.179559350013733 0.3331322968006134 6.968641277498326e-15 0.021464444351446954
1140.258544921875 0.9665968418121338 0.31214967370033264 6.9673897863187575e-15 0.021555777755057945
1140.2685546875 0.9346367120742798 0.30489155650138855 6.966137448106242e-15 0.021648076045739772
1140.2784423828125 0.9190833568572998 0.2999517619609833 6.964900356486777e-15 0.021740189479776583
1140.2884521484375 0.7874884605407715 0.2900969386100769 6.9636471712413144e-15 0.021832108898023974
1140.2984619140625 1.0451922416687012 0.3215827941894531 6.962393562479378e-15 0.021922692364926003
1140.308349609375 1.1772689819335938 0.33223336935043335 6.961154776794019e-15 0.02201416843714696
1140.318359375 0.8708816766738892 0.29880622029304504 6.959900744515609e-15 0.022105395436703704
1140.328369140625 1.2037192583084106 0.334936261177063 6.9586458652042514e-15 0.02219525555401944
1140.3382568359375 0.6390465497970581 0.2734479010105133 6.957406232485945e-15 0.0222859565174382
1140.3482666015625 0.9906256794929504 0.30649834871292114 6.956150929658114e-15 0.022376368137807762
1140.3582763671875 1.1423591375350952 0.3258453607559204 6.954895626830283e-15 0.022465386761663996
1140.3681640625 0.9078299403190613 0.3019897937774658 6.953655147079029e-15 0.022555191584092683
1140.378173828125 1.1336482763290405 0.32390788197517395 6.9523994207347246e-15 0.0226446751586558
1140.38818359375 0.9931913018226624 0.30879685282707214 6.9511432708739464e-15 0.022732732187387878
1140.398193359375 0.7177500128746033 0.2780676484107971 6.949887121013168e-15 0.022821541109476727
1140.4080810546875 1.1698017120361328 0.3257756531238556 6.948646217745441e-15 0.022909990297962524
1140.4180908203125 1.2623281478881836 0.3337612748146057 6.947390067884663e-15 0.0229970003284179
1140.4281005859375 1.0304244756698608 0.31456270813941956 6.9461339180238845e-15 0.02308471218924101
1140.43798828125 1.4373399019241333 0.3465355634689331 6.9448934382726306e-15 0.023172039290177453
1140.447998046875 1.2110906839370728 0.3301329016685486 6.9436372884118525e-15 0.023257913403968836
1140.4580078125 0.7151163220405579 0.2790588438510895 6.942381138551074e-15 0.023344446787435396
1140.4678955078125 1.0292121171951294 0.31315767765045166 6.9411406587998204e-15 0.023430569488372896
1140.4779052734375 0.8942504525184631 0.29901841282844543 6.939884932455516e-15 0.023516276883202725
1140.4879150390625 0.9400119781494141 0.3028291165828705 6.938629629627685e-15 0.023600516145206803
1140.497802734375 0.9400020837783813 0.30454400181770325 6.937389996909378e-15 0.02368537054384967
1140.5078125 0.894232451915741 0.2994541525840759 6.936135117598021e-15 0.023769782929452078
1140.517822265625 0.9848498106002808 0.31034979224205017 6.9348806618031375e-15 0.023852723639948708
1140.5277099609375 0.9851145148277283 0.3089803159236908 6.9336414526013045e-15 0.023936241175503484
1140.5377197265625 0.40010344982147217 0.23762382566928864 6.932387843839368e-15 0.02401930045601604
1140.5477294921875 1.3458826541900635 0.34063899517059326 6.931134235077432e-15 0.024100893725965977
1140.5576171875 1.0761454105377197 0.31783774495124817 6.929896719941493e-15 0.024183026645882
1140.567626953125 1.1218068599700928 0.31850507855415344 6.928644381728978e-15 0.024264683665034845
1140.57763671875 0.8057748675346375 0.28854960203170776 6.927392467032936e-15 0.024344877000418933
1140.5875244140625 0.9426991939544678 0.3027631342411041 6.926156222446418e-15 0.02442557704576922
1140.5975341796875 0.9889785051345825 0.30958160758018494 6.924905578299797e-15 0.024505788890692368
1140.6075439453125 0.9874871373176575 0.3089262545108795 6.92365535766965e-15 0.02458453967028391
1140.6175537109375 0.8970060348510742 0.296480268239975 6.92240598407245e-15 0.024663771695356503
1140.62744140625 1.5282520055770874 0.3567107319831848 6.9211727041012475e-15 0.02474250436670258
1140.637451171875 0.8055729866027832 0.289625883102417 6.919924601053468e-15 0.02481978154457478
1140.6474609375 1.1267327070236206 0.32274240255355835 6.918677345038636e-15 0.02489751229027885
1140.6573486328125 1.123805284500122 0.3207620680332184 6.917446182649802e-15 0.024974732508033337
1140.6673583984375 0.9975214004516602 0.308117538690567 6.916200620700865e-15 0.025050506516897515
1140.6773681640625 0.8972887396812439 0.299519419670105 6.9149559057848746e-15 0.025126707351171194
1140.687255859375 0.7205108404159546 0.28108394145965576 6.913727284494882e-15 0.025202389489902766
1140.697265625 0.9964332580566406 0.31085342168807983 6.9124842636447865e-15 0.02527755468688932
1140.707275390625 0.7675986886024475 0.2872179448604584 6.911242513344112e-15 0.02535129068684967
1140.7171630859375 1.266682505607605 0.3324081003665924 6.910016856669435e-15 0.025425418778166946
1140.7271728515625 1.138474941253662 0.3218773901462555 6.9087768004346545e-15 0.02549901986161622
1140.7371826171875 0.6836199164390564 0.27736565470695496 6.907538438265769e-15 0.025571207898224237
1140.7470703125 0.7700332403182983 0.28092265129089355 6.906315746206407e-15 0.025643762735719035
1140.757080078125 1.0059809684753418 0.31047895550727844 6.9050795016198895e-15 0.025715788717757815
1140.76708984375 1.223013162612915 0.3296593725681305 6.903844104066319e-15 0.02578641763704605
1140.7769775390625 1.22294020652771 0.3312395215034485 6.90262522365522e-15 0.025857389284942748
1140.7869873046875 1.540900707244873 0.3618102967739105 6.9013923672004915e-15 0.02592783000999768
1140.7969970703125 0.8610317707061768 0.29700300097465515 6.900160781295184e-15 0.025996890820136034
1140.8070068359375 1.1821717023849487 0.3281690180301666 6.8989308894557705e-15 0.02606627012538907
1140.81689453125 0.9939608573913574 0.3088066875934601 6.897717091242355e-15 0.026135119086181643
1140.826904296875 1.1375577449798584 0.32534173130989075 6.8964897405017836e-15 0.026202605822070384
1140.8369140625 0.9661642909049988 0.30758440494537354 6.895263660310633e-15 0.026270394118309122
1140.8468017578125 1.3249160051345825 0.3415392339229584 6.894054097261954e-15 0.026337649893563353
1140.8568115234375 0.9217610955238342 0.3034979999065399 6.892830981686119e-15 0.02640356065079204
1140.8668212890625 1.1011630296707153 0.32042771577835083 6.891609560176178e-15 0.026469754107575346
1140.876708984375 1.1487308740615845 0.3246995508670807 6.890404655808709e-15 0.026535414608935447
1140.88671875 0.9825303554534912 0.31200796365737915 6.889186622430557e-15 0.026600544622528404
1140.896728515625 0.9133992195129395 0.3011511266231537 6.887969859601826e-15 0.026664354976133547
1140.9066162109375 0.8711872696876526 0.3009699285030365 6.8867700374320405e-15 0.02672842793568525
1140.9166259765625 0.8708435893058777 0.2994367778301239 6.885556662735099e-15 0.026791968111379898
1140.9266357421875 0.8787612318992615 0.302066832780838 6.8843449821040514e-15 0.026854213377007156
1140.9365234375 0.873584508895874 0.30057215690612793 6.883150242131949e-15 0.026916700909613008
1140.946533203125 0.7789887189865112 0.2843649089336395 6.881942373149165e-15 0.02697865882960936
1140.95654296875 1.062571406364441 0.31813013553619385 6.8807361982322745e-15 0.027039346004429473
1140.9664306640625 0.7543260455131531 0.28608447313308716 6.8795469639743295e-15 0.027100260649773538
1140.9764404296875 1.0422941446304321 0.31887051463127136 6.878344600705702e-15 0.027160646988879874
1140.9864501953125 0.8880211114883423 0.30262407660484314 6.877144355019443e-15 0.02721978593002045
1140.996337890625 1.1679388284683228 0.3296360671520233 6.875960626475655e-15 0.02727913396781953
1141.00634765625 0.9786021709442139 0.31097379326820374 6.874764615954132e-15 0.02733796290209338
1141.016357421875 1.0181318521499634 0.317026823759079 6.873570299498503e-15 0.02739556366098495
1141.0263671875 0.9357337951660156 0.3065485656261444 6.872378100625243e-15 0.027453362279752223
1141.0362548828125 0.8262779712677002 0.2907487750053406 6.871202842410927e-15 0.027510643670969448
1141.0462646484375 0.6850534677505493 0.2781948447227478 6.870014878702403e-15 0.02756672206227213
1141.0562744140625 0.8237030506134033 0.29191362857818604 6.868829456092721e-15 0.027622984106118516
1141.066162109375 0.9101492166519165 0.3033874034881592 6.86766055062551e-15 0.02767873636071955
1141.076171875 0.6792519688606262 0.2764083445072174 6.866479363180564e-15 0.02773330905233403
1141.086181640625 1.2714954614639282 0.33699992299079895 6.865300716834459e-15 0.027788053552405136
1141.0960693359375 1.3085345029830933 0.34112733602523804 6.8641385876308265e-15 0.02784229129056414
1141.1060791015625 0.9035274386405945 0.2993095815181732 6.862964599965932e-15 0.027896027055817552
1141.1160888671875 0.8069807887077332 0.2861184775829315 6.861793153399879e-15 0.027948617402379434
1141.1259765625 1.3487578630447388 0.34370264410972595 6.860638223976298e-15 0.028001361243742424
1141.135986328125 1.1653482913970947 0.3259330987930298 6.859471436091455e-15 0.02805361075234281
1141.14599609375 1.5730215311050415 0.36220619082450867 6.858307189305454e-15 0.028104737653157276
1141.1558837890625 1.120719313621521 0.32122039794921875 6.857159459661925e-15 0.028156009120633686
1141.1658935546875 1.0747004747390747 0.3188062310218811 6.856000295073607e-15 0.028206790005303083
1141.1759033203125 1.5251435041427612 0.35790473222732544 6.854844095100605e-15 0.028256476579807233
1141.185791015625 1.1650186777114868 0.32600370049476624 6.853704412270074e-15 0.028306295888051752
1141.19580078125 1.5263926982879639 0.3580310046672821 6.852553294494756e-15 0.028355633426169213
1141.205810546875 1.1216036081314087 0.32249560952186584 6.851404717818279e-15 0.028403899444057443
1141.2158203125 0.9853698015213013 0.3076499104499817 6.8502591057571175e-15 0.028452289956267387
1141.2257080078125 1.0761985778808594 0.3171369433403015 6.8491300108384275e-15 0.02850020532223516
1141.2357177734375 1.029040813446045 0.3145392835140228 6.847990328007897e-15 0.02854707633162863
1141.2457275390625 0.8033912777900696 0.287465363740921 6.846853186276208e-15 0.028594061119550443
1141.255615234375 1.029112696647644 0.31267425417900085 6.8457325616869905e-15 0.02864057952423221
1141.265625 0.758256733417511 0.2845860719680786 6.8446013491859324e-15 0.028686078782278187
1141.275634765625 0.8950464129447937 0.30046167969703674 6.843472677783716e-15 0.028731682397059463
1141.2855224609375 1.0309420824050903 0.31221646070480347 6.8423613705569184e-15 0.028776831607929716
1141.2955322265625 0.8947081565856934 0.2991604804992676 6.8412390519018065e-15 0.02882152577222344
1141.3055419921875 0.8484721183776855 0.2907572388648987 6.84011969786201e-15 0.02886523469203631
1141.3154296875 1.0300633907318115 0.3119197487831116 6.8390172844811584e-15 0.0289090367636699
1141.325439453125 1.120564579963684 0.3222965598106384 6.837903859671993e-15 0.028952396588494116
1141.33544921875 0.8477818369865417 0.292622834444046 6.8367942465110895e-15 0.028994793292148678
1141.3453369140625 1.0308104753494263 0.31372636556625366 6.835701150492658e-15 0.029037278791425054
1141.3553466796875 1.0301493406295776 0.31427472829818726 6.834597890078859e-15 0.029079329348139036
1141.3653564453125 0.6684554219245911 0.2686191201210022 6.833497594280376e-15 0.029120440925480863
1141.375244140625 1.1195502281188965 0.32259252667427063 6.8324142391408375e-15 0.02916163686276596
1141.38525390625 0.7147164940834045 0.2776739299297333 6.831320719605932e-15 0.029202407195210164
1141.395263671875 0.7594444751739502 0.28390607237815857 6.830230588202816e-15 0.02924226499297425
1141.4051513671875 0.8956943154335022 0.2998460829257965 6.829157397458645e-15 0.02928219745157886
1141.4151611328125 0.7588757872581482 0.2824854552745819 6.8280740423191065e-15 0.029321716284195776
1141.4251708984375 1.0754200220108032 0.3165816068649292 6.826994498827831e-15 0.02936034799196333
1141.4351806640625 0.9839372634887695 0.30795684456825256 6.825918343468344e-15 0.02939904956830157
1141.445068359375 0.6231657862663269 0.26822155714035034 6.824858705251329e-15 0.029437343258397017
1141.455078125 0.8491098880767822 0.2901877760887146 6.823789749671894e-15 0.029474777455094883
1141.465087890625 1.075262427330017 0.3166254460811615 6.822724182224248e-15 0.029512275481237832
1141.4749755859375 0.8033188581466675 0.2897936701774597 6.8216755554355475e-15 0.029549379424565092
1141.4849853515625 0.8921854496002197 0.2990540564060211 6.820617611284427e-15 0.02958564515062033
1141.4949951171875 1.1637333631515503 0.3256175220012665 6.819563055265095e-15 0.029621971204931725
1141.5048828125 0.9385872483253479 0.3048001229763031 6.818525439904709e-15 0.029657910805536328
1141.514892578125 0.849870502948761 0.2949778735637665 6.8174785071819025e-15 0.029693470306306986
1141.52490234375 0.8063066601753235 0.2890718877315521 6.8164358096238324e-15 0.029728223455505815
1141.5347900390625 0.8052830696105957 0.2887216806411743 6.815409629208234e-15 0.029763033078877683
1141.5447998046875 0.8494189381599426 0.2928735613822937 6.8143741314302154e-15 0.029797470540642843
1141.5548095703125 0.98650723695755 0.3040439784526825 6.813343292333407e-15 0.029831126623439976
1141.564697265625 0.8486506342887878 0.29264968633651733 6.812328546862596e-15 0.02986483473009894
1141.57470703125 0.9397833943367004 0.3023974895477295 6.811305331062313e-15 0.029898182804325536
1141.584716796875 0.8501273393630981 0.2933889627456665 6.8102859269102926e-15 0.0299307715496514
1141.5946044921875 1.0758949518203735 0.31744182109832764 6.809283463417217e-15 0.029963410918315884
1141.6046142578125 1.2114830017089844 0.33151471614837646 6.808272529594669e-15 0.029995698304902185
1141.6146240234375 1.1670572757720947 0.3277488648891449 6.807265830936857e-15 0.030027252404411536
1141.6246337890625 1.2163910865783691 0.32899102568626404 6.806262943927308e-15 0.030058855419348118
1141.634521484375 0.8967331647872925 0.3000696003437042 6.805276997576704e-15 0.030090115253761325
1141.64453125 1.1275118589401245 0.32363376021385193 6.804282580896628e-15 0.0301206649700575
1141.654541015625 0.8116483092308044 0.28945592045783997 6.803292822897761e-15 0.030151261159679223
1141.6644287109375 0.6343474388122559 0.2722008228302002 6.802319158524892e-15 0.03018152638882523
1141.6744384765625 0.8649687170982361 0.29896631836891174 6.801338294371972e-15 0.030211102380906685
1141.6844482421875 0.9144784808158875 0.30313950777053833 6.800361241867314e-15 0.030240724420587648
1141.6943359375 1.0239899158477783 0.31725192070007324 6.7994007065051276e-15 0.03027002610222541
1141.704345703125 1.0190136432647705 0.3157888352870941 6.7984329713628895e-15 0.030299011625043813
1141.71435546875 1.3166388273239136 0.3433222770690918 6.797469471385388e-15 0.03032733850263421
1141.7242431640625 1.0999841690063477 0.32413914799690247 6.7965224885503574e-15 0.03035570777310931
1141.7342529296875 0.9306991696357727 0.31090107560157776 6.7955683059352755e-15 0.030383773221128636
1141.7442626953125 1.1121855974197388 0.33054324984550476 6.79461835848493e-15 0.0304111998839492
1141.754150390625 1.4592989683151245 0.3615056872367859 6.7936849281770555e-15 0.030438667899493562
1141.76416015625 0.9584623575210571 0.3142048716545105 6.792744721605603e-15 0.030465842477269293
1141.774169921875 0.7301482558250427 0.29041051864624023 6.791809173715361e-15 0.03049240146371773
1141.7840576171875 0.7916300892829895 0.2981162667274475 6.790889295934643e-15 0.03051900112985104
1141.7940673828125 1.1389610767364502 0.3358478844165802 6.78996306540682e-15 0.030545317595790496
1141.8040771484375 1.4178625345230103 0.35573387145996094 6.789041917076681e-15 0.030571037743488606
1141.81396484375 1.053161859512329 0.31873923540115356 6.788136438856066e-15 0.03059679965748097
1141.823974609375 1.4454669952392578 0.3616425395011902 6.787225031404821e-15 0.030622288883025563
1141.833984375 1.1309847831726074 0.3336317837238312 6.786318282634785e-15 0.03064720412512375
1141.843994140625 1.3041456937789917 0.3466047942638397 6.785416616062433e-15 0.030672159099473788
1141.8538818359375 1.2753938436508179 0.3487503230571747 6.784530619599605e-15 0.030696851503262162
1141.8638916015625 1.2233538627624512 0.336209237575531 6.7836391174226195e-15 0.030720989853698356
1141.8739013671875 1.106408715248108 0.3279091715812683 6.782752273926844e-15 0.030745170269450173
1141.8837890625 0.9495787024497986 0.31233134865760803 6.781881524057067e-15 0.030769098127579615
1141.893798828125 0.9695800542831421 0.31594446301460266 6.781005268473132e-15 0.03079249122254735
1141.90380859375 1.0450456142425537 0.32225871086120605 6.780133671570408e-15 0.030815927077385688
1141.9136962890625 1.413989543914795 0.3533306419849396 6.779278168293681e-15 0.03083912024772982
1141.9237060546875 0.9482033252716064 0.3090873956680298 6.7784175828192704e-15 0.03086207487025027
1141.9337158203125 1.655535340309143 0.37535184621810913 6.77756165602607e-15 0.03088451839437832
1141.943603515625 0.8117086291313171 0.295911967754364 6.776721822858867e-15 0.030907006507214695
1141.95361328125 0.8888978958129883 0.30094704031944275 6.775876907493981e-15 0.030929265801155844
1141.963623046875 0.7462820410728455 0.2863939106464386 6.7750370743267785e-15 0.030951033984854926
1141.9735107421875 1.1275893449783325 0.3269527852535248 6.774213334785574e-15 0.030972848030717225
1141.9835205078125 1.1194870471954346 0.32390642166137695 6.773384513046685e-15 0.030994442854743214
1141.9935302734375 0.7316519021987915 0.28390181064605713 6.772561197021954e-15 0.031015562027666768
1142.00341796875 0.9305316805839539 0.30494123697280884 6.7717531275902736e-15 0.03103673059758046
1142.013427734375 0.6889258027076721 0.2793703079223633 6.77094124651033e-15 0.03105768938573808
1142.0234375 0.5903806686401367 0.2613801956176758 6.7701344476280706e-15 0.03107818931256393
1142.033447265625 0.9036552309989929 0.3021620512008667 6.769333577976442e-15 0.031098740368896937
1142.0433349609375 0.8993049263954163 0.29888448119163513 6.76854753140139e-15 0.031119090925900247
1142.0533447265625 1.0844242572784424 0.3196451663970947 6.767758096694549e-15 0.031139000797741144
1142.0633544921875 1.7335805892944336 0.3781735599040985 6.766974167701865e-15 0.03115896377563465
1142.0732421875 0.8204554319381714 0.29194241762161255 6.766205061785758e-15 0.03117873527644844
1142.083251953125 1.0412522554397583 0.31858280301094055 6.765432567737862e-15 0.03119807965030622
1142.09326171875 0.5121262669563293 0.2581453323364258 6.764666002920597e-15 0.031217481262199163
1142.1031494140625 0.7964337468147278 0.2921331226825714 6.763914684696382e-15 0.03123670020487543
1142.1131591796875 1.287325143814087 0.35020777583122253 6.763159554823905e-15 0.03125573801545404
1142.1231689453125 1.2128311395645142 0.3340856730937958 6.762410777698532e-15 0.03127437321668846
1142.133056640625 0.7788586616516113 0.28787901997566223 6.7616768236497364e-15 0.031293065343718326
1142.14306640625 1.0945348739624023 0.3323419690132141 6.760939904985625e-15 0.03131158682372932
1142.153076171875 0.8388953804969788 0.30499815940856934 6.760208915552145e-15 0.03132971774512584
1142.1629638671875 1.2486284971237183 0.34780386090278625 6.759492749195241e-15 0.03134791006256273
1142.1729736328125 0.931587815284729 0.3158792555332184 6.758774041739496e-15 0.03136593786401001
1142.1829833984375 1.0326685905456543 0.3247743546962738 6.7580612635143814e-15 0.03138359054756649
1142.19287109375 0.7953912019729614 0.299465537071228 6.757363308365844e-15 0.03140130716849982
1142.202880859375 1.138785481452942 0.33793920278549194 6.756663235634938e-15 0.03141886714026553
1142.212890625 0.715181291103363 0.2855689227581024 6.755969092134663e-15 0.0314360647757303
1142.2227783203125 0.9323968887329102 0.31086087226867676 6.755289771710965e-15 0.031453328886127674
1142.2327880859375 0.8730289936065674 0.31142330169677734 6.754607910188426e-15 0.03147044598479715
1142.2427978515625 0.8168860673904419 0.3008131682872772 6.753932824929464e-15 0.03148721283854635
1142.2528076171875 0.3325192630290985 0.23359522223472595 6.753264092417607e-15 0.031504044682198806
1142.2626953125 0.8045576810836792 0.3030010163784027 6.752609759465853e-15 0.03152073877987001
1142.272705078125 0.4941858649253845 0.2589275538921356 6.751954155964678e-15 0.03153709606899067
1142.28271484375 0.494646281003952 0.2566797137260437 6.751304481694134e-15 0.031553523063304764
1142.2926025390625 0.6135649085044861 0.2757308781147003 6.750669630500167e-15 0.031569817105380864
1142.3026123046875 0.4486362636089325 0.25297513604164124 6.750033085240305e-15 0.03158578510061127
1142.3126220703125 0.44946950674057007 0.2553665041923523 6.749403739760495e-15 0.031601823296274006
1142.322509765625 0.5247405767440796 0.2624051570892334 6.748787946807841e-15 0.03161773712093819
1142.33251953125 0.4792579710483551 0.25719061493873596 6.748171730338714e-15 0.03163352942735913
1142.342529296875 0.7896484136581421 0.2988416850566864 6.747561866616691e-15 0.031649009615452146
1142.3524169921875 0.48286592960357666 0.25836676359176636 6.746965978938297e-15 0.03166456193881382
1142.3624267578125 0.7423860430717468 0.2930428385734558 6.74636966774343e-15 0.03167999873370169
1142.3724365234375 1.1022852659225464 0.32580697536468506 6.745780132812141e-15 0.031695134611530985
1142.38232421875 1.067612886428833 0.32112443447113037 6.745204573924482e-15 0.03171034501386224
1142.392333984375 0.6515715718269348 0.28139546513557434 6.744629015036823e-15 0.031725445467512645
1142.40234375 0.9629840850830078 0.3110620081424713 6.744059808896268e-15 0.03174025348220748
1142.4122314453125 0.7386718392372131 0.2923229932785034 6.743505002315816e-15 0.03175514032968186
1142.4222412109375 0.5341945886611938 0.26397445797920227 6.742949772218891e-15 0.031769918263326494
1142.4322509765625 0.8631687164306641 0.2999891936779022 6.7424017419020175e-15 0.031784415638256014
1142.4422607421875 0.5604041218757629 0.26787808537483215 6.741860911365196e-15 0.031798991902511634
1142.4521484375 0.9476658701896667 0.31351104378700256 6.74133363335553e-15 0.031813466062680706
1142.462158203125 1.107007384300232 0.32655206322669983 6.740806778862338e-15 0.031827666716140436
1142.47216796875 0.4354785680770874 0.25089672207832336 6.740287124149197e-15 0.03184194605974212
1142.4820556640625 0.8504387736320496 0.30689725279808044 6.739781021963213e-15 0.03185612972225173
1142.4920654296875 1.1583787202835083 0.3371259272098541 6.7392757668101756e-15 0.031870046164990624
1142.5020751953125 1.3170318603515625 0.3541451394557953 6.738778134953664e-15 0.03188404301783482
1142.511962890625 0.964853048324585 0.3201553523540497 6.7382932085913606e-15 0.03189794795304647
1142.52197265625 0.7238544821739197 0.2927432060241699 6.737809976294952e-15 0.03191176081715695
1142.531982421875 1.0104328393936157 0.31671246886253357 6.737333943778595e-15 0.03192531880783757
1142.5418701171875 1.168687343597412 0.3350592851638794 6.7368710402729206e-15 0.031938955561586525
1142.5518798828125 1.0072145462036133 0.3174855411052704 6.736409830833141e-15 0.03195250545312862
1142.5618896484375 0.7039172053337097 0.27923375368118286 6.735956244689886e-15 0.031965805248608176
1142.57177734375 0.8932310938835144 0.30432456731796265 6.73551536404084e-15 0.03197918271884316
1142.581787109375 1.1025049686431885 0.3193607032299042 6.735076600974162e-15 0.031992478092972385
1142.591796875 0.9930292367935181 0.30929258465766907 6.73464546120401e-15 0.03200552751290724
1142.6016845703125 0.9943245649337769 0.30849573016166687 6.734227026928066e-15 0.032018657380228605
1142.6116943359375 1.2600936889648438 0.33430618047714233 6.7338111337509644e-15 0.032031703119864904
1142.6217041015625 0.985546350479126 0.30926811695098877 6.733402863870388e-15 0.03204451053072997
1142.631591796875 1.072568416595459 0.3133850693702698 6.7330068759675465e-15 0.032057396611040435
1142.6416015625 1.124646544456482 0.32142600417137146 6.732614276196494e-15 0.032070200191839655
1142.651611328125 1.1687177419662476 0.32610204815864563 6.732229299721967e-15 0.03208277241051682
1142.66162109375 1.6167515516281128 0.3637985587120056 6.731851946543965e-15 0.03209541907091314
1142.6715087890625 1.0339964628219604 0.3110295236110687 6.731487298860172e-15 0.03210798644393748
1142.6815185546875 1.078689455986023 0.31717872619628906 6.731125615791695e-15 0.03212032451314633
1142.6915283203125 1.20962393283844 0.3302718997001648 6.730771979536216e-15 0.03213273655442179
1142.701416015625 1.1687231063842773 0.3238103687763214 6.7304306252584725e-15 0.03214506990256593
1142.71142578125 0.8538658022880554 0.2931287884712219 6.730092659112518e-15 0.03215717538026446
1142.721435546875 0.988851010799408 0.309701532125473 6.729763163296036e-15 0.0321693538499994
1142.7313232421875 1.164696455001831 0.32614368200302124 6.729445525940816e-15 0.03218145361922134
1142.7413330078125 0.9414220452308655 0.30412352085113525 6.729132123750332e-15 0.03219347743015938
1142.7513427734375 0.8945379853248596 0.29844921827316284 6.7288267683728465e-15 0.03220527504646573
1142.76123046875 0.9863596558570862 0.30871695280075073 6.728532847940149e-15 0.03221714228258724
1142.771240234375 0.8038744330406189 0.28890979290008545 6.7282440097051355e-15 0.03222893063231957
1142.78125 1.2081612348556519 0.32961970567703247 6.727963218283121e-15 0.03224049703951674
1142.7911376953125 1.032516360282898 0.31456470489501953 6.727693861805894e-15 0.03225212887567592
1142.8011474609375 0.8942826986312866 0.29584893584251404 6.7274295875263505e-15 0.03226367830773988
1142.8111572265625 1.1197468042373657 0.3221113085746765 6.727173360059806e-15 0.03227500947844422
1142.821044921875 1.0270020961761475 0.3123331069946289 6.726928991054523e-15 0.03228640136318425
1142.8310546875 0.8039261698722839 0.28904294967651367 6.726689704246924e-15 0.032297711032477854
1142.841064453125 1.252271056175232 0.33288586139678955 6.726458887768797e-15 0.032308801197044185
1142.85107421875 1.3924041986465454 0.3450254797935486 6.726236541620143e-15 0.03231994669115974
1142.8609619140625 1.1630305051803589 0.3239287734031677 6.7260256304162765e-15 0.03233100753031546
1142.8709716796875 0.8471494913101196 0.29195159673690796 6.725820224926567e-15 0.03234185137146783
1142.8809814453125 1.0284790992736816 0.31316161155700684 6.725623713282804e-15 0.0323527424609122
1142.890869140625 1.2062517404556274 0.32657742500305176 6.725437789550882e-15 0.032363550115050876
1142.90087890625 0.6258237361907959 0.26941028237342834 6.725258218566064e-15 0.03237413618637847
1142.910888671875 0.9855066537857056 0.3048074245452881 6.7250875414271924e-15 0.03238476731769393
1142.9207763671875 1.298025369644165 0.33499863743782043 6.724927452200161e-15 0.03239530697295627
1142.9307861328125 1.1225310564041138 0.3219558596611023 6.724774139236708e-15 0.03240575456732936
1142.9407958984375 0.9394928812980652 0.3023574948310852 6.7246297201192014e-15 0.03241598593496314
1142.95068359375 1.029910922050476 0.3122183382511139 6.724495888913535e-15 0.032426247585177155
1142.960693359375 0.891546368598938 0.29484373331069946 6.724368833971447e-15 0.032436414765592496
1142.970703125 1.4829379320144653 0.3517465591430664 6.724251096391779e-15 0.032446362223612205
1142.9805908203125 0.9447635412216187 0.30396199226379395 6.724143099691004e-15 0.03245633391291802
1142.9906005859375 0.8020618557929993 0.2881395220756531 6.724043149803228e-15 0.032466203880257526
1143.0006103515625 0.9876464009284973 0.30800169706344604 6.723952093761398e-15 0.03247585435663354
1143.010498046875 0.7563338875770569 0.28369030356407166 6.7238707785984616e-15 0.0324855203110654
1143.0205078125 0.8060879111289978 0.28885549306869507 6.723797933764998e-15 0.03249508112917114
1143.030517578125 0.6706588864326477 0.27195626497268677 6.72373398277748e-15 0.032504417784975356
1143.0404052734375 0.9854408502578735 0.30656537413597107 6.723679772668856e-15 0.032513760395506575
1143.0504150390625 0.8466037511825562 0.2914260923862457 6.723634032889704e-15 0.032522991588653544
1143.0604248046875 0.8928003311157227 0.2974012494087219 6.723597610472972e-15 0.03253199799827469
1143.0704345703125 0.7609198689460754 0.28264161944389343 6.72357050541866e-15 0.03254100010540369
1143.080322265625 1.1181457042694092 0.32257747650146484 6.723553141243241e-15 0.0325498839234458
1143.09033203125 0.7152513861656189 0.27347517013549805 6.723544247397295e-15 0.03255853969294177
1143.100341796875 0.754562258720398 0.280414342880249 6.723545094430242e-15 0.032567177854920124
1143.1102294921875 0.48843061923980713 0.25178128480911255 6.723555258825609e-15 0.032575692557072586
1143.1202392578125 0.8476626873016357 0.2937910854816437 6.723574740583396e-15 0.03258397554864401
1143.1302490234375 0.3994647264480591 0.2352762073278427 6.723603539703603e-15 0.03259223150056808
1143.14013671875 1.031040906906128 0.31109392642974854 6.723641656186229e-15 0.03260035129725052
1143.150146484375 0.5752394795417786 0.2607492506504059 6.723689513547749e-15 0.03260833746834075
1143.16015625 0.6258191466331482 0.2678605318069458 6.7237471117881625e-15 0.03261608883439546
1143.1700439453125 0.6680889129638672 0.2692897915840149 6.723813180358048e-15 0.032623795355647175
1143.1800537109375 0.44347915053367615 0.24382346868515015 6.723889836839775e-15 0.032631354889680664
1143.1900634765625 0.6713411211967468 0.2720505893230438 6.723976234200395e-15 0.03263867739581915
1143.199951171875 0.9360400438308716 0.30397123098373413 6.724071101890487e-15 0.032645939107984905
1143.2099609375 0.933910608291626 0.30341121554374695 6.724176981008894e-15 0.0326530468236031
1143.219970703125 0.6644366383552551 0.26817765831947327 6.724292601006194e-15 0.032659912679952656
1143.2298583984375 0.7129860520362854 0.27408161759376526 6.724416267816493e-15 0.03266670328842134
1143.2398681640625 0.802400529384613 0.2885640859603882 6.7245513695715804e-15 0.03267332996887777
1143.2498779296875 1.0271319150924683 0.3112436532974243 6.724696212205561e-15 0.032679712005591104
1143.2598876953125 0.5805332660675049 0.2609715163707733 6.7248512192349084e-15 0.032686003521421196
1143.269775390625 0.9336225390434265 0.30162954330444336 6.725013849560781e-15 0.032692120570460226
1143.27978515625 0.8913508653640747 0.2985336184501648 6.725188761864389e-15 0.03269798775831702
1143.289794921875 0.979963481426239 0.30701279640197754 6.725373838563364e-15 0.032703746054606866
1143.2996826171875 0.8043058514595032 0.2886694371700287 6.725566115042391e-15 0.03270931893881522
1143.3096923828125 1.0725681781768799 0.3138946294784546 6.725771097015627e-15 0.03271464094266978
1143.3197021484375 1.3879908323287964 0.346123069524765 6.7259858198677556e-15 0.03271983484247372
1143.32958984375 1.2104277610778809 0.3295893669128418 6.7262085895328835e-15 0.032724834076680476
1143.339599609375 0.9816598892211914 0.3041757047176361 6.7264436411757465e-15 0.032729633095743366
1143.349609375 0.8026735782623291 0.28667503595352173 6.72668928073045e-15 0.03273417129752
1143.3594970703125 0.5279051661491394 0.252292275428772 6.726941696548732e-15 0.032738559060479976
1143.3695068359375 1.0665329694747925 0.3118414580821991 6.7272080884106435e-15 0.032742734480724484
1143.3795166015625 0.7998841404914856 0.2849709093570709 6.7274842211514484e-15 0.03274664785963756
1143.389404296875 1.0248396396636963 0.30833175778388977 6.727767553672305e-15 0.03275038733610843
1143.3994140625 0.9769676923751831 0.3056560456752777 6.728064438720318e-15 0.03275390399999125
1143.409423828125 0.7161528468132019 0.27097567915916443 6.728371911680171e-15 0.032757152525745126
1143.4193115234375 0.8456354737281799 0.29271242022514343 6.728686160903602e-15 0.03276020982753555
1143.4293212890625 0.9373706579208374 0.30160969495773315 6.729014386170663e-15 0.03276302889157345
1143.4393310546875 1.0257073640823364 0.3112487196922302 6.729353622866039e-15 0.03276557624595959
1143.44921875 1.1074100732803345 0.3168199956417084 6.729698788792045e-15 0.032767909345248196
1143.459228515625 1.0252174139022827 0.31043922901153564 6.730058777794628e-15 0.032769992904074126
1143.46923828125 1.2441141605377197 0.3288215100765228 6.730429778225525e-15 0.032771798553496635
1143.479248046875 1.0178420543670654 0.3073590099811554 6.73081094305179e-15 0.032773366383077505
1143.4891357421875 0.8907228708267212 0.2952367961406708 6.7311984606251585e-15 0.032774672948788566
1143.4991455078125 1.0649625062942505 0.312502920627594 6.731601224791578e-15 0.03277569556773794
1143.5091552734375 0.6640706658363342 0.271189421415329 6.732015000386312e-15 0.032776460396358134
1143.51904296875 0.9793358445167542 0.304475873708725 6.7324342816952026e-15 0.03277694495438652
1143.529052734375 1.1605174541473389 0.32325106859207153 6.732869233113618e-15 0.03277714442778766
1143.5390625 1.0694890022277832 0.31022387742996216 6.733315619476821e-15 0.032777060282724355
1143.5489501953125 0.9331614971160889 0.3003760576248169 6.733767088037707e-15 0.032776683536590856
1143.5589599609375 0.8872248530387878 0.29688337445259094 6.734235073741065e-15 0.03277600744590989
1143.5689697265625 0.8851503133773804 0.2927323579788208 6.7347140708727375e-15 0.03277504053086711
1143.578857421875 0.8428321480751038 0.291111558675766 6.73519772668562e-15 0.0327737551983868
1143.5888671875 1.2006516456604004 0.3247283101081848 6.735698746673921e-15 0.03277215523988561
1143.598876953125 1.2866474390029907 0.3348516523838043 6.736210778090536e-15 0.03277026331641801
1143.6087646484375 1.4632573127746582 0.3478173613548279 6.736727891704835e-15 0.032768025486016296
1143.6187744140625 1.333998680114746 0.3390830159187317 6.7372619459780785e-15 0.032765460125776615
1143.6287841796875 0.8899513483047485 0.296843022108078 6.73780743519611e-15 0.03276259702675329
1143.638671875 1.375269889831543 0.3401811122894287 6.738357583095352e-15 0.03275936013721125
1143.648681640625 1.013786792755127 0.3072434663772583 6.738925518686486e-15 0.03275577710641679
1143.65869140625 1.0160847902297974 0.30896687507629395 6.739504889222408e-15 0.032751898080128815
1143.668701171875 0.7973471879959106 0.2865099310874939 6.740095271186644e-15 0.03274761409711353
1143.6785888671875 1.196142554283142 0.3248021900653839 6.740689888315617e-15 0.03274297218372667
1143.6885986328125 1.1087394952774048 0.31519386172294617 6.741303563685902e-15 0.03273802497496672
1143.6986083984375 1.0239315032958984 0.30591803789138794 6.741928250484502e-15 0.0327326498901577
1143.70849609375 0.7942646145820618 0.2838188111782074 6.742556748931365e-15 0.0327268960565089
1143.718505859375 0.7528144717216492 0.2809651494026184 6.743204729136015e-15 0.032720838319972974
1143.728515625 0.8841224312782288 0.2946026027202606 6.7438637207689785e-15 0.03271431818776203
1143.7384033203125 0.8875656723976135 0.2963508069515228 6.744526524050205e-15 0.03270740728208644
1143.7484130859375 0.6172245144844055 0.26207518577575684 6.745208809089218e-15 0.03270009614462366
1143.7584228515625 0.4812869131565094 0.24463388323783875 6.745902952589493e-15 0.03269247792276709
1143.768310546875 0.7938106060028076 0.2855720520019531 6.746600484221557e-15 0.0326843572615938
1143.7783203125 0.66152024269104 0.2688327133655548 6.7473179211278815e-15 0.03267581973575132
1143.788330078125 0.7053543925285339 0.27494898438453674 6.748046792978994e-15 0.03266697543991085
1143.7982177734375 0.8426515460014343 0.28916987776756287 6.748779052961895e-15 0.03265759721362423
1143.8082275390625 0.8813213109970093 0.29269886016845703 6.749531641735531e-15 0.032647784846363645
1143.8182373046875 1.0112413167953491 0.3052704930305481 6.750296512486901e-15 0.03263766436803227
1143.828125 0.39031490683555603 0.23302051424980164 6.75106350082064e-15 0.032626977310977585
1143.838134765625 0.48277929425239563 0.24624596536159515 6.75185166497806e-15 0.032615838693867714
1143.84814453125 0.8836085200309753 0.29469555616378784 6.7526521111132155e-15 0.032604391631954076
1143.8580322265625 0.4308852255344391 0.237856924533844 6.753454674830739e-15 0.032592346451152804
1143.8680419921875 0.8799240589141846 0.2927705943584442 6.754278837888417e-15 0.03257983336512642
1143.8780517578125 0.793619692325592 0.28551456332206726 6.755115282923831e-15 0.032567010554567094
1143.8880615234375 0.43461790680885315 0.23861688375473022 6.75596400993698e-15 0.032553551711280514
1143.89794921875 0.7022910714149475 0.2757473289966583 6.756814431016023e-15 0.032539611434715614
1143.907958984375 0.568169355392456 0.2566920220851898 6.757687298468169e-15 0.032525362125114234
1143.91796875 0.6574480533599854 0.26982659101486206 6.758572024381576e-15 0.032510444660931254
1143.9278564453125 0.34768277406692505 0.22721652686595917 6.759458444360877e-15 0.032495026507367845
1143.9378662109375 0.5228312611579895 0.2502240836620331 6.7603681577462285e-15 0.032479299992029045
1143.9478759765625 0.34932371973991394 0.2267780303955078 6.761289729592841e-15 0.03246287201433904
1143.957763671875 0.3427116274833679 0.22283364832401276 6.762212571988875e-15 0.032445924147306716
1143.9677734375 0.48214608430862427 0.2441108524799347 6.7631591313074314e-15 0.03242845534872474
1143.977783203125 0.30216723680496216 0.2193652093410492 6.764117972603723e-15 0.03241067956614248
1143.9876708984375 0.43534278869628906 0.23748229444026947 6.7650776609329624e-15 0.03239215293751295
1143.9976806640625 0.4315381348133087 0.2361876219511032 6.766061489701198e-15 0.0323730862992
1144.0076904296875 0.5653002858161926 0.2538836598396301 6.767057600447169e-15 0.03235371637235853
1144.017578125 0.21149033308029175 0.20294852554798126 6.768054134709614e-15 0.03233356185295751
1144.027587890625 0.653772234916687 0.2678474485874176 6.769075656444003e-15 0.032312848774879326
1144.03759765625 0.2575352191925049 0.21223494410514832 6.7701098836726e-15 0.03229183709190734
1144.0474853515625 0.4763185977935791 0.24552622437477112 6.771143687384724e-15 0.032270000185906
1144.0574951171875 0.3450707793235779 0.22681789100170135 6.772203325601739e-15 0.03224759175319744
1144.0675048828125 0.43046942353248596 0.23593027889728546 6.773274822280016e-15 0.03222488625772911
1144.0775146484375 0.6958231925964355 0.26956188678741455 6.774359871485449e-15 0.03220132110070197
1144.08740234375 0.43145832419395447 0.23477385938167572 6.775444073657934e-15 0.032177167390036024
1144.097412109375 0.6998124718666077 0.2710944712162018 6.7765545338517846e-15 0.03215272166044357
1144.107421875 0.7441906929016113 0.27770453691482544 6.777678123056317e-15 0.03212737841203129
1144.1173095703125 0.5647647976875305 0.257543683052063 6.778800441711429e-15 0.032101431514254396
1144.1273193359375 0.6529756784439087 0.2679941952228546 6.77994944190438e-15 0.032075198642418264
1144.1373291015625 0.6047284603118896 0.25749048590660095 6.781111571108013e-15 0.032048029108684754
1144.147216796875 0.742617666721344 0.2770673632621765 6.782272429762225e-15 0.0320202394614928
1144.1572265625 0.6539002060890198 0.26699307560920715 6.783460393470749e-15 0.03199182016580726
1144.167236328125 0.8720478415489197 0.29246699810028076 6.784661909706429e-15 0.0319631298322634
1144.1771240234375 1.1844795942306519 0.31938764452934265 6.785861308359741e-15 0.03193345058652348
1144.1871337890625 0.9218869805335999 0.2969411015510559 6.787088659100313e-15 0.031903130210454045
1144.1971435546875 0.651742696762085 0.26494625210762024 6.7883291388515666e-15 0.03187254349236296
1144.20703125 0.6975173354148865 0.2722946107387543 6.789567924536926e-15 0.03184093077593676
1144.217041015625 1.0994549989700317 0.3072267472743988 6.7908350858260184e-15 0.0318086599802835
1144.22705078125 1.0510424375534058 0.30890926718711853 6.792115376125793e-15 0.031776134799225475
1144.2369384765625 1.1818434000015259 0.3227551281452179 6.7933931253267264e-15 0.03174254378682935
1144.2469482421875 0.9658141732215881 0.29902219772338867 6.79470009716434e-15 0.0317082817707818
1144.2569580078125 0.919238269329071 0.29624709486961365 6.796020198012636e-15 0.03167377295401859
1144.266845703125 1.0507272481918335 0.30950114130973816 6.79733775776209e-15 0.03163816254390538
1144.27685546875 0.9621810913085938 0.29836106300354004 6.798684963664698e-15 0.031601864696952586
1144.286865234375 0.8324062824249268 0.28801819682121277 6.800045722094462e-15 0.031565334413421034
1144.296875 1.0496302843093872 0.3077690899372101 6.801420033051382e-15 0.03152766061175602
1144.3067626953125 0.8727242946624756 0.2916434109210968 6.802790955876513e-15 0.03148929029638
1144.3167724609375 0.6082513928413391 0.2609342038631439 6.804192371887745e-15 0.03145069558470574
1144.3267822265625 1.1378538608551025 0.3152361512184143 6.8056073404261334e-15 0.03141092128950601
1144.336669921875 1.1011731624603271 0.3077656924724579 6.807018497316259e-15 0.03137043696357824
1144.3466796875 0.8316605091094971 0.28577756881713867 6.808460994425433e-15 0.03132974297649675
1144.356689453125 1.052323818206787 0.3089752793312073 6.809917044061763e-15 0.031287831356855075
1144.3665771484375 1.3505969047546387 0.33591848611831665 6.811368858533357e-15 0.031245195187639282
1144.3765869140625 0.8192123174667358 0.2807629406452179 6.812852436740473e-15 0.031201831464603362
1144.3865966796875 1.090917706489563 0.3129327893257141 6.814349990991219e-15 0.031158281052637595
1144.396484375 1.1748818159103394 0.3158080577850342 6.8158428865607544e-15 0.031113459262225186
1144.406494140625 0.9556431770324707 0.29821258783340454 6.817367969382286e-15 0.03106790104592407
1144.41650390625 1.087092399597168 0.30950257182121277 6.818907028247447e-15 0.031022172236525397
1144.4263916015625 0.8674241304397583 0.28742316365242004 6.820441428431398e-15 0.030975133927075304
1144.4364013671875 0.866826057434082 0.29000332951545715 6.8220084393838185e-15 0.03092735049037521
1144.4464111328125 0.8277965784072876 0.2829001247882843 6.823589426379869e-15 0.03087940923149212
1144.456298828125 1.0498703718185425 0.3043682277202606 6.825165331178235e-15 0.0308301280517344
1144.46630859375 0.7390681505203247 0.2772670388221741 6.8267746937780184e-15 0.030780089540960637
1144.476318359375 1.3943252563476562 0.33596548438072205 6.828398032421431e-15 0.030729911622417595
1144.486328125 1.0050240755081177 0.30232420563697815 6.8300357706249475e-15 0.030678358587580248
1144.4962158203125 0.9552672505378723 0.2980819642543793 6.831667579597833e-15 0.030626036963127552
1144.5062255859375 1.08937406539917 0.3087511956691742 6.833333693405082e-15 0.030573603449677696
1144.5162353515625 0.3416227102279663 0.22277700901031494 6.835014206772435e-15 0.030519753873848997
1144.526123046875 0.6523985266685486 0.26199761033058167 6.836688367392683e-15 0.03046513209995688
1144.5361328125 1.436333179473877 0.34344831109046936 6.838397679880242e-15 0.030410415036975873
1144.546142578125 0.8686716556549072 0.2875196635723114 6.840120968411431e-15 0.030354252076291964
1144.5560302734375 1.3463492393493652 0.3347644507884979 6.841837904195515e-15 0.03029730711579672
1144.5660400390625 1.2566440105438232 0.325906366109848 6.843589991846911e-15 0.030239585139993783
1144.5760498046875 1.0854514837265015 0.3104441463947296 6.845356902574883e-15 0.030181797369220012
1144.5859375 0.8657474517822266 0.28753241896629333 6.847116613522804e-15 0.03012252033484595
1144.595947265625 0.9132920503616333 0.2924371063709259 6.848912746887457e-15 0.03006245602357903
1144.60595703125 0.7358494997024536 0.2743140459060669 6.850723279812213e-15 0.030002354478383564
1144.6158447265625 1.038628339767456 0.30230608582496643 6.852526189440444e-15 0.029940729974663353
1144.6258544921875 0.9114708304405212 0.2936408519744873 6.85436594500188e-15 0.02987831686662466
1144.6358642578125 0.9936609864234924 0.2994667887687683 6.856220523639893e-15 0.029815891231110867
1144.645751953125 1.1270719766616821 0.31250229477882385 6.858067055464908e-15 0.029751912745918787
1144.65576171875 1.2185735702514648 0.3191656470298767 6.859950856739601e-15 0.029687147247408556
1144.665771484375 0.7336866855621338 0.2740986943244934 6.861849904607345e-15 0.029622393220688978
1144.6756591796875 1.2951574325561523 0.32646337151527405 6.863740058629143e-15 0.02955606022537813
1144.6856689453125 0.8168818354606628 0.28192877769470215 6.865668752650041e-15 0.029488938754464053
1144.6956787109375 1.1235945224761963 0.3122888505458832 6.867612269747516e-15 0.02942186154248899
1144.7056884765625 0.5604909062385559 0.25304511189460754 6.869570609921568e-15 0.02935317425829934
1144.715576171875 0.9066489338874817 0.29176491498947144 6.871520056249674e-15 0.029283702566469626
1144.7255859375 0.8237890005111694 0.2817798852920532 6.8735084660933535e-15 0.02921430799810648
1144.735595703125 0.9868748784065247 0.2981477379798889 6.8755121225300836e-15 0.029143272615382205
1144.7454833984375 0.4696144163608551 0.23905223608016968 6.87750603808792e-15 0.029071462077437858
1144.7554931640625 0.5575705766677856 0.2506777048110962 6.879539764194278e-15 0.02899975989710767
1144.7655029296875 1.0334371328353882 0.30153730511665344 6.881588313377212e-15 0.028926395203564024
1144.775390625 0.38339346647262573 0.2284158319234848 6.8836271216812534e-15 0.028852261572679453
1144.785400390625 0.598788857460022 0.2574118673801422 6.885706587566763e-15 0.028777352416307973
1144.79541015625 0.5152014493942261 0.24705420434474945 6.887800876528849e-15 0.02870259854060219
1144.8052978515625 0.29543066024780273 0.21171866357326508 6.889885001095568e-15 0.028626159612725407
1144.8153076171875 0.2964012920856476 0.21477632224559784 6.892010206760229e-15 0.02854895590933036
1144.8253173828125 0.21024778485298157 0.19985537230968475 6.894150659017941e-15 0.028471948383747874
1144.835205078125 0.3816230893135071 0.22559912502765656 6.896280523363812e-15 0.02839323865290183
1144.84521484375 0.20675058662891388 0.19742441177368164 6.8984514688076246e-15 0.028313773226128023
1144.855224609375 0.34191516041755676 0.22006747126579285 6.900638507877435e-15 0.028234543038695954
1144.8651123046875 0.2527689039707184 0.20631545782089233 6.902813688485984e-15 0.02815359428665135
1144.8751220703125 0.20978371798992157 0.1998279094696045 6.9050316442583696e-15 0.028071909572532555
1144.8851318359375 0.423037588596344 0.23211117088794708 6.907265270140279e-15 0.02799049711021154
1144.8951416015625 0.25218144059181213 0.2050929069519043 6.909514142615239e-15 0.027907361107080118
1144.905029296875 0.3801478445529938 0.22709685564041138 6.911751156628938e-15 0.027823497473216833
1144.9150390625 0.3375183939933777 0.21965312957763672 6.9140313693229465e-15 0.027739957354139554
1144.925048828125 0.5108082890510559 0.24461838603019714 6.916327675642953e-15 0.027654677914517152
1144.9349365234375 0.6376699805259705 0.2577683925628662 6.9186112764687505e-15 0.02756869652119664
1144.9449462890625 0.42102256417274475 0.23072266578674316 6.920938923007805e-15 0.027483081762518236
1144.9549560546875 0.29426082968711853 0.21215693652629852 6.923282239656384e-15 0.027395726269486394
1144.96484375 0.4263072907924652 0.23004335165023804 6.9256128508107546e-15 0.02730769150971286
1144.974853515625 0.47062331438064575 0.2385687530040741 6.927987931194856e-15 0.027218983796838635
1144.98486328125 0.7700040936470032 0.27642518281936646 6.9303791052049545e-15 0.02713070775774652
1144.9947509765625 0.4681578278541565 0.23647581040859222 6.932756726687897e-15 0.02704069366566202
1145.0047607421875 0.9827466011047363 0.29603132605552673 6.935179664433518e-15 0.026950031794948526
1145.0147705078125 0.46569299697875977 0.2383732795715332 6.937618695805137e-15 0.026859856803385047
1145.024658203125 0.4643777906894684 0.2380063682794571 6.940043751133126e-15 0.02676794795254671
1145.03466796875 1.0648393630981445 0.3003702461719513 6.9425149697567405e-15 0.026675422533717536
1145.044677734375 1.068739652633667 0.3024984300136566 6.945002282006353e-15 0.026583435425279817
1145.0545654296875 1.2768698930740356 0.3226124346256256 6.947475194695862e-15 0.026489726221686032
1145.0645751953125 1.1514557600021362 0.31297004222869873 6.94999469419747e-15 0.026395444185186218
1145.0745849609375 0.8883962631225586 0.2829640805721283 6.952530710841549e-15 0.026301752325059793
1145.08447265625 0.765160322189331 0.27141183614730835 6.9550519044090514e-15 0.026206358018458192
1145.094482421875 0.8958687782287598 0.2866709530353546 6.9576201083051264e-15 0.026110423778788056
1145.1044921875 1.187139868736267 0.3135586082935333 6.960204829343673e-15 0.02601514505647645
1145.114501953125 0.7236226201057434 0.26927047967910767 6.962806067524691e-15 0.025918183586362
1145.1243896484375 1.1480543613433838 0.31287533044815063 6.965392059112658e-15 0.02582072986719076
1145.1343994140625 1.4870967864990234 0.33914703130722046 6.9680259080621455e-15 0.02572399226167582
1145.1444091796875 1.2753808498382568 0.3203269839286804 6.970676697670578e-15 0.025625603655719344
1145.154296875 0.9809431433677673 0.29379552602767944 6.973310970136539e-15 0.025526769988565807
1145.164306640625 1.1477172374725342 0.31072667241096497 6.975994794029914e-15 0.02542871995987903
1145.17431640625 1.1880306005477905 0.3145958483219147 6.978694711549287e-15 0.025329054113966135
1145.1842041015625 0.9352622032165527 0.28862515091896057 6.981378535442662e-15 0.02522899762638648
1145.1942138671875 0.8029059767723083 0.2744178771972656 6.984111910763452e-15 0.025128568152932587
1145.2042236328125 0.9741061329841614 0.2945718765258789 6.986861803226713e-15 0.025029024397304728
1145.214111328125 0.8010364770889282 0.27617692947387695 6.989595178547503e-15 0.02492792085384145
1145.22412109375 0.5914644598960876 0.25317513942718506 6.99237852881218e-15 0.024826508267159753
1145.234130859375 0.9316267967224121 0.2885144054889679 6.995179243252277e-15 0.02472605371608264
1145.2440185546875 0.676581621170044 0.26149818301200867 6.997961746484007e-15 0.024624092752305343
1145.2540283203125 0.9276913404464722 0.28690433502197266 7.00079591872552e-15 0.024521898614272654
1145.2640380859375 0.9674520492553711 0.29349932074546814 7.003647031625978e-15 0.024420732439991214
1145.27392578125 0.9753631949424744 0.29218482971191406 7.00647993331807e-15 0.02431813459283853
1145.283935546875 1.0554969310760498 0.3017432391643524 7.0093645040199444e-15 0.024215367398108898
1145.2939453125 1.266950249671936 0.31915831565856934 7.012266438897238e-15 0.024113720984036184
1145.303955078125 1.05837881565094 0.30140191316604614 7.015185314433476e-15 0.024010711859879984
1145.3138427734375 0.8421350717544556 0.27828449010849 7.018085555244875e-15 0.02390761766977996
1145.3238525390625 1.0535882711410522 0.3018735647201538 7.021038735615477e-15 0.023805734730697817
1145.3338623046875 1.011003017425537 0.2955595552921295 7.024008856645024e-15 0.023702569551548976
1145.34375 0.45757660269737244 0.23267772793769836 7.026959919433258e-15 0.02359941040030962
1145.353759765625 1.0128146409988403 0.29462486505508423 7.029964345297169e-15 0.023497553335039684
1145.36376953125 0.9231923818588257 0.2882121503353119 7.032986558852972e-15 0.023394509936257697
1145.3736572265625 1.0962351560592651 0.3037252724170685 7.0359884436180416e-15 0.02329157675948394
1145.3836669921875 1.1814537048339844 0.30938586592674255 7.039044962008209e-15 0.02318878276779359
1145.3936767578125 1.4304184913635254 0.33293235301971436 7.0421188445737946e-15 0.023087419128306915
1145.403564453125 0.8370370268821716 0.27780547738075256 7.045171974832173e-15 0.022985021726190248
1145.41357421875 1.0506386756896973 0.29820165038108826 7.048280585748596e-15 0.022882870507616393
1145.423583984375 0.881528377532959 0.2832825481891632 7.0514069843569116e-15 0.022782254797953934
1145.4334716796875 0.6711933612823486 0.2563534379005432 7.054512207141546e-15 0.02268072742505247
1145.4434814453125 0.9636407494544983 0.2917099893093109 7.057672910584225e-15 0.022579574437845643
1145.4534912109375 0.8335081338882446 0.27662670612335205 7.060851401718797e-15 0.022480056760960227
1145.46337890625 1.2964638471603394 0.31656596064567566 7.0640087170296875e-15 0.022379768188132258
1145.473388671875 1.0819082260131836 0.30114105343818665 7.067222783548044e-15 0.02227998076503289
1145.4833984375 0.9211446642875671 0.28421443700790405 7.070454214241819e-15 0.02218194686447484
1145.4932861328125 1.000556468963623 0.2932809889316559 7.0736636220789656e-15 0.022083294269434964
1145.5032958984375 1.1302831172943115 0.3067593276500702 7.0769306281565254e-15 0.021985281953821573
1145.5133056640625 1.1690292358398438 0.3076910674571991 7.080214998409504e-15 0.021889143086793267
1145.5233154296875 1.0856735706329346 0.3005732297897339 7.0835175798708485e-15 0.021792554481522487
1145.533203125 1.2099432945251465 0.313370943069458 7.086797714959091e-15 0.02169675115138063
1145.543212890625 1.12337064743042 0.3050989806652069 7.09013587180422e-15 0.02160294732492124
1145.55322265625 0.66387540102005 0.2542094588279724 7.0934918163412415e-15 0.021508872852956534
1145.5631103515625 1.0770419836044312 0.2996704578399658 7.096824890988687e-15 0.02141575155205149
1145.5731201171875 0.7032293081283569 0.26254111528396606 7.100216834425967e-15 0.021324751609982096
1145.5831298828125 0.9129682779312134 0.2850731313228607 7.103626565555139e-15 0.02123368511793162
1145.593017578125 0.826905369758606 0.27585673332214355 7.107013003278262e-15 0.021143742497015738
1145.60302734375 0.7413118481636047 0.26346999406814575 7.11045958034064e-15 0.0210549802952833
1145.613037109375 0.9943807125091553 0.28961995244026184 7.113923098061962e-15 0.020968516128189937
1145.6229248046875 1.0816890001296997 0.2987077832221985 7.11736374589371e-15 0.020882278647075904
1145.6329345703125 1.1989057064056396 0.3113574981689453 7.120863686031764e-15 0.020797404114870625
1145.6429443359375 1.0785720348358154 0.3010421395301819 7.124383107927606e-15 0.020714970355571422
1145.65283203125 0.8634365797042847 0.275044709444046 7.12787711883503e-15 0.020632997112614942
1145.662841796875 1.0739636421203613 0.29864501953125 7.131432116114656e-15 0.02055258701402377
1145.6728515625 1.2463034391403198 0.31461355090141296 7.135005748119122e-15 0.020474749137635324
1145.6827392578125 0.9091557264328003 0.28084906935691833 7.13855396913517e-15 0.020397631832427987
1145.6927490234375 1.1122702360153198 0.2996754050254822 7.142164023556368e-15 0.020322274887738252
1145.7027587890625 0.6946391463279724 0.2572062015533447 7.145793559735353e-15 0.02024963114548561
1145.7127685546875 0.9472789764404297 0.2852450907230377 7.14944088360623e-15 0.020177979985749085
1145.72265625 0.7779319286346436 0.2669016122817993 7.153061949455742e-15 0.02010829900423865
1145.732666015625 1.0295305252075195 0.2933041453361511 7.156745695743351e-15 0.020041474260759234
1145.74267578125 0.7786039113998413 0.26675111055374146 7.160448923788747e-15 0.019975922492749508
1145.7525634765625 1.6126303672790527 0.342451810836792 7.16412504677983e-15 0.01991255562399381
1145.7625732421875 1.1499208211898804 0.3024531602859497 7.167865544274905e-15 0.019852182486144183
1145.7725830078125 0.8584495782852173 0.2761077582836151 7.171623829461873e-15 0.01979338031299098
1145.782470703125 1.4376991987228394 0.3281237781047821 7.175355856627475e-15 0.019736985634229234
1145.79248046875 0.9392789006233215 0.28389090299606323 7.179152258297069e-15 0.01968307294519117
1145.802490234375 0.8161421418190002 0.27144744992256165 7.182967294691502e-15 0.019632323636989385
1145.8123779296875 1.1891919374465942 0.3037029504776001 7.186754378998676e-15 0.01958356206016402
1145.8223876953125 1.0237104892730713 0.2916385233402252 7.190606684842789e-15 0.019537502959367972
1145.8323974609375 0.7342462539672852 0.26032841205596924 7.194478472444688e-15 0.019494732884187193
1145.84228515625 1.3525254726409912 0.31970739364624023 7.198321460926381e-15 0.01945426669857036
1145.852294921875 0.9006789922714233 0.27787071466445923 7.20223051797796e-15 0.01941672355540982
1145.8623046875 1.3906326293945312 0.3242693543434143 7.206159056787325e-15 0.019382581590532223
1145.8721923828125 1.0151934623718262 0.2881651818752289 7.210058796476484e-15 0.019351067950814628
1145.8822021484375 1.0556596517562866 0.2919861674308777 7.214025451768476e-15 0.01932269230940837
1145.8922119140625 0.8154116272926331 0.26964420080184937 7.218010741785307e-15 0.019297815030506694
1145.902099609375 0.9786534309387207 0.2845553159713745 7.221966385648985e-15 0.019275888751041904
1145.912109375 1.0991257429122925 0.2972062826156616 7.22599063918139e-15 0.019257309156546627
1145.922119140625 1.1388291120529175 0.3013014495372772 7.230033527438635e-15 0.019242308198789256
1145.93212890625 1.1810307502746582 0.30454984307289124 7.234095897453666e-15 0.01923058036676253
1145.9420166015625 1.057260513305664 0.2935539186000824 7.238127774282597e-15 0.01922239535313244
1145.9520263671875 1.1356360912322998 0.3025679290294647 7.242228260780255e-15 0.019217847323440063
1145.9620361328125 1.218246340751648 0.30627143383026123 7.246349076068647e-15 0.0192168878011062
1145.971923828125 0.8486918210983276 0.2723560631275177 7.250437704105044e-15 0.019219650657042817
1145.98193359375 0.6840537190437317 0.25302189588546753 7.254596635876062e-15 0.01922609119457137
1145.991943359375 0.8076361417770386 0.2669300138950348 7.258775049404868e-15 0.019236420367095167
1146.0018310546875 0.9695954918861389 0.2831743657588959 7.262922122714625e-15 0.019250634624488623
1146.0118408203125 0.8193413019180298 0.2689986824989319 7.267139499759004e-15 0.019268785579990056
1146.0218505859375 0.9321241974830627 0.27864760160446167 7.27137635856117e-15 0.01929062336918496
1146.03173828125 1.4280421733856201 0.3280671238899231 7.27558103011134e-15 0.01931673267841964
1146.041748046875 0.9767276644706726 0.29028692841529846 7.27985685242908e-15 0.01934690947739403
1146.0517578125 0.9661774635314941 0.2889696955680847 7.284153003537554e-15 0.01938075186898455
1146.0616455078125 0.8929776549339294 0.2806965410709381 7.288415273328137e-15 0.01941912817456688
1146.0716552734375 0.6858852505683899 0.25887641310691833 7.292750387952185e-15 0.01946167933041239
1146.0816650390625 1.1627990007400513 0.31211844086647034 7.297105831366966e-15 0.019507843916652817
1146.091552734375 1.2665560245513916 0.3197847604751587 7.301427393463858e-15 0.019558783701391757
1146.1015625 1.2176525592803955 0.31516194343566895 7.305821800394213e-15 0.019613983569578015
1146.111572265625 1.1377493143081665 0.3137626647949219 7.310235689082355e-15 0.01967271419696977
1146.12158203125 1.1165767908096313 0.3090875446796417 7.314669906561232e-15 0.019736437162442975
1146.1314697265625 0.8333204984664917 0.2805653512477875 7.319070242722218e-15 0.01980447507569119
1146.1414794921875 0.8840527534484863 0.28470364212989807 7.323544270749615e-15 0.01987592521341944
1146.1514892578125 1.5912213325500488 0.3508025109767914 7.328038627567746e-15 0.01995257058433205
1146.161376953125 0.8120826482772827 0.2791075110435486 7.332497409002093e-15 0.02003355889558071
1146.17138671875 1.1034070253372192 0.30684077739715576 7.337031576368745e-15 0.020117820050814406
1146.181396484375 0.8452637195587158 0.27935802936553955 7.341586072526132e-15 0.020207443469705752
1146.1912841796875 1.0811940431594849 0.3071903884410858 7.346104993299733e-15 0.020301407913135183
1146.2012939453125 1.027269721031189 0.3012372553348541 7.35069930000564e-15 0.020399708949415687
1146.2113037109375 0.8792941570281982 0.28896453976631165 7.35531478253523e-15 0.02050105922744541
1146.22119140625 0.9088385105133057 0.28766778111457825 7.359892995615139e-15 0.020607954696894776
1146.231201171875 1.1033028364181519 0.3107720911502838 7.364548288693248e-15 0.020719160123044235
1146.2412109375 1.1115217208862305 0.3075915277004242 7.369223910562092e-15 0.02083321525844362
1146.2510986328125 1.160794973373413 0.3124198317527771 7.373863110014204e-15 0.020952929747016645
1146.2611083984375 0.6214441657066345 0.2549753785133362 7.378579389464516e-15 0.021076896684166627
1146.2711181640625 1.3286168575286865 0.3297457695007324 7.383315997705562e-15 0.02120349758265996
1146.281005859375 1.2192871570587158 0.3149174153804779 7.388015336496929e-15 0.021335842910806722
1146.291015625 0.669039785861969 0.2596331834793091 7.392792602319443e-15 0.02147236353969343
1146.301025390625 1.0735236406326294 0.3043324947357178 7.397591043965639e-15 0.021611301406401207
1146.3109130859375 1.0385440587997437 0.29075080156326294 7.402351369129208e-15 0.0217560466555088
1146.3209228515625 1.2513707876205444 0.3201868534088135 7.407190468356872e-15 0.021904876246927062
1146.3309326171875 0.8736697435379028 0.278574138879776 7.412050743408217e-15 0.02205587019431261
1146.3409423828125 1.1830097436904907 0.3117944002151489 7.416931347250296e-15 0.02221272404591754
1146.350830078125 0.8232378363609314 0.2733313739299774 7.421772987576802e-15 0.0223735604408975
1146.36083984375 0.8417664170265198 0.2795426845550537 7.426695096033296e-15 0.022536298753387248
1146.370849609375 1.2657526731491089 0.32305479049682617 7.431638380313473e-15 0.022704946505613187
1146.3807373046875 1.2450522184371948 0.3140948414802551 7.43654100701218e-15 0.022877445731182843
1146.3907470703125 0.8486576080322266 0.27437877655029297 7.441525795906772e-15 0.023051607656019414
1146.4007568359375 0.9924485683441162 0.29502037167549133 7.446530913592098e-15 0.023231669803927477
1146.41064453125 0.9555879831314087 0.2875945568084717 7.451496220728902e-15 0.023415477312186295
1146.420654296875 0.793045163154602 0.2718627154827118 7.456542843028643e-15 0.023602984666104967
1146.4306640625 0.9657107591629028 0.28836122155189514 7.461611488185013e-15 0.023791793820167342
1146.4405517578125 1.2051283121109009 0.3113546073436737 7.466638628726967e-15 0.023986520968846955
1146.4505615234375 0.8124542832374573 0.27085161209106445 7.471748778497753e-15 0.024184812328538332
1146.4605712890625 0.7940919995307922 0.2700953483581543 7.476880104092219e-15 0.02438414407616033
1146.470458984375 0.6780529022216797 0.25524798035621643 7.481969078039323e-15 0.024589390948792766
1146.48046875 1.040305733680725 0.2965880334377289 7.487142755281152e-15 0.02479805955371664
1146.490478515625 0.8619687557220459 0.27593469619750977 7.492337608346663e-15 0.025007519708206808
1146.5003662109375 0.795741617679596 0.26814591884613037 7.497490109764811e-15 0.02522287717434989
1146.5103759765625 0.555391788482666 0.2326815277338028 7.502727314477684e-15 0.025441522012808124
1146.5203857421875 1.019696831703186 0.28791698813438416 7.507985695014239e-15 0.025660701034220284
1146.5303955078125 1.0307799577713013 0.28388017416000366 7.513265251374475e-15 0.02588575355617789
1146.540283203125 1.1717557907104492 0.2946188747882843 7.518501609054401e-15 0.02611398331147056
1146.55029296875 0.9299079179763794 0.26908740401268005 7.523824364094947e-15 0.02634245689195459
1146.560302734375 1.2794933319091797 0.3048233687877655 7.529168294959174e-15 0.02657681228857519
1146.5701904296875 1.1638356447219849 0.294149786233902 7.534468180110145e-15 0.02681419219338305
1146.5802001953125 0.7300947904586792 0.25097009539604187 7.539855309654682e-15 0.027051590721476976
1146.5902099609375 0.7705308198928833 0.25628313422203064 7.5452636150229e-15 0.02729485331197767
1146.60009765625 1.1605640649795532 0.29348814487457275 7.550627874677862e-15 0.027540992438621858
1146.610107421875 0.7304010987281799 0.24782510101795197 7.556079378726391e-15 0.027789973062412338
1146.6201171875 0.9231962561607361 0.27077507972717285 7.561552058598601e-15 0.028038653699038553
1146.6300048828125 1.0766072273254395 0.28307631611824036 7.566979845724606e-15 0.028293159787692777
1146.6400146484375 1.075339436531067 0.28343936800956726 7.572496571310074e-15 0.028550386274027284
1146.6500244140625 1.1516897678375244 0.2904372215270996 7.57803531975217e-15 0.02880709211729924
1146.659912109375 1.0770034790039062 0.2852863073348999 7.583527481382166e-15 0.02906960132134967
1146.669921875 0.8446401357650757 0.26263120770454407 7.589109428504572e-15 0.02933468051897396
1146.679931640625 0.8795657753944397 0.2642737627029419 7.59471255145066e-15 0.029599051782462703
1146.6898193359375 0.8415917754173279 0.26318639516830444 7.600269934617595e-15 0.02986916209325077
1146.6998291015625 0.8005357384681702 0.2550343871116638 7.60591710327694e-15 0.030141754037326145
1146.7098388671875 1.1127989292144775 0.2877950966358185 7.61158714182586e-15 0.030413419918451104
1146.7197265625 0.8008504509925842 0.2557905912399292 7.617208899496786e-15 0.030690800312047312
1146.729736328125 0.9924085140228271 0.27360281348228455 7.622922136726017e-15 0.030970547174817547
1146.73974609375 1.1462924480438232 0.28987133502960205 7.628657396811876e-15 0.031249161559376404
1146.749755859375 1.2237120866775513 0.2963729500770569 7.63441552678731e-15 0.03153348072525493
1146.7596435546875 0.876487672328949 0.2651548385620117 7.640124528851804e-15 0.03182004877843619
1146.7696533203125 1.147063136100769 0.28807222843170166 7.645926704540496e-15 0.03210529151232191
1146.7796630859375 0.9503524303436279 0.27178651094436646 7.65175005605287e-15 0.03239621628611944
1146.78955078125 1.7931638956069946 0.34055206179618835 7.65752512668725e-15 0.03268927260208037
1146.799560546875 1.1817530393600464 0.2901150584220886 7.663394217978774e-15 0.03298083972998169
1146.8095703125 0.8724980354309082 0.2630540132522583 7.669285332126928e-15 0.03327805969590285
1146.8194580078125 0.9502034187316895 0.27107641100883484 7.675125624298246e-15 0.033577307545343875
1146.8294677734375 0.9099838137626648 0.2654845416545868 7.681061631192605e-15 0.033878572082955034
1146.8394775390625 0.9450262188911438 0.26873013377189636 7.687019660943591e-15 0.0341780990093236
1146.849365234375 0.7925477623939514 0.2544856071472168 7.692926868717743e-15 0.03448325185227195
1146.859375 0.9452999234199524 0.2685852348804474 7.698929791214934e-15 0.03479032621987574
1146.869384765625 1.019588589668274 0.27483630180358887 7.704954736568754e-15 0.03509548748524595
1146.8792724609375 0.6400305032730103 0.23883558809757233 7.710928859945738e-15 0.03540627462171857
1146.8892822265625 1.2102595567703247 0.2923109233379364 7.71699954507871e-15 0.0357188425737381
1146.8992919921875 1.0576287508010864 0.27745068073272705 7.72309225306831e-15 0.036029388306739914
1146.9091796875 1.053504467010498 0.27817440032958984 7.729133292048128e-15 0.0363455177140437
1146.919189453125 0.7139913439750671 0.24489860236644745 7.73527173981688e-15 0.03666337463005535
