wave flux_norm flux_err cont_fit cont_err
1140.091552734375 0.9407322406768799 0.20028100907802582 7.426914477566635e-15 0.023632639535958847
1140.103759765625 0.9767563343048096 0.20192675292491913 7.423736409948537e-15 0.023329078144107857
1140.115966796875 0.9141392707824707 0.1982380896806717 7.420618481669694e-15 0.023033304427781922
1140.1282958984375 0.9980801939964294 0.20519092679023743 7.417529352511058e-15 0.02274243859696266
1140.1405029296875 1.2256832122802734 0.22227390110492706 7.414531702910725e-15 0.022462209270810694
1140.1527099609375 1.0777543783187866 0.20890121161937714 7.411592498583752e-15 0.022189645551301502
1140.1649169921875 1.1529247760772705 0.2151867300271988 7.40871173953014e-15 0.02192472995838926
1140.17724609375 0.7423503398895264 0.1831771284341812 7.405862320695577e-15 0.021664870274757924
1140.189453125 1.1253368854522705 0.21083056926727295 7.40310014625458e-15 0.021415178072388404
1140.20166015625 0.963589608669281 0.2001720368862152 7.40039472302105e-15 0.021172985177920323
1140.2138671875 0.8871709108352661 0.19371451437473297 7.397748592093828e-15 0.020938262406746677
1140.2261962890625 0.8556204438209534 0.19065998494625092 7.395133801385654e-15 0.020708710833297048
1140.2384033203125 0.9456237554550171 0.1974024772644043 7.392602019906311e-15 0.020488834968699163
1140.2506103515625 1.0840229988098145 0.20526601374149323 7.390127836667381e-15 0.020276268842979096
1140.2628173828125 1.196835994720459 0.21459157764911652 7.387710404635917e-15 0.02007094934973351
1140.275146484375 0.9880924224853516 0.19995863735675812 7.385326853922344e-15 0.01987087751901183
1140.287353515625 1.1480168104171753 0.21176423132419586 7.383022077272865e-15 0.01967994544369742
1140.299560546875 1.1020324230194092 0.2079787254333496 7.380774051830852e-15 0.019496087398962133
1140.311767578125 1.123872995376587 0.20974232256412506 7.37858108353041e-15 0.019319225147848756
1140.3240966796875 0.9160239100456238 0.19438964128494263 7.376422843580806e-15 0.019149283513241532
1140.3363037109375 1.0091885328292847 0.20087577402591705 7.374340836596455e-15 0.01898459864783657
1140.3485107421875 1.2862563133239746 0.22063204646110535 7.372314733786623e-15 0.018828354980553193
1140.3607177734375 1.0554381608963013 0.20441126823425293 7.370342841085415e-15 0.01867880057547674
1140.373046875 1.1250237226486206 0.20990601181983948 7.368405676735044e-15 0.018535849252582774
1140.38525390625 1.0326366424560547 0.20309025049209595 7.366543051284032e-15 0.018398092480164534
1140.3974609375 1.125278353691101 0.20999333262443542 7.364733788908697e-15 0.018268155545473362
1140.40966796875 1.033581256866455 0.20346994698047638 7.362977889609039e-15 0.018144543422988442
1140.4219970703125 0.9179512858390808 0.19494059681892395 7.361258412726113e-15 0.01802716884603457
1140.4342041015625 1.1728825569152832 0.2127176970243454 7.359610086610756e-15 0.01791484511897667
1140.4464111328125 0.735059380531311 0.17937923967838287 7.358013429505181e-15 0.01780969154377824
1140.4586181640625 1.0128196477890015 0.1999395489692688 7.356470135475284e-15 0.017710454435180552
1140.470947265625 0.924286961555481 0.19542786478996277 7.354964110895066e-15 0.01761702741709397
1140.483154296875 0.8332382440567017 0.18891023099422455 7.353525001917681e-15 0.017528447419409076
1140.495361328125 1.0168194770812988 0.20245599746704102 7.352138408983026e-15 0.017446352031936015
1140.507568359375 0.7627457976341248 0.182369202375412 7.350802638025206e-15 0.0173697164930803
1140.5198974609375 0.9516790509223938 0.1976729929447174 7.349504983550012e-15 0.01729842618541664
1140.5321044921875 1.0421005487442017 0.20462408661842346 7.34827170357881e-15 0.01723171705373626
1140.5443115234375 0.9068483114242554 0.19455884397029877 7.347089245584443e-15 0.017170787225914686
1140.5565185546875 0.8194229006767273 0.18766577541828156 7.345956762533964e-15 0.017114825150116537
1140.56884765625 0.7668911814689636 0.1820622682571411 7.344864090032006e-15 0.017063706177937173
1140.5810546875 0.768206000328064 0.18169178068637848 7.34383240390225e-15 0.017016859623937678
1140.59326171875 1.1131782531738281 0.21089422702789307 7.342849845683435e-15 0.016975084319193295
1140.60546875 1.1255086660385132 0.211226224899292 7.341917262408508e-15 0.016937761777356012
1140.61767578125 0.8033690452575684 0.18763461709022522 7.341032960011575e-15 0.016904766027224346
1140.6300048828125 1.0485814809799194 0.2052941471338272 7.340190162229056e-15 0.016875696274680514
1140.6422119140625 0.8458313941955566 0.19076964259147644 7.339404115654004e-15 0.01685099995540628
1140.6544189453125 1.26321280002594 0.22055786848068237 7.338665502923999e-15 0.016830237498066267
1140.6666259765625 0.8625574707984924 0.1917380839586258 7.337976018104934e-15 0.0168132783413505
1140.678955078125 0.6787481904029846 0.17550775408744812 7.337327190867337e-15 0.016799882918943944
1140.691162109375 0.9488102197647095 0.19761216640472412 7.336732573738364e-15 0.016790184679561195
1140.703369140625 1.3046414852142334 0.22213146090507507 7.336185390454438e-15 0.016783910137553665
1140.715576171875 0.951524555683136 0.1970663070678711 7.335684793982611e-15 0.016780931937468647
1140.7279052734375 0.8082329630851746 0.18660563230514526 7.335226549158146e-15 0.016781142140575293
1140.7401123046875 0.978580117225647 0.19903118908405304 7.334819973343464e-15 0.01678441814987437
1140.7523193359375 1.3954285383224487 0.22887302935123444 7.334459137307934e-15 0.016790622873530996
1140.7645263671875 1.1679385900497437 0.21412988007068634 7.334144041051555e-15 0.016799639888714295
1140.77685546875 1.0772498846054077 0.20821517705917358 7.333872143475487e-15 0.016811482038393635
1140.7890625 1.194839596748352 0.21640032529830933 7.333648526777412e-15 0.01682580037567539
1140.80126953125 0.7535623908042908 0.18291819095611572 7.333469802825541e-15 0.016842586745423615
1140.8134765625 0.9141287803649902 0.1948181539773941 7.333335971619875e-15 0.016861733643724897
1140.8258056640625 1.0851563215255737 0.2089008241891861 7.333245339094518e-15 0.016883354978358574
1140.8380126953125 1.1268731355667114 0.21084915101528168 7.333200446348314e-15 0.016906920736380858
1140.8502197265625 1.0653715133666992 0.2070857584476471 7.333199599315367e-15 0.01693252973880455
1140.8624267578125 0.8007200956344604 0.18663915991783142 7.333242797995677e-15 0.016960083641332224
1140.874755859375 1.1985325813293457 0.2187730371952057 7.333330042389244e-15 0.016989788244691453
1140.886962890625 0.8108804225921631 0.1887914091348648 7.333459638430174e-15 0.017020959159318238
1140.899169921875 0.8318170309066772 0.19059784710407257 7.333632433151414e-15 0.017053791316457262
1140.911376953125 0.9292835593223572 0.19800712168216705 7.333848426552964e-15 0.01708819502134039
1140.9237060546875 1.0190112590789795 0.2048899531364441 7.33410846566777e-15 0.017124086901134764
1140.9359130859375 0.7253759503364563 0.18045783042907715 7.334409162364046e-15 0.017161759602570516
1140.9481201171875 0.9890801310539246 0.2019961178302765 7.334751363674737e-15 0.01720038641941804
1140.9603271484375 0.8967378735542297 0.19457505643367767 7.335135069599843e-15 0.017240257518814705
1140.97265625 0.8305953741073608 0.18818789720535278 7.3355645153041e-15 0.01728129501179234
1140.98486328125 0.7807188630104065 0.18364068865776062 7.33603038342509e-15 0.017323854962443257
1140.9970703125 1.0813039541244507 0.20679643750190735 7.336537756160496e-15 0.017367022305858428
1141.00927734375 0.7279267907142639 0.17778412997722626 7.337084939444422e-15 0.017411146128950103
1141.0216064453125 1.0261330604553223 0.2008221596479416 7.337679556573395e-15 0.01745616089330235
1141.0338134765625 1.2090154886245728 0.21464909613132477 7.33830720798731e-15 0.017502465252009734
1141.0460205078125 1.163709282875061 0.2115250527858734 7.338975516982694e-15 0.01754908407395803
1141.0582275390625 1.2311899662017822 0.21645094454288483 7.339682789493651e-15 0.017596413983707572
1141.070556640625 0.8873589634895325 0.19142231345176697 7.340436648816707e-15 0.017644398472685962
1141.082763671875 0.8181998133659363 0.18564541637897491 7.34122269539176e-15 0.01769347078449779
1141.094970703125 1.093573808670044 0.20617817342281342 7.342046858449438e-15 0.01774261372331745
1141.107177734375 1.1609480381011963 0.21125414967536926 7.34290998502269e-15 0.017792256673321447
1141.1195068359375 1.1146129369735718 0.207877054810524 7.343819698408041e-15 0.01784235486185026
1141.1317138671875 0.8855779767036438 0.19026747345924377 7.344759057946546e-15 0.01789337357533443
1141.1439208984375 1.0679794549942017 0.20468316972255707 7.34573568693473e-15 0.017944255148691458
1141.1561279296875 1.0692617893218994 0.2043900042772293 7.346749585372594e-15 0.01799546812426767
1141.16845703125 0.9990203976631165 0.19894351065158844 7.347810917655503e-15 0.0180469701688256
1141.1806640625 0.6335095167160034 0.1698453575372696 7.348899354992725e-15 0.018099244451374914
1141.19287109375 0.8161385655403137 0.18444877862930298 7.350023367713732e-15 0.018151223591282493
1141.205078125 0.9519402980804443 0.19590091705322266 7.351184649884417e-15 0.01820338737496648
1141.21728515625 1.0656287670135498 0.20418709516525269 7.352381507438888e-15 0.018255708607261188
1141.2296142578125 1.3602263927459717 0.22353796660900116 7.353625798838404e-15 0.01830868065616205
1141.2418212890625 0.813657283782959 0.18491977453231812 7.354894654193391e-15 0.01836122849761623
1141.2540283203125 0.928580105304718 0.19285739958286285 7.356197390866268e-15 0.01841385009987799
1141.2662353515625 0.9724154472351074 0.19734925031661987 7.35753570292293e-15 0.0184665215797842
1141.278564453125 0.9046818614006042 0.19114653766155243 7.358923142890533e-15 0.01851974463559962
1141.290771484375 0.9029715061187744 0.18911504745483398 7.360330064615922e-15 0.018572446338268978
1141.302978515625 0.9945086240768433 0.19845174252986908 7.361772561725096e-15 0.018625133174085658
1141.315185546875 1.0184483528137207 0.19953063130378723 7.363248093119213e-15 0.018677787854030847
1141.3275146484375 1.0852923393249512 0.20512449741363525 7.364771905391324e-15 0.01873091796100874
1141.3397216796875 1.0406231880187988 0.20198532938957214 7.366314352388274e-15 0.018783453584128116
1141.3519287109375 0.8360785841941833 0.18683724105358124 7.367890680703114e-15 0.018835912357745264
1141.3641357421875 0.950186550617218 0.19524967670440674 7.36949919626995e-15 0.01888827407656664
1141.37646484375 0.767205536365509 0.18111516535282135 7.371156839747726e-15 0.018941054534389625
1141.388671875 0.9686558246612549 0.19591230154037476 7.372829729818554e-15 0.01899319444444376
1141.40087890625 1.0146310329437256 0.19974447786808014 7.374535654174324e-15 0.019045206535059107
1141.4130859375 0.71950763463974 0.17629282176494598 7.376272918749142e-15 0.019097084216225548
1141.4254150390625 1.0596387386322021 0.20310913026332855 7.378059311234902e-15 0.019149337403284734
1141.4376220703125 1.013126254081726 0.1997779756784439 7.379859256247817e-15 0.01920092159079811
1141.4498291015625 1.0816564559936523 0.20478011667728424 7.381690541479781e-15 0.019252352116483917
1141.4620361328125 0.9462263584136963 0.1943752020597458 7.383552319897846e-15 0.019303624340516523
1141.474365234375 1.0126032829284668 0.19947569072246552 7.385463226226852e-15 0.01935524179132717
1141.486572265625 1.0604701042175293 0.20297616720199585 7.387385143984172e-15 0.019406183998202715
1141.498779296875 0.9455748200416565 0.19364909827709198 7.389337554927593e-15 0.019456956593613916
1141.510986328125 1.0610061883926392 0.20232704281806946 7.391319612024168e-15 0.019507562641988743
1141.5233154296875 1.0626243352890015 0.20318402349948883 7.393350797031684e-15 0.019558501131892534
1141.5355224609375 1.017888069152832 0.2003619521856308 7.39539129940162e-15 0.019608768176074425
1141.5477294921875 0.8422459363937378 0.18681178987026215 7.397460600891761e-15 0.0196588679953191
1141.5599365234375 0.8181248307228088 0.18513047695159912 7.399557854469163e-15 0.019708803879340576
1141.572265625 1.2429739236831665 0.21643756330013275 7.401705082990453e-15 0.019758576539851247
1141.58447265625 1.0148952007293701 0.20149709284305573 7.40385908777532e-15 0.019808689538595232
1141.5966796875 0.6646780967712402 0.17240576446056366 7.406041044647448e-15 0.019858149447074647
1141.60888671875 0.7406188249588013 0.17718495428562164 7.408250106573887e-15 0.01990746073221263
1141.6212158203125 0.7566071152687073 0.18217533826828003 7.410509143444214e-15 0.019956627725552595
1141.6334228515625 1.058846116065979 0.20791557431221008 7.412773262512225e-15 0.020006148687214443
1141.6456298828125 0.9972203969955444 0.20408974587917328 7.4150636396016e-15 0.020055047675379883
1141.6578369140625 0.9710620045661926 0.20231784880161285 7.417379427679394e-15 0.02010382420682595
1141.670166015625 1.1203889846801758 0.2130657285451889 7.419746037734022e-15 0.020152486029753836
1141.682373046875 0.9915566444396973 0.2033645510673523 7.422114341854545e-15 0.020201524167624718
1141.694580078125 1.2729432582855225 0.22648748755455017 7.424508903996433e-15 0.020249981481894126
1141.706787109375 0.9772850871086121 0.20303362607955933 7.426928877126739e-15 0.02029834973461096
1141.7191162109375 1.0158257484436035 0.20170994102954865 7.429397978167985e-15 0.020346636540840526
1141.7313232421875 1.0335968732833862 0.2060178965330124 7.431867926242178e-15 0.020395341849402084
1141.7435302734375 1.2010422945022583 0.2174547016620636 7.434361591238895e-15 0.02044350347702784
1141.7557373046875 1.3628424406051636 0.22800756990909576 7.436879820191082e-15 0.020491622652717256
1141.76806640625 0.8461142182350159 0.18963423371315002 7.439448024087157e-15 0.02053970576487356
1141.7802734375 0.7592737674713135 0.1822957694530487 7.442014533917338e-15 0.020588249036932498
1141.79248046875 0.884105384349823 0.19144679605960846 7.444603913637094e-15 0.020636303633042665
1141.8046875 1.1405197381973267 0.21030119061470032 7.447217010279374e-15 0.020684358329967383
1141.81689453125 1.091860055923462 0.20653776824474335 7.449852129778282e-15 0.0207324318115872
1141.8292236328125 0.9941216707229614 0.19909432530403137 7.452537224221078e-15 0.020781018250474306
1141.8414306640625 1.016030192375183 0.20083433389663696 7.455218930532085e-15 0.020829167002230413
1141.8536376953125 0.9407021403312683 0.1945132166147232 7.457921812666773e-15 0.020877374706627885
1141.8658447265625 0.8697136640548706 0.18846027553081512 7.46064671765809e-15 0.020925655897066884
1141.878173828125 0.7267162799835205 0.17605717480182648 7.463420750560348e-15 0.020974507812556772
1141.890380859375 0.9084774851799011 0.1911098062992096 7.466188854231975e-15 0.021022981146629836
1141.902587890625 1.0860636234283447 0.20410145819187164 7.468977286694337e-15 0.021071571752005094
1141.914794921875 1.3297618627548218 0.22027641534805298 7.471787742013326e-15 0.021120297417870866
1141.9271240234375 0.8468852639198303 0.1852198839187622 7.474645631177362e-15 0.021169659964294936
1141.9393310546875 0.7519693970680237 0.17648574709892273 7.47749674407782e-15 0.021218703114566542
1141.9515380859375 1.0646501779556274 0.20124968886375427 7.480367338736065e-15 0.021267927994781704
1141.9637451171875 0.9049322009086609 0.1885136365890503 7.483257415152097e-15 0.02131735133706104
1141.97607421875 1.0381890535354614 0.19840897619724274 7.48619661947907e-15 0.02136748802365604
1141.98828125 1.0597933530807495 0.20027491450309753 7.489125659410675e-15 0.021417360288548393
1142.00048828125 1.1356390714645386 0.2077265828847885 7.492074181100067e-15 0.02146748020015599
1142.0126953125 0.9765844941139221 0.1977776139974594 7.495040490481351e-15 0.021517866369552607
1142.0250244140625 1.0679320096969604 0.20483501255512238 7.498055927773577e-15 0.021569045308553327
1142.0372314453125 1.1027543544769287 0.2056712806224823 7.501058659571593e-15 0.021620016758924773
1142.0494384765625 1.1926521062850952 0.2170628160238266 7.50408002609445e-15 0.021671305470972367
1142.0616455078125 0.920966625213623 0.19681008160114288 7.507119180309198e-15 0.0217229311202502
1142.073974609375 1.2342829704284668 0.21979160606861115 7.510205768368992e-15 0.02177542854374379
1142.086181640625 1.1647368669509888 0.2153244912624359 7.513278803901631e-15 0.021827778635715656
1142.098388671875 1.2034438848495483 0.21934407949447632 7.516368780093215e-15 0.02188051434470668
1142.110595703125 0.9251691102981567 0.19797644019126892 7.519474849910796e-15 0.02193365792342459
1142.1229248046875 0.9718829393386841 0.20093610882759094 7.522629200606371e-15 0.021987759439051006
1142.1351318359375 0.9643248319625854 0.20139829814434052 7.525768304708896e-15 0.022041765832417314
1142.1473388671875 0.8495296239852905 0.19212129712104797 7.52892265540447e-15 0.022096231926540637
1142.1595458984375 0.8329511880874634 0.1918061077594757 7.532092252693096e-15 0.02215116872825299
1142.171875 0.7650431394577026 0.18560640513896942 7.535309283826768e-15 0.022206601927340006
1142.18408203125 0.7905442714691162 0.1877790242433548 7.538509374301495e-15 0.02226310292618737
1142.1962890625 1.173518419265747 0.2204037755727768 7.541724711369272e-15 0.022319575645167823
1142.20849609375 0.7513126134872437 0.18544161319732666 7.544953600964206e-15 0.02237659262374341
1142.2208251953125 0.948213517665863 0.20029479265213013 7.548229077371238e-15 0.022434170807958006
1142.2330322265625 0.7017130851745605 0.17900647222995758 7.551486766086378e-15 0.022492908643699443
1142.2452392578125 0.5046068429946899 0.15892621874809265 7.554757160295727e-15 0.02255166434340151
1142.2574462890625 0.8584247827529907 0.19329747557640076 7.558041954065179e-15 0.022611031974913695
1142.269775390625 0.834035336971283 0.19253796339035034 7.561371640580836e-15 0.02267102566907856
1142.281982421875 0.5641472339630127 0.1656908541917801 7.564681845338705e-15 0.02273227409116091
1142.294189453125 0.7464790940284729 0.18421508371829987 7.568003908557837e-15 0.022793579396084652
1142.306396484375 0.4650578498840332 0.1568935513496399 7.571338677271177e-15 0.022855561445748962
1142.3187255859375 0.5227982997894287 0.1599973738193512 7.574719185763669e-15 0.022918234925898767
1142.3309326171875 0.5869231224060059 0.16489920020103455 7.578077671399532e-15 0.022982254007199877
1142.3431396484375 0.6007118225097656 0.16567358374595642 7.581448015496657e-15 0.023046363932733273
1142.3553466796875 0.8290897011756897 0.18976277112960815 7.584828523989149e-15 0.023111213049071277
1142.36767578125 0.7717458605766296 0.1817081868648529 7.588254772260793e-15 0.02317681445392305
1142.3798828125 0.6792917251586914 0.17594371736049652 7.59165815064286e-15 0.023243849407174662
1142.39208984375 0.9337350130081177 0.1985078901052475 7.595070846387348e-15 0.02331100696944415
1142.404296875 1.03937828540802 0.2055732160806656 7.598493706527203e-15 0.02337895785933544
1142.41650390625 0.911526083946228 0.1962093859910965 7.601927578095372e-15 0.023447718215261773
1142.4288330078125 0.9102455973625183 0.19333694875240326 7.60540464834385e-15 0.023518001733291587
1142.4410400390625 0.847915768623352 0.19044366478919983 7.608856307603912e-15 0.0235884255639286
1142.4532470703125 0.9715408086776733 0.20051974058151245 7.612317284226393e-15 0.023659697829854737
1142.4654541015625 0.9697425365447998 0.19690042734146118 7.615787578211294e-15 0.02373183048908412
1142.477783203125 0.8495621085166931 0.18571792542934418 7.619300223843557e-15 0.023805567751077283
1142.489990234375 1.038167119026184 0.19876337051391602 7.622787458487403e-15 0.023879461349866533
1142.502197265625 0.9137112498283386 0.18910253047943115 7.626281469394827e-15 0.02395424970821146
1142.514404296875 0.8977347016334534 0.18679985404014587 7.629783950631724e-15 0.024029941727448195
1142.5267333984375 0.9703904390335083 0.19091390073299408 7.633328783515983e-15 0.024107319138988333
1142.5389404296875 1.01305091381073 0.19290071725845337 7.636845664312983e-15 0.02418485874992319
1142.5511474609375 1.0113798379898071 0.19352670013904572 7.64036932137356e-15 0.024263331722816618
1142.5633544921875 0.708858847618103 0.16980718076229095 7.643900601730664e-15 0.024342747264775054
1142.57568359375 1.1622705459594727 0.2035755068063736 7.647472539669235e-15 0.024423923309598698
1142.587890625 0.7732122540473938 0.1748177707195282 7.6510156784876e-15 0.02450525978602641
1142.60009765625 1.1786673069000244 0.2043151706457138 7.654564746536596e-15 0.024587560582896836
1142.6123046875 1.0310683250427246 0.19407792389392853 7.658118896783275e-15 0.024670837161513352
1142.6246337890625 1.4408289194107056 0.22104240953922272 7.661714551644369e-15 0.02475594078142208
1142.6368408203125 0.9450121521949768 0.18822777271270752 7.665278866286415e-15 0.02484119114306679
1142.6490478515625 0.9870819449424744 0.19106267392635345 7.668849110159092e-15 0.02492743576636554
1142.6612548828125 0.7913239002227783 0.1759212762117386 7.672422742163558e-15 0.02501467544409736
1142.673583984375 0.941918134689331 0.18770116567611694 7.676037031749492e-15 0.02510380537556559
1142.685791015625 1.1591390371322632 0.201792374253273 7.67961913408343e-15 0.025193063247947657
1142.697998046875 0.9816819429397583 0.19011111557483673 7.683205471582105e-15 0.02528333019940398
1142.710205078125 1.0459872484207153 0.19462817907333374 7.686795197212569e-15 0.025374608085707247
1142.7225341796875 1.326892375946045 0.21308638155460358 7.690423039325659e-15 0.02546782905638085
1142.7347412109375 1.026418924331665 0.19164101779460907 7.694018694186754e-15 0.025561146299915294
1142.7469482421875 1.002537488937378 0.19120316207408905 7.69761689014669e-15 0.025655483723078513
1142.7591552734375 0.9827497601509094 0.188987135887146 7.701217627205468e-15 0.0257508376484312
1142.771484375 0.8515585064888 0.17934906482696533 7.704856480746872e-15 0.025847211967462785
1142.78369140625 1.2350918054580688 0.20693834125995636 7.708461452970387e-15 0.025945582446321797
1142.7958984375 1.0192441940307617 0.19157789647579193 7.712067272226848e-15 0.026044002218603177
1142.80810546875 0.9962897300720215 0.19090653955936432 7.715674785549204e-15 0.026143437836922148
1142.8204345703125 1.4712393283843994 0.22165341675281525 7.719318721288292e-15 0.0262438872182322
1142.8326416015625 0.9521411657333374 0.18660391867160797 7.722927928676543e-15 0.026346369795306662
1142.8448486328125 0.8908266425132751 0.18233440816402435 7.72653798309774e-15 0.02644885060232108
1142.8570556640625 0.760309636592865 0.17193880677223206 7.730148037518939e-15 0.02655233600383531
1142.869384765625 0.9519488215446472 0.18732047080993652 7.733793667323921e-15 0.026656821109512556
1142.881591796875 1.0162463188171387 0.19209374487400055 7.737403721745119e-15 0.026763363888301816
1142.893798828125 1.0167360305786133 0.1920817643404007 7.74101292913337e-15 0.026869846378235487
1142.906005859375 1.077935814857483 0.1957823783159256 7.744620442455726e-15 0.026977312743226088
1142.9183349609375 0.8880323767662048 0.18204547464847565 7.748264378194814e-15 0.02708575638008487
1142.9305419921875 1.038469672203064 0.19319698214530945 7.751870197451275e-15 0.027196272078689476
1142.9427490234375 0.9079412221908569 0.18367739021778107 7.755474322641842e-15 0.027306661937071625
1142.9549560546875 0.7809000611305237 0.17396607995033264 7.759075906733567e-15 0.027418004460349445
1142.96728515625 0.9507507681846619 0.18694837391376495 7.76271221917613e-15 0.027530296125783317
1142.9794921875 0.6716623902320862 0.1645183265209198 7.766309568103119e-15 0.027644660609983454
1142.99169921875 0.9259618520736694 0.18500511348247528 7.769904375931266e-15 0.02775882438491557
1143.00390625 0.9907422065734863 0.18908154964447021 7.773496642660572e-15 0.027873903489394974
1143.0162353515625 0.8645350933074951 0.1791682243347168 7.777121096641873e-15 0.02798989090166018
1143.0284423828125 1.0956732034683228 0.19674323499202728 7.7807065871076e-15 0.028107943852642557
1143.0406494140625 0.6511250138282776 0.16262666881084442 7.784287842408592e-15 0.028225714072962645
1143.0528564453125 0.775142252445221 0.1722651720046997 7.787864862544847e-15 0.028344354282322216
1143.0650634765625 0.7121646404266357 0.16727209091186523 7.791438494549312e-15 0.028463849355252174
1143.077392578125 1.0083945989608765 0.19031257927417755 7.79504261973988e-15 0.028585396086543084
1143.089599609375 0.6286939382553101 0.1603032499551773 7.798606087348978e-15 0.028706569220887414
1143.101806640625 0.5210371613502502 0.14967073500156403 7.802164472760394e-15 0.028828556019857052
1143.114013671875 0.5831993818283081 0.15626904368400574 7.805717775974125e-15 0.028951343453691443
1143.1263427734375 0.4587562680244446 0.143331378698349 7.809300725341011e-15 0.029076149847762023
1143.1385498046875 0.5429829359054565 0.1523885428905487 7.812842170093481e-15 0.029200489603787856
1143.1507568359375 0.7276521325111389 0.16796743869781494 7.816377685615321e-15 0.029325578206904557
1143.1629638671875 0.6884807348251343 0.16536955535411835 7.819906424873582e-15 0.029451397228752226
1143.17529296875 0.6683032512664795 0.16340351104736328 7.82346396325205e-15 0.029579198040301413
1143.1875 0.6696107387542725 0.16330194473266602 7.826979149983156e-15 0.02970643111685656
1143.19970703125 0.5860260128974915 0.15500174462795258 7.830487560450683e-15 0.029834342431878675
1143.2119140625 0.5608806610107422 0.15354235470294952 7.833987500588738e-15 0.029962907077429397
1143.2242431640625 0.8130293488502502 0.1752730756998062 7.837515392814052e-15 0.030093404496977883
1143.2364501953125 1.0223166942596436 0.19053223729133606 7.841000086359056e-15 0.030223226396945697
1143.2486572265625 0.9383667707443237 0.18442857265472412 7.844476309574588e-15 0.030353645575453135
1143.2608642578125 0.9781733155250549 0.18638065457344055 7.847944062460647e-15 0.030484635564598843
1143.273193359375 0.8526629209518433 0.17765074968338013 7.851438073368071e-15 0.03061749786871409
1143.285400390625 0.8530199527740479 0.1771782636642456 7.854888038562238e-15 0.0307495748430583
1143.297607421875 0.8309558629989624 0.1756940633058548 7.858327839361037e-15 0.030882157965901692
1143.309814453125 0.7483639717102051 0.16920281946659088 7.861759169830364e-15 0.031015225048384963
1143.3221435546875 0.9165817499160767 0.18126891553401947 7.865214217222215e-15 0.031150087238555422
1143.3343505859375 0.7882347702980042 0.17250217497348785 7.86862437186786e-15 0.0312840525994237
1143.3465576171875 0.872291088104248 0.17904435098171234 7.87202436211814e-15 0.0314184272207732
1143.3587646484375 0.7454240322113037 0.16820138692855835 7.875414187973051e-15 0.03155319027138105
1143.37109375 1.1401946544647217 0.1977129876613617 7.878826883717539e-15 0.03168831324271833
1143.38330078125 0.5785686373710632 0.15387454628944397 7.882193839682874e-15 0.031825125184555034
1143.3955078125 0.869015634059906 0.1769527792930603 7.885549784219896e-15 0.0319608912628436
1143.40771484375 1.1815671920776367 0.2000018060207367 7.888893023262709e-15 0.032096943098053644
1143.4200439453125 0.973385214805603 0.1860971599817276 7.89225828516215e-15 0.03223324717697578
1143.4322509765625 1.033761739730835 0.190190389752388 7.89557780728244e-15 0.032371141837810376
1143.4444580078125 0.8681761026382446 0.17786352336406708 7.89888462390852e-15 0.03250787615685002
1143.4566650390625 0.9496607780456543 0.182982936501503 7.902178735040392e-15 0.032644779523714265
1143.468994140625 1.0906548500061035 0.1935628205537796 7.905493174962998e-15 0.03278182276893352
1143.481201171875 0.9717890620231628 0.18535944819450378 7.908760181040558e-15 0.032920354766175844
1143.493408203125 0.9068244099617004 0.1805824339389801 7.91201448162391e-15 0.03305759764611376
1143.505615234375 0.8866281509399414 0.1785273253917694 7.915254382647157e-15 0.03319489663245332
1143.5179443359375 0.8448776006698608 0.17519348859786987 7.918512071362297e-15 0.033332219035905074
1143.5301513671875 0.8423027992248535 0.17564815282821655 7.921723173265338e-15 0.03347090845739729
1143.5423583984375 0.928783655166626 0.18196769058704376 7.924919875608276e-15 0.033608189991024856
1143.5545654296875 0.9640613794326782 0.18433281779289246 7.928101331358163e-15 0.03374540087624068
1143.56689453125 0.8226801156997681 0.1739172339439392 7.931299727766995e-15 0.03388251256800885
1143.5791015625 0.9241580367088318 0.18150630593299866 7.934450690330781e-15 0.03402086548920036
1143.59130859375 0.8390921354293823 0.17477643489837646 7.93758555926857e-15 0.034157681909386305
1143.603515625 0.9842597842216492 0.18531763553619385 7.94070433458036e-15 0.03429430569381469
1143.6158447265625 0.8616365194320679 0.17644843459129333 7.943837509452253e-15 0.034430702923936414
1143.6280517578125 1.0222454071044922 0.1879274994134903 7.946923250479101e-15 0.03456819694129965
1143.6402587890625 0.9412683844566345 0.18218331038951874 7.94999289787995e-15 0.03470403651079026
1143.6524658203125 1.0023249387741089 0.18684254586696625 7.953044757588908e-15 0.03483954807271298
1143.6646728515625 0.7792165875434875 0.16867907345294952 7.956078829605973e-15 0.0349747018912644
1143.677001953125 0.7742215991020203 0.16966281831264496 7.959126454150194e-15 0.03511080114575045
1143.689208984375 0.6323720216751099 0.15761516988277435 7.962124950783474e-15 0.035245127599469656
1143.701416015625 0.754746675491333 0.16745373606681824 7.965105659724862e-15 0.03537898708424036
1143.713623046875 0.8551031351089478 0.1754339635372162 7.968068580974357e-15 0.0355123503078933
1143.7259521484375 0.7940977215766907 0.17063812911510468 7.97104166661922e-15 0.0356465068208367
1143.7381591796875 0.7744802832603455 0.16879981756210327 7.973965624353142e-15 0.03577876357504054
1143.7503662109375 0.8367008566856384 0.1738574206829071 7.976870947362224e-15 0.03591041653429832
1143.7625732421875 0.7310457825660706 0.1649523377418518 7.97975678861352e-15 0.03604142950558006
1143.77490234375 0.7103927135467529 0.1638747602701187 7.982651100194287e-15 0.036173070582704414
1143.787109375 0.6900211572647095 0.16234266757965088 7.985497130897062e-15 0.036302693404834885
1143.79931640625 0.6485178470611572 0.1584523618221283 7.988322832809102e-15 0.036431568729480605
1143.8115234375 0.9355006814002991 0.1812269687652588 7.991127358897461e-15 0.03655965958503834
1143.8238525390625 0.6683744788169861 0.16000783443450928 7.993939508282345e-15 0.03668820169813703
1143.8360595703125 0.5864635109901428 0.15284286439418793 7.996702529756289e-15 0.036814611053468
1143.8482666015625 0.7715821862220764 0.1687489002943039 7.999443528373604e-15 0.036940125343473615
1143.8604736328125 0.6280850768089294 0.15621839463710785 8.002163351167237e-15 0.037064710565730886
1143.872802734375 0.5231141448020935 0.14700008928775787 8.004888256158554e-15 0.03718955909916487
1143.885009765625 0.44344621896743774 0.13899517059326172 8.00756403323893e-15 0.03731216343452732
1143.897216796875 0.4029419720172882 0.13478334248065948 8.010216940429731e-15 0.03743372662505371
1143.909423828125 0.32166755199432373 0.124871164560318 8.012846977730956e-15 0.03755420862222222
1143.9217529296875 0.42205527424812317 0.13683286309242249 8.01548040316397e-15 0.03767476283063749
1143.9339599609375 0.17702308297157288 0.10562846064567566 8.018064700686042e-15 0.03779296328705881
1143.9461669921875 0.2985403537750244 0.12209849059581757 8.020625281285592e-15 0.03790997260675686
1143.9583740234375 0.2987231910228729 0.12300718575716019 8.023162144962619e-15 0.03802574866893747
1143.970703125 0.25790393352508545 0.11724209040403366 8.025699855672593e-15 0.03814139832356077
1143.98291015625 0.17529191076755524 0.10636137425899506 8.028187591438678e-15 0.03825458828881926
1143.9951171875 0.3394242227077484 0.12722721695899963 8.030651610282241e-15 0.03836643595394727
1144.00732421875 0.21536646783351898 0.11145384609699249 8.033090218137386e-15 0.03847690169736426
1144.0196533203125 0.21728889644145966 0.11173849552869797 8.035527978959584e-15 0.03858594506552891
1144.0318603515625 0.31849050521850586 0.12496782094240189 8.037915764837894e-15 0.0386946030139955
1144.0440673828125 0.2978869378566742 0.12262094765901566 8.040278139727786e-15 0.038800677521943494
1144.0562744140625 0.5218074917793274 0.1464192122220993 8.042615103629261e-15 0.0389052184938569
1144.068603515625 0.46103134751319885 0.14013095200061798 8.044947832366e-15 0.039008184662791656
1144.080810546875 0.4172455966472626 0.1357552707195282 8.047232280224744e-15 0.03911054627622111
1144.093017578125 0.5398131012916565 0.14753012359142303 8.04948877599623e-15 0.039210236907489225
1144.105224609375 0.8663254976272583 0.17495687305927277 8.05171901374635e-15 0.039308243634681855
1144.1175537109375 0.7820596694946289 0.1674339324235916 8.05394332226584e-15 0.039404522659242505
1144.1297607421875 0.8039602041244507 0.16977135837078094 8.056118502874389e-15 0.039499974904296166
1144.1419677734375 0.9276064038276672 0.17886891961097717 8.058265731395679e-15 0.0395926709786892
1144.1541748046875 0.6034231781959534 0.15305957198143005 8.060385007829709e-15 0.039683530392097814
1144.16650390625 0.620166540145874 0.1551082581281662 8.062497508000161e-15 0.0397725124697728
1144.1787109375 1.0237349271774292 0.1849227100610733 8.064559186193778e-15 0.039860439754509015
1144.19091796875 0.8027728199958801 0.1696535050868988 8.066592912300136e-15 0.03994553655093412
1144.203125 1.005711317062378 0.1843697428703308 8.06859699225334e-15 0.04002864376840485
1144.2154541015625 0.9260851740837097 0.17796531319618225 8.070590907811176e-15 0.04010972506239041
1144.2276611328125 1.1681853532791138 0.19513846933841705 8.072536542491019e-15 0.04018952000785161
1144.2398681640625 0.6805254220962524 0.15995536744594574 8.074451683984761e-15 0.04026641660692944
1144.2520751953125 0.6612281203269958 0.15796539187431335 8.076336332292402e-15 0.040341175011757234
1144.2642822265625 0.963615357875824 0.18156278133392334 8.078190487413942e-15 0.04041376020677842
1144.276611328125 0.94447922706604 0.17958101630210876 8.08003278407422e-15 0.0404848230952396
1144.288818359375 1.0432158708572388 0.1862780600786209 8.08182510579061e-15 0.04055292861646726
1144.301025390625 0.8620426654815674 0.17409783601760864 8.083586087287951e-15 0.04061874917531342
1144.313232421875 0.818899393081665 0.17043191194534302 8.085315728566245e-15 0.040682252166402706
1144.3255615234375 1.0451898574829102 0.18668094277381897 8.087030970284435e-15 0.04074399979591779
1144.3377685546875 0.9830251932144165 0.18253375589847565 8.088696237058737e-15 0.04080273400615779
1144.3499755859375 1.1224874258041382 0.19214904308319092 8.09033016361399e-15 0.04085904553565566
1144.3621826171875 0.6991992592811584 0.16070754826068878 8.0919310558843e-15 0.040912894967371875
1144.37451171875 0.8596128225326538 0.17335206270217896 8.093514160462719e-15 0.04096475208475139
1144.38671875 0.760638952255249 0.16569215059280396 8.095048984163144e-15 0.041013555936529965
1144.39892578125 0.9797917604446411 0.18188174068927765 8.096549926545678e-15 0.04105979630627855
1144.4111328125 1.0200421810150146 0.18481062352657318 8.09801783464327e-15 0.04110344421839474
1144.4234619140625 0.9386720061302185 0.17907366156578064 8.099465413950128e-15 0.04114485606922987
1144.4356689453125 0.7787724137306213 0.16706900298595428 8.100864712378992e-15 0.041183186129310274
1144.4478759765625 0.8804663419723511 0.17397014796733856 8.102230129489966e-15 0.04121882219786244
1144.4600830078125 0.9204072952270508 0.1776716411113739 8.103559971217155e-15 0.0412517289289444
1144.472412109375 0.7164528965950012 0.16106043756008148 8.104867790087716e-15 0.04128216781615527
1144.484619140625 0.6552691459655762 0.1570890247821808 8.106127328080283e-15 0.04130950185746293
1144.496826171875 0.7165485620498657 0.16224965453147888 8.107351290689065e-15 0.04133401616411918
1144.509033203125 0.8779590129852295 0.17393440008163452 8.108539677914063e-15 0.04135567943002157
1144.5213623046875 0.7383820414543152 0.1635420024394989 8.10970350118359e-15 0.04137463803161581
1144.5335693359375 0.8560383319854736 0.17286887764930725 8.110819043575124e-15 0.041390480370421055
1144.5457763671875 0.8963372111320496 0.1760709136724472 8.111898163549926e-15 0.041403386966024094
1144.5579833984375 0.7776429057121277 0.16633158922195435 8.112940861107996e-15 0.04141332537743844
1144.5703125 0.8349854350090027 0.17066818475723267 8.113955606578807e-15 0.041420320214530536
1144.58251953125 0.9167530536651611 0.17725569009780884 8.114922918204572e-15 0.041424211221037587
1144.5947265625 0.9974647164344788 0.1822376698255539 8.115852960380657e-15 0.04142505224803827
1144.60693359375 1.0370763540267944 0.18593214452266693 8.116744886074116e-15 0.04142281598871182
1144.6192626953125 0.9545894265174866 0.17991706728935242 8.11760716561442e-15 0.04141747897852628
1144.6314697265625 0.8157915472984314 0.16925901174545288 8.118422011309679e-15 0.04140891237520234
1144.6436767578125 0.815310537815094 0.16986395418643951 8.119197893489364e-15 0.041397264379585
1144.6558837890625 0.7737703919410706 0.16596932709217072 8.119935659186422e-15 0.041382439031047484
1144.668212890625 0.7969465255737305 0.16778595745563507 8.120640390598538e-15 0.041364418776947166
1144.680419921875 0.6349298357963562 0.15499229729175568 8.121298535198555e-15 0.04134294618973869
1144.692626953125 0.593767523765564 0.15058358013629913 8.12191686925005e-15 0.04131842374054437
1144.704833984375 0.4929213523864746 0.14201365411281586 8.122495392753025e-15 0.04129064068045794
1144.7171630859375 0.5523990392684937 0.1477123647928238 8.123038340872215e-15 0.0412595688373099
1144.7293701171875 0.5532205104827881 0.14735449850559235 8.123535549212253e-15 0.041224830513946334
1144.7415771484375 0.6752947568893433 0.15777534246444702 8.123992099970823e-15 0.041187096973180584
1144.7537841796875 0.5551920533180237 0.14755426347255707 8.124407146114978e-15 0.0411460212968658
1144.76611328125 0.4523111879825592 0.13768263161182404 8.124784922809453e-15 0.041101578939283526
1144.7783203125 0.41238218545913696 0.13397617638111115 8.125116959724777e-15 0.041053270452982474
1144.79052734375 0.29461541771888733 0.12073156982660294 8.125406644992738e-15 0.04100202257314085
1144.802734375 0.3341503143310547 0.12377247214317322 8.125654825646283e-15 0.040947373346122896
1144.8150634765625 0.2116294801235199 0.10852836072444916 8.125861501685414e-15 0.04088929453672559
1144.8272705078125 0.27271732687950134 0.11756500601768494 8.126024132011286e-15 0.04082714952295661
1144.8394775390625 0.2929697334766388 0.120308056473732 8.12614356365685e-15 0.04076214994624545
1144.8516845703125 0.2953334450721741 0.11923347413539886 8.126219796622102e-15 0.04069369231074272
1144.8638916015625 0.23171193897724152 0.11188161373138428 8.126251983874098e-15 0.040621757610823345
1144.876220703125 0.2731492221355438 0.11774023622274399 8.126240972445783e-15 0.04054557512316206
1144.888427734375 0.3539648652076721 0.12752532958984375 8.126185068271265e-15 0.040466634733190295
1144.900634765625 0.43389272689819336 0.13621176779270172 8.126085118383489e-15 0.04038419495426541
1144.912841796875 0.39252644777297974 0.13173526525497437 8.125941122782455e-15 0.040298245130083385
1144.9251708984375 0.6731925010681152 0.15759536623954773 8.125749693336376e-15 0.04020787388489777
1144.9373779296875 0.4931773543357849 0.14126229286193848 8.125515065209987e-15 0.04011486136134791
1144.9495849609375 0.7139427065849304 0.1608901023864746 8.125234697304445e-15 0.04001833054659555
1144.9617919921875 0.7547464966773987 0.16418883204460144 8.124908589619752e-15 0.03991827278528366
1144.97412109375 0.8145453929901123 0.16912737488746643 8.124533354024119e-15 0.03981363620714911
1144.986328125 0.7918910980224609 0.16735516488552094 8.124114919748175e-15 0.03970648759105136
1144.99853515625 1.2541943788528442 0.1992684006690979 8.123649898660133e-15 0.03959581402297389
1145.0107421875 0.8934407234191895 0.17519532144069672 8.123139137792938e-15 0.039481617374510385
1145.0230712890625 0.9542421698570251 0.17898555099964142 8.122575013850067e-15 0.039362704640490055
1145.0352783203125 1.091131329536438 0.18810969591140747 8.121968538259833e-15 0.03924143177784599
1145.0474853515625 0.8129745721817017 0.16905798017978668 8.1213154758575e-15 0.039116643333737953
1145.0596923828125 1.0327993631362915 0.18423861265182495 8.120614132577173e-15 0.03898835216158095
1145.072021484375 1.0771147012710571 0.1866551637649536 8.119856885122328e-15 0.038855225674409195
1145.084228515625 0.8565815091133118 0.1723502278327942 8.119058980086014e-15 0.038719913169517554
1145.096435546875 0.794940710067749 0.1677432805299759 8.11821194713876e-15 0.03858111797530678
1145.108642578125 1.014339804649353 0.18377290666103363 8.117316633313512e-15 0.03843885952806497
1145.1209716796875 1.0116119384765625 0.1832830011844635 8.116362874214904e-15 0.038291664597314284
1145.1331787109375 1.0770262479782104 0.18725578486919403 8.115368457534827e-15 0.03814247938766436
1145.1453857421875 0.7338433861732483 0.1624632328748703 8.114324065910863e-15 0.0379898669648877
1145.1575927734375 0.8132359385490417 0.16905416548252106 8.113230546375957e-15 0.03783385235142159
1145.169921875 0.8148876428604126 0.16819384694099426 8.112074346402955e-15 0.037672834193345654
1145.18212890625 1.0148921012878418 0.18345917761325836 8.11087918291438e-15 0.03751002852259011
1145.1943359375 0.672330915927887 0.15724019706249237 8.109634044481916e-15 0.037343877573239204
1145.20654296875 1.011759638786316 0.18356668949127197 8.10833723703967e-15 0.03717441305282347
1145.2188720703125 0.8153683543205261 0.1688820868730545 8.106976055093432e-15 0.037001648010262324
1145.2310791015625 0.793939471244812 0.16678199172019958 8.10557590963162e-15 0.036823845694220626
1145.2432861328125 0.896648645401001 0.17448602616786957 8.104124095160026e-15 0.03664454167512998
1145.2554931640625 0.9348128437995911 0.17732523381710052 8.10262061167865e-15 0.03646203105852441
1145.267822265625 0.8155611753463745 0.16916722059249878 8.101048518528546e-15 0.03627635047633324
1145.280029296875 0.834730327129364 0.17103426158428192 8.09944000296171e-15 0.03608562472632316
1145.292236328125 0.8935999870300293 0.1752977967262268 8.097778124319197e-15 0.035893670164535575
1145.304443359375 0.7384734153747559 0.16111180186271667 8.096063729633955e-15 0.035698641816114283
1145.3167724609375 0.9541543126106262 0.17941914498806 8.094277337148195e-15 0.035500593799849
1145.3289794921875 0.9761577844619751 0.18048669397830963 8.092454522245704e-15 0.035297539104887594
1145.3411865234375 1.0534205436706543 0.18577778339385986 8.090578344267536e-15 0.03509354261712281
1145.3533935546875 1.297494649887085 0.20118708908557892 8.088647956180743e-15 0.034886655393115085
1145.36572265625 0.9754299521446228 0.18102313578128815 8.086643029194592e-15 0.03467691974902461
1145.3779296875 0.8552882671356201 0.17170874774456024 8.084602526824657e-15 0.03446226200947772
1145.39013671875 0.9551126956939697 0.17916619777679443 8.082507814346097e-15 0.03424697989424943
1145.40234375 1.0344702005386353 0.1852654218673706 8.080358044725965e-15 0.03402901814340972
1145.4146728515625 0.8753372430801392 0.17383620142936707 8.07812950104174e-15 0.03380843884752235
1145.4268798828125 0.9755265712738037 0.18062685430049896 8.07586792307257e-15 0.033583050518970946
1145.4390869140625 1.1537933349609375 0.19285838305950165 8.073549593895935e-15 0.033357385974205664
1145.4512939453125 1.1373268365859985 0.19187398254871368 8.071175360544781e-15 0.03312929798185541
1145.463623046875 1.0969622135162354 0.1893671303987503 8.068719812030691e-15 0.03289886067914651
1145.475830078125 0.8539763689041138 0.17249265313148499 8.066231229231658e-15 0.03266379115184277
1145.488037109375 1.0760890245437622 0.18815185129642487 8.063685895225159e-15 0.032428838664411035
1145.500244140625 0.8370181918144226 0.17147520184516907 8.061082962978246e-15 0.032191743351304994
1145.512451171875 0.8559507727622986 0.17276078462600708 8.05842243249092e-15 0.03195261864347275
1145.5247802734375 1.038317322731018 0.1849355250597 8.05567719870887e-15 0.0317091063709356
1145.5369873046875 1.0985219478607178 0.18930009007453918 8.052899777674823e-15 0.03146613986483294
1145.5491943359375 0.8937334418296814 0.17512893676757812 8.050064758400362e-15 0.03122138895372572
1145.5614013671875 1.138431429862976 0.19207146763801575 8.047170446819595e-15 0.03097495457555598
1145.57373046875 1.1571462154388428 0.19340680539608002 8.044188043812312e-15 0.03072446903900546
1145.5859375 0.7962968349456787 0.16848312318325043 8.041175147618929e-15 0.030474974345124185
1145.59814453125 0.8973219990730286 0.17531049251556396 8.038102959119237e-15 0.030224124205326646
1145.6103515625 1.340425729751587 0.2050132304430008 8.034970631280291e-15 0.029972027613869513
1145.6226806640625 0.8788526654243469 0.1748543530702591 8.031745976850094e-15 0.029716266002478176
1145.6348876953125 1.1611664295196533 0.19394966959953308 8.028493370332637e-15 0.029462019365292077
1145.6470947265625 0.8189696073532104 0.16984984278678894 8.025179777442978e-15 0.029206904143080303
1145.6593017578125 1.1437615156173706 0.19242647290229797 8.021805198181117e-15 0.028951046557126568
1145.671630859375 1.0039732456207275 0.18260279297828674 8.018334904196216e-15 0.028692015927910805
1145.683837890625 0.9411153793334961 0.17957960069179535 8.014837505157003e-15 0.028435091457120695
1145.696044921875 1.0428850650787354 0.1860506385564804 8.011279119745588e-15 0.028177861051863488
1145.708251953125 0.8395932912826538 0.17199352383613586 8.007658053896076e-15 0.027920461977482852
1145.7205810546875 1.0208592414855957 0.18466123938560486 8.003937885191735e-15 0.02766050862388726
1145.7327880859375 1.1841832399368286 0.19599902629852295 8.00019145846603e-15 0.027403307880515565
1145.7449951171875 0.9003080725669861 0.17621292173862457 7.996382351302227e-15 0.0271464638732769
1145.7572021484375 1.0413111448287964 0.18638063967227936 7.992511410733275e-15 0.026890135852141443
1145.76953125 1.001725435256958 0.18357788026332855 7.98853628511181e-15 0.02663198811301269
1145.78173828125 1.043509840965271 0.18664726614952087 7.984537442567823e-15 0.026377318361830247
1145.7939453125 0.7833223342895508 0.16614186763763428 7.980474225519844e-15 0.026123775044302112
1145.80615234375 0.9240851998329163 0.17852722108364105 7.97634748100082e-15 0.02587154496175523
1145.8184814453125 0.7817661762237549 0.16777731478214264 7.972114010330444e-15 0.025620877863830122
1145.8306884765625 0.9442991614341736 0.18014170229434967 7.967857669770491e-15 0.025369507102050975
1145.8428955078125 1.0680512189865112 0.1881631463766098 7.963536954706547e-15 0.02512262901567804
1145.8551025390625 1.188717007637024 0.19573824107646942 7.959151018105664e-15 0.024878007612440866
1145.867431640625 1.0073165893554688 0.18447580933570862 7.954654120188691e-15 0.024635884461793465
1145.879638671875 0.7044201493263245 0.1617325395345688 7.950136046448036e-15 0.024394138877979678
1145.891845703125 1.1327286958694458 0.19322070479393005 7.945552751170443e-15 0.02415782298383279
1145.904052734375 0.9459127187728882 0.1815163493156433 7.940902540290017e-15 0.023924812589610156
1145.9163818359375 1.1125587224960327 0.19315600395202637 7.936138826994659e-15 0.023695384575221464
1145.9285888671875 1.1073440313339233 0.1937762200832367 7.931355631941514e-15 0.02346759713049409
1145.9407958984375 1.0431833267211914 0.1915903389453888 7.926504674252589e-15 0.023246256017579157
1145.9530029296875 1.1185071468353271 0.1990426778793335 7.92158680096083e-15 0.02302940598356559
1145.96533203125 1.278324842453003 0.21031314134597778 7.916551190089403e-15 0.022817352922677867
1145.9775390625 0.9565780162811279 0.18832261860370636 7.911497791526084e-15 0.02260837438692714
1145.98974609375 0.8029975891113281 0.17775678634643555 7.906375783294037e-15 0.02240694589026335
1146.001953125 1.0057708024978638 0.19117054343223572 7.90118601242621e-15 0.022211305574732644
1146.0142822265625 0.8596632480621338 0.18009063601493835 7.895874268813979e-15 0.02202177991724689
1146.0264892578125 0.9670910239219666 0.1921241581439972 7.890546431575749e-15 0.021836936729616053
1146.0386962890625 0.8091264963150024 0.1782795488834381 7.885149137635845e-15 0.021660780206966435
1146.0509033203125 0.8225486278533936 0.1787811517715454 7.879682386994265e-15 0.021491800728415
1146.063232421875 1.1482094526290894 0.2020144760608673 7.87409112250944e-15 0.021330337636192673
1146.075439453125 1.2497010231018066 0.21320652961730957 7.868483764398616e-15 0.021175267470642977
1146.087646484375 0.8948003649711609 0.18515515327453613 7.862806949586118e-15 0.02103001172995462
1146.099853515625 0.8296865224838257 0.17994828522205353 7.857059831038998e-15 0.020893343865537786
1146.112060546875 0.8546507954597473 0.18207533657550812 7.851241561724308e-15 0.02076560765862618
1146.1243896484375 1.075146198272705 0.19536779820919037 7.845293696368688e-15 0.0206460085315786
1146.1365966796875 0.7722401022911072 0.17424970865249634 7.83933312551886e-15 0.020537252865653017
1146.1488037109375 1.2922399044036865 0.21551598608493805 7.833300556868514e-15 0.020438428743227433
1146.1610107421875 0.8855171799659729 0.18707580864429474 7.8271968374506e-15 0.020349852993665932
1146.17333984375 1.0252114534378052 0.19641195237636566 7.820958439794072e-15 0.020271099938799775
1146.185546875 0.7110064029693604 0.17161406576633453 7.81470903070923e-15 0.020204015919009267
1146.19775390625 0.9138723611831665 0.18541349470615387 7.808387623823871e-15 0.020148031664469993
1146.2099609375 0.8812432289123535 0.1863473504781723 7.801993372105048e-15 0.020103404815417957
1146.2222900390625 1.0764156579971313 0.20029786229133606 7.795460206982876e-15 0.020070084632158133
1146.2344970703125 0.9787734746932983 0.19129395484924316 7.788918571531231e-15 0.020048946308638575
1146.2467041015625 1.0096479654312134 0.19419673085212708 7.782303244213175e-15 0.020039784289988316
1146.2589111328125 1.0857123136520386 0.20025643706321716 7.775614225028708e-15 0.020042754727764213
1146.271240234375 0.9364720582962036 0.1874932199716568 7.768782904309102e-15 0.020058208332275673
1146.283447265625 0.8265925049781799 0.17802225053310394 7.761944807325918e-15 0.020085947176599908
1146.295654296875 0.9768639206886292 0.19221772253513336 7.755031324410428e-15 0.020126143723948692
1146.307861328125 0.9720081686973572 0.1935378760099411 7.74804330259558e-15 0.02017884443094617
1146.3201904296875 0.8294939398765564 0.18039824068546295 7.740909591113804e-15 0.020244799731554748
1146.3323974609375 1.0609056949615479 0.2000487893819809 7.733769950401398e-15 0.020322694691051635
1146.3446044921875 0.6310733556747437 0.16374263167381287 7.726554076723739e-15 0.020413090365448267
1146.3568115234375 1.004262924194336 0.18735988438129425 7.719262817113774e-15 0.02051592983825742
1146.369140625 1.029261589050293 0.1955856829881668 7.711821632672144e-15 0.020632354188540713
1146.38134765625 0.9443438649177551 0.18568602204322815 7.704376213065779e-15 0.02075993867924564
1146.3935546875 1.2685052156448364 0.20973505079746246 7.696854560494161e-15 0.020899655661377477
1146.40576171875 0.731349766254425 0.16756978631019592 7.68925667495729e-15 0.02105135559974948
1146.4180908203125 1.1953073740005493 0.2014092057943344 7.681502935358124e-15 0.021216562622680603
1146.4302978515625 0.9752410650253296 0.18579977750778198 7.673748348726011e-15 0.021391802814710197
1146.4425048828125 1.1429394483566284 0.19718363881111145 7.66591583506275e-15 0.021578462126980662
1146.4547119140625 0.8072190284729004 0.17322222888469696 7.658005394368343e-15 0.021776318469847993
1146.467041015625 1.0187253952026367 0.1888248771429062 7.649936558512798e-15 0.02198513370269531
1146.479248046875 1.2499412298202515 0.20465408265590668 7.641867722657254e-15 0.022206913030532398
1146.491455078125 1.3586357831954956 0.2111559808254242 7.633720112737614e-15 0.022437008467535446
1146.503662109375 1.0435895919799805 0.19103479385375977 7.62549372875388e-15 0.022677306160721528
1146.5159912109375 1.234830379486084 0.2032870650291443 7.617103867411327e-15 0.022927518234521504
1146.5281982421875 0.8364037871360779 0.17582371830940247 7.608717394200562e-15 0.02319004848041643
1146.5404052734375 1.237158179283142 0.20446202158927917 7.600251299892755e-15 0.023459403909772792
1146.5526123046875 1.198664903640747 0.20080727338790894 7.591703890422012e-15 0.023737846311438583
1146.56494140625 1.1982556581497192 0.20229271054267883 7.582990462493607e-15 0.024025097002442795
1146.5771484375 0.9673380851745605 0.18661557137966156 7.574280422696991e-15 0.024323900539169226
1146.58935546875 0.9698165655136108 0.18611454963684082 7.565490761803333e-15 0.024628036554317032
1146.6015625 0.9478293657302856 0.1847091019153595 7.556619785746739e-15 0.024940148858251042
1146.6138916015625 1.0544285774230957 0.19256898760795593 7.547576014968905e-15 0.025259954244401507
1146.6260986328125 0.9924282431602478 0.1871272474527359 7.538540714520543e-15 0.02559051554284869
1146.6383056640625 1.0785796642303467 0.19456028938293457 7.52942240484335e-15 0.025925002291009296
1146.6505126953125 1.102251648902893 0.19662444293498993 7.520221932970274e-15 0.026266367840066005
1146.662841796875 1.122820496559143 0.19835740327835083 7.51084527824417e-15 0.02661440200048268
1146.675048828125 0.9113163948059082 0.1827932894229889 7.501478787913431e-15 0.02697240278096417
1146.687255859375 0.9133464694023132 0.18302148580551147 7.492029288353862e-15 0.027333016654165005
1146.699462890625 0.8285703659057617 0.17703737318515778 7.482495085499568e-15 0.02769954787810857
1146.711669921875 1.2566392421722412 0.207911878824234 7.472877873416443e-15 0.028071756828194974
1146.7239990234375 1.1513968706130981 0.20094430446624756 7.463079396282605e-15 0.028453212529784888
1146.7362060546875 1.152053713798523 0.20134301483631134 7.453292777610029e-15 0.028836118632830515
1146.7484130859375 1.0454269647598267 0.1938866227865219 7.443422302675674e-15 0.029224037868082607
1146.7606201171875 0.9618316888809204 0.18787452578544617 7.433466277413647e-15 0.029616764416285916
1146.77294921875 0.9622291922569275 0.18771490454673767 7.423323904903224e-15 0.030018076477566907
1146.78515625 1.0740246772766113 0.19512665271759033 7.413197626018799e-15 0.03041981505528322
1146.79736328125 0.7925585508346558 0.1753171682357788 7.402984949773754e-15 0.030825768375168372
1146.8095703125 0.9009693264961243 0.18449771404266357 7.392685876168089e-15 0.031235736903011912
1146.8218994140625 0.924750030040741 0.1862475872039795 7.382197914215186e-15 0.03165370350037937
1146.8341064453125 1.0106992721557617 0.19249826669692993 7.371725198855334e-15 0.03207122280953227
1146.8463134765625 0.9491711854934692 0.18757258355617523 7.36116693316781e-15 0.032492247928470545
1146.8585205078125 0.8621919751167297 0.18145620822906494 7.35052057605377e-15 0.0329166021919905
1146.870849609375 1.0800371170043945 0.19781465828418732 7.33968024839481e-15 0.03334842615889792
1146.883056640625 1.061862826347351 0.1966060847043991 7.328859402493636e-15 0.03377901698315316
1146.895263671875 0.7789941430091858 0.1753937155008316 7.317951312198895e-15 0.03421250176763353
1146.907470703125 1.062217354774475 0.1972791999578476 7.306953436411745e-15 0.034648720291104274
1146.9197998046875 1.0660808086395264 0.19733552634716034 7.295757354914938e-15 0.035091939318821846
