wave flux_norm flux_err cont_fit cont_err
1248.0931396484375 0.961334228515625 0.14151917397975922 6.521248639153971e-15 0.04277680218361919
1248.10546875 1.1098473072052002 0.150033101439476 6.5171104596901605e-15 0.041645011190244406
1248.11767578125 1.150844693183899 0.1520989090204239 6.513061642202285e-15 0.04055082736113182
1248.1298828125 0.842054545879364 0.13452613353729248 6.509061105592403e-15 0.0394826743133018
1248.14208984375 0.89639812707901 0.13796842098236084 6.5051075793110934e-15 0.038440383778807416
1248.1544189453125 0.9238393306732178 0.13952010869979858 6.501163370392204e-15 0.037413717666823915
1248.1666259765625 0.8569228053092957 0.1355152726173401 6.4973051353174605e-15 0.036422876954468233
1248.1788330078125 0.9114568829536438 0.13862915337085724 6.49349391057129e-15 0.03545732511047027
1248.1910400390625 1.1816885471343994 0.15395525097846985 6.489729696153692e-15 0.034517011432148886
1248.203369140625 1.1527515649795532 0.1522769182920456 6.485975222614987e-15 0.03359279452206363
1248.215576171875 1.2075811624526978 0.15515494346618652 6.482304181821587e-15 0.032702796529229056
1248.227783203125 1.1135276556015015 0.15064884722232819 6.478679304323812e-15 0.03183766084439687
1248.239990234375 1.0196876525878906 0.14539653062820435 6.475100166605189e-15 0.030997317558224022
1248.2523193359375 0.9528797268867493 0.14134874939918518 6.4715316167984066e-15 0.03017363079739024
1248.2645263671875 0.9262209534645081 0.13990318775177002 6.468044382154561e-15 0.029382870976395414
1248.2767333984375 0.7374120950698853 0.12824413180351257 6.464602040256919e-15 0.02861668778939024
1248.2889404296875 1.102676510810852 0.14959155023097992 6.461204591105482e-15 0.02787504705824062
1248.3011474609375 0.9547446370124817 0.14153935015201569 6.45785203470025e-15 0.027150811470962963
1248.3134765625 1.0770381689071655 0.14863477647304535 6.454510913239805e-15 0.02645830880758725
1248.32568359375 1.118605613708496 0.15014304220676422 6.451247295294034e-15 0.025790194528867605
1248.337890625 0.9019255638122559 0.13861452043056488 6.448027723061521e-15 0.025146443518345565
1248.35009765625 1.1465070247650146 0.1525917798280716 6.444852196542264e-15 0.024520930153597097
1248.3624267578125 1.1604574918746948 0.15338723361492157 6.441688952000743e-15 0.02392601461228332
1248.3746337890625 0.9709077477455139 0.14306531846523285 6.438600669875054e-15 0.023355340015347278
1248.3868408203125 1.121148705482483 0.1514011025428772 6.435555162913201e-15 0.02280879727947707
1248.3990478515625 0.768312394618988 0.13077521324157715 6.432552854631658e-15 0.022281239150324133
1248.411376953125 0.9455987215042114 0.14143212139606476 6.4295640988772714e-15 0.021783017444016665
1248.423583984375 0.9182392954826355 0.1398804634809494 6.4266469174069276e-15 0.02130867030738255
1248.435791015625 0.9187626838684082 0.14012478291988373 6.42377251110042e-15 0.020858068836028573
1248.447998046875 0.9463566541671753 0.14147520065307617 6.420939609408328e-15 0.02042688880684045
1248.4603271484375 0.91994708776474 0.1399405300617218 6.4181211072763394e-15 0.020023489060194532
1248.4725341796875 1.0152993202209473 0.14588971436023712 6.415372061846026e-15 0.019643214617788875
1248.4847412109375 1.0703926086425781 0.1487462967634201 6.412664521030127e-15 0.019285837782823213
1248.4969482421875 1.072527527809143 0.1491117775440216 6.409997637795697e-15 0.018947796766012746
1248.50927734375 1.1683610677719116 0.15421709418296814 6.4073460011543175e-15 0.018635440429526882
1248.521484375 0.936821699142456 0.14140523970127106 6.404760856599297e-15 0.01834490257091651
1248.53369140625 0.9513139724731445 0.14205175638198853 6.402216793142219e-15 0.018075757266715713
1248.5458984375 1.1705238819122314 0.15458944439888 6.399712116717188e-15 0.017825118765449403
1248.5582275390625 1.0339487791061401 0.14739561080932617 6.397223533918155e-15 0.017597428772650164
1248.5704345703125 0.979412853717804 0.14437027275562286 6.3947989021066395e-15 0.01738951837851011
1248.5826416015625 0.9795563817024231 0.14430321753025055 6.392414080843645e-15 0.01720077652026904
1248.5948486328125 1.1578285694122314 0.15367774665355682 6.390068646612698e-15 0.017028918385764383
1248.607177734375 0.9668459892272949 0.14345474541187286 6.387738882491275e-15 0.016876655035931873
1248.619384765625 1.1999324560165405 0.15645982325077057 6.385471375291475e-15 0.016741462474946782
1248.631591796875 1.0086489915847778 0.14575213193893433 6.3832424080907755e-15 0.016622586965581856
1248.643798828125 0.8578728437423706 0.1371406763792038 6.381051980889176e-15 0.016518282837126672
1248.6561279296875 0.9831874370574951 0.14478234946727753 6.378878070830048e-15 0.01642981765800482
1248.6683349609375 1.217226505279541 0.15753285586833954 6.376763876593701e-15 0.01635527104028541
1248.6805419921875 1.025605320930481 0.14654017984867096 6.3746869518070334e-15 0.016293821510000656
1248.6927490234375 0.9843504428863525 0.14442697167396545 6.372647719986519e-15 0.016244648697520236
1248.705078125 0.8613013625144958 0.13727089762687683 6.370625852341423e-15 0.01620661726042916
1248.71728515625 0.9711613655090332 0.1436672955751419 6.368660735903793e-15 0.01617966095939381
1248.7294921875 0.9439283013343811 0.1418817788362503 6.366732888915842e-15 0.01616254791756247
1248.74169921875 0.7652077078819275 0.13119342923164368 6.3648410408281494e-15 0.016154496324952694
1248.7540283203125 0.8479059934616089 0.13683409988880157 6.362967403948823e-15 0.016154786640425363
1248.7662353515625 1.068358302116394 0.14944812655448914 6.361148400694594e-15 0.01616266407119561
1248.7784423828125 0.7245610952377319 0.12887415289878845 6.35936497282415e-15 0.016177376605388333
1248.7906494140625 1.0408233404159546 0.14831282198429108 6.357617543853965e-15 0.016198233269161227
1248.802978515625 1.028070092201233 0.14755608141422272 6.355888326092145e-15 0.016224863339253832
1248.815185546875 1.0421065092086792 0.14809365570545197 6.3542112008565816e-15 0.016256102943583435
1248.827392578125 1.042751431465149 0.14847686886787415 6.352569227488329e-15 0.01629158786321794
1248.839599609375 0.9466677308082581 0.14294907450675964 6.350961982470914e-15 0.016330747341306066
1248.8519287109375 1.0566074848175049 0.1488221287727356 6.349373795694812e-15 0.016373480900078514
1248.8641357421875 0.7533071637153625 0.1307588666677475 6.347835160346125e-15 0.016418429673492173
1248.8763427734375 0.9193177819252014 0.14115698635578156 6.346330829831801e-15 0.01646552138774327
1248.8885498046875 0.890317976474762 0.13960818946361542 6.344860380635368e-15 0.016514310133753176
1248.9007568359375 0.7807302474975586 0.13215570151805878 6.343422965723877e-15 0.01656488254989794
1248.9130859375 1.0819644927978516 0.15033361315727234 6.342005456086647e-15 0.016615844961439016
1248.92529296875 0.9031711220741272 0.1400926560163498 6.34063495677799e-15 0.016667323727894284
1248.9375 0.9028488397598267 0.14016883075237274 6.3392970682378015e-15 0.016718989955187346
1248.94970703125 0.9177678227424622 0.14097115397453308 6.337992213982556e-15 0.01677103923142596
1248.9620361328125 0.9316798448562622 0.14213629066944122 6.336706841485098e-15 0.01682215760541157
1248.9742431640625 1.083038091659546 0.1506476253271103 6.335466361733844e-15 0.01687259051723524
1248.9864501953125 1.083648681640625 0.15081508457660675 6.334258069234586e-15 0.016922101484404525
1248.9986572265625 0.9330865144729614 0.1418592780828476 6.3330815404708495e-15 0.01697094734416921
1249.010986328125 0.7948008179664612 0.13356265425682068 6.331924916981374e-15 0.017017956455083128
1249.023193359375 1.0701340436935425 0.1501835286617279 6.330811492172208e-15 0.01706343920591746
1249.035400390625 0.8774140477180481 0.13873068988323212 6.329728560549143e-15 0.01710723181574352
1249.047607421875 0.836557149887085 0.13645263016223907 6.328676969145127e-15 0.017149598483923768
1249.0599365234375 0.849959671497345 0.13694535195827484 6.327645283015371e-15 0.017189567778695247
1249.0721435546875 1.0298396348953247 0.14780612289905548 6.3266546779835574e-15 0.017227454790859246
1249.0843505859375 0.9613063335418701 0.14372608065605164 6.3256937191048974e-15 0.017263161200231244
1249.0965576171875 1.1958866119384766 0.15711401402950287 6.324762829895865e-15 0.017296921062237496
1249.10888671875 0.9755617380142212 0.14484010636806488 6.323853116510514e-15 0.017327992983561864
1249.12109375 0.9341724514961243 0.1423182487487793 6.322981519607789e-15 0.017356662399134946
1249.13330078125 0.754841148853302 0.13111187517642975 6.322139145341745e-15 0.017382879757387393
1249.1455078125 1.1835330724716187 0.15649518370628357 6.321325570195907e-15 0.01740683119011289
1249.1578369140625 0.9071963429450989 0.1404515504837036 6.320533170873751e-15 0.01742801530211365
1249.1700439453125 1.2524865865707397 0.16000191867351532 6.319777193968326e-15 0.01744666466633204
1249.1822509765625 1.1157184839248657 0.15270519256591797 6.319050016183108e-15 0.017462768469717418
1249.1944580078125 0.7557770013809204 0.13140161335468292 6.318350366968676e-15 0.01747645300004859
1249.206787109375 0.8943098187446594 0.14004960656166077 6.3176718935779256e-15 0.01748745677763637
1249.218994140625 0.9359204769134521 0.14265882968902588 6.317027725021539e-15 0.01749594379117444
1249.231201171875 0.977876603603363 0.14457260072231293 6.3164110850359376e-15 0.01750194110810388
1249.243408203125 0.9080500602722168 0.14031565189361572 6.315821126588175e-15 0.017505503413028374
1249.2557373046875 0.9914593696594238 0.14597830176353455 6.315253190997041e-15 0.01750660126271331
1249.2679443359375 0.8945865035057068 0.13998638093471527 6.314717019141429e-15 0.017505327770450732
1249.2801513671875 1.2411963939666748 0.159221351146698 6.314207952340129e-15 0.017501736353404924
1249.2923583984375 0.9502403736114502 0.14347022771835327 6.3137247200437206e-15 0.017495817808770266
1249.3046875 0.9357413053512573 0.14277081191539764 6.313262663570993e-15 0.017487753399553496
1249.31689453125 0.7701099514961243 0.1321188360452652 6.312831523800841e-15 0.017477569197117813
1249.3291015625 1.060583233833313 0.1499955803155899 6.312425795019106e-15 0.017465337611541298
1249.34130859375 1.0886222124099731 0.15165916085243225 6.312045477225789e-15 0.017451144881762443
1249.3536376953125 0.8941814303398132 0.13997000455856323 6.311686335256153e-15 0.017434904514954865
1249.3658447265625 0.9654800295829773 0.1443416178226471 6.311355992406724e-15 0.01741703230937154
1249.3780517578125 0.9090852737426758 0.1411350667476654 6.311050213512765e-15 0.017397471740715053
1249.3902587890625 1.0059478282928467 0.14677532017230988 6.310768998574277e-15 0.017376324205780003
1249.402587890625 0.9376825094223022 0.14281538128852844 6.3105089594594696e-15 0.017353462129720013
1249.414794921875 0.9375970959663391 0.14289750158786774 6.310276025398975e-15 0.01732944687790412
1249.427001953125 0.9649776220321655 0.14452499151229858 6.310066384744529e-15 0.017304172730834986
1249.439208984375 1.0896354913711548 0.1513739675283432 6.309880461012607e-15 0.017277757186953496
1249.4515380859375 0.937652587890625 0.1426301896572113 6.3097161366208396e-15 0.01725004239873402
1249.4637451171875 1.006083607673645 0.14675892889499664 6.309576376184543e-15 0.017221699555353333
1249.4759521484375 0.8681554794311523 0.13859549164772034 6.3094594856378215e-15 0.017192589810663374
1249.4881591796875 0.6042303442955017 0.12068475037813187 6.309365464980676e-15 0.017162839284022326
1249.5003662109375 0.742713212966919 0.13040803372859955 6.30929346718016e-15 0.017132277105525586
1249.5126953125 0.49429309368133545 0.11197295784950256 6.309243068719798e-15 0.017101647675774496
1249.52490234375 0.5911353826522827 0.1193901002407074 6.309215116632539e-15 0.017070785325813485
1249.537109375 0.7015659809112549 0.12768642604351044 6.309208763885434e-15 0.017039832464904377
1249.54931640625 0.5901566743850708 0.11933425813913345 6.309224010478485e-15 0.017008620440394123
1249.5616455078125 0.45161202549934387 0.10856171697378159 6.30926085641169e-15 0.016977915296966253
1249.5738525390625 0.714792013168335 0.12781734764575958 6.30931803113563e-15 0.01694754993209857
1249.5860595703125 0.700360894203186 0.12768380343914032 6.309396381683251e-15 0.01691767300888342
1249.5982666015625 0.7692674994468689 0.13223935663700104 6.309495061021606e-15 0.016888141431136244
1249.610595703125 0.7430050373077393 0.1300404965877533 6.309614916183643e-15 0.016859689065112347
1249.622802734375 0.9089077711105347 0.1407560408115387 6.309754253103466e-15 0.016832168873757537
1249.635009765625 0.811253011226654 0.13494756817817688 6.309913071781076e-15 0.016805729624948838
1249.647216796875 0.9355780482292175 0.14247222244739532 6.310091372216473e-15 0.016780271672653002
1249.6595458984375 1.1718313694000244 0.15568095445632935 6.310291271992025e-15 0.016756448097239977
1249.6717529296875 1.0323708057403564 0.1482769399881363 6.310508535942996e-15 0.01673414681492937
1249.6839599609375 0.963426411151886 0.14424142241477966 6.310744434618806e-15 0.016713512593903537
1249.6961669921875 0.9089359045028687 0.1405154913663864 6.310998968019456e-15 0.016694509821658994
1249.70849609375 0.879221498966217 0.13911864161491394 6.3112746772437875e-15 0.01667765436001366
1249.720703125 0.6305111050605774 0.12248595058917999 6.311566056577643e-15 0.016662888434466235
1249.73291015625 0.9364150166511536 0.1427403688430786 6.311875223603391e-15 0.01665034550193991
1249.7451171875 1.0748577117919922 0.15070579946041107 6.312202178321031e-15 0.016640067650593896
1249.7574462890625 0.7698601484298706 0.13215646147727966 6.3125503088623525e-15 0.01663238827369368
1249.7696533203125 1.0191590785980225 0.14737962186336517 6.312912415447304e-15 0.01662731537849116
1249.7818603515625 0.8667687773704529 0.138319194316864 6.3132914626912e-15 0.01662496749445152
1249.7940673828125 0.9215224385261536 0.14160916209220886 6.313687450594041e-15 0.016625477725649818
1249.806396484375 1.0866777896881104 0.15064994990825653 6.314103767287617e-15 0.016628944368872953
1249.818603515625 0.8938918709754944 0.13969813287258148 6.314532789475401e-15 0.01663546106157271
1249.830810546875 0.9895379543304443 0.14580225944519043 6.314977905289183e-15 0.01664512242883101
1249.843017578125 1.1281887292861938 0.15361465513706207 6.315439114728963e-15 0.01665816539648696
1249.8553466796875 1.0168240070343018 0.1469477117061615 6.315920652959477e-15 0.016674410972403374
1249.8675537109375 1.0452735424041748 0.1487327516078949 6.316412779101832e-15 0.01669404854237377
1249.8797607421875 0.9214885830879211 0.14108483493328094 6.3169201518372374e-15 0.0167171472636734
1249.8919677734375 1.0601977109909058 0.14942024648189545 6.317442771165693e-15 0.016744046248977105
1249.904296875 0.8794198632240295 0.1387508511543274 6.31798529576841e-15 0.016774269144562336
1249.91650390625 0.8101804256439209 0.13490186631679535 6.318537137733546e-15 0.01680810467578914
1249.9287109375 0.962756335735321 0.1439925730228424 6.319103379258785e-15 0.016845587755151027
1249.94091796875 0.9202316403388977 0.14152312278747559 6.3196835968276546e-15 0.016886745413548385
1249.9532470703125 1.2389273643493652 0.1594160944223404 6.320283719670784e-15 0.016932060878501114
1249.9654541015625 0.9336549639701843 0.14245466887950897 6.320891465810439e-15 0.016980645409127314
1249.9776611328125 0.9068694710731506 0.14063279330730438 6.32151276447725e-15 0.017032930235438476
1249.9898681640625 0.7681162357330322 0.13191518187522888 6.322147192154744e-15 0.017088903409789653
1250.002197265625 0.9214457273483276 0.1412363499403 6.322801101590024e-15 0.01714916520220424
1250.014404296875 0.9761463403701782 0.144672691822052 6.323460940255935e-15 0.01721249335480421
1250.026611328125 1.1001577377319336 0.15192805230617523 6.324133484416055e-15 0.017279431134868118
1250.038818359375 0.8364081978797913 0.13634313642978668 6.32481831055391e-15 0.017349932674334524
1250.0511474609375 0.8651236891746521 0.13815686106681824 6.3255221949330784e-15 0.01742470565686027
1250.0633544921875 1.1543008089065552 0.1547442227602005 6.32623116150993e-15 0.0175022087661754
1250.0755615234375 0.9756190180778503 0.14472219347953796 6.32695156303157e-15 0.017583095174709146
1250.0877685546875 1.2507457733154297 0.15982209146022797 6.327682975981524e-15 0.01766728747287751
1250.0999755859375 1.0025668144226074 0.14626874029636383 6.328425823876266e-15 0.017755596650641477
1250.1123046875 0.8777356743812561 0.13874663412570953 6.329186882979374e-15 0.017846179685691885
1250.12451171875 0.795538604259491 0.1332709789276123 6.329951330214271e-15 0.01793979623009719
1250.13671875 0.975364625453949 0.14444789290428162 6.330725941844535e-15 0.018036347562376574
1250.14892578125 0.8915331959724426 0.13970966637134552 6.33151114138664e-15 0.01813672309969479
1250.1612548828125 1.1398760080337524 0.15385079383850098 6.332314128620637e-15 0.018238824361505222
1250.1734619140625 0.9465382099151611 0.1426810771226883 6.333118809920529e-15 0.01834350746566212
1250.1856689453125 0.850750744342804 0.13688302040100098 6.33393280858284e-15 0.01845064500798067
1250.1978759765625 0.9468602538108826 0.14308658242225647 6.334756548124045e-15 0.018561210923364557
1250.210205078125 1.1255807876586914 0.1526375263929367 6.335597228324195e-15 0.018672877840814034
1250.222412109375 0.9212401509284973 0.14090511202812195 6.336438755557292e-15 0.018786590483895717
1250.234619140625 1.0299409627914429 0.14758260548114777 6.3372887531198616e-15 0.01890219968103985
1250.246826171875 0.8513925075531006 0.13689973950386047 6.338147221011904e-15 0.01902074439753678
1250.2591552734375 0.9756922721862793 0.14455993473529816 6.3390222060464175e-15 0.019139719567559624
1250.2713623046875 1.1401479244232178 0.15388111770153046 6.3398967675644576e-15 0.019260137000829642
1250.2835693359375 0.9611591100692749 0.14390966296195984 6.340778952379023e-15 0.019381842271993723
1250.2957763671875 1.07015860080719 0.14971719682216644 6.34166833697364e-15 0.019505904265748213
1250.30810546875 1.0302584171295166 0.14728495478630066 6.3425742387107284e-15 0.019629708720233046
1250.3203125 0.960451066493988 0.14351683855056763 6.343478022865449e-15 0.01975431018709643
1250.33251953125 1.042673110961914 0.14844882488250732 6.344388583283747e-15 0.01987954435959666
1250.3447265625 1.0991698503494263 0.15142737329006195 6.3453059199656235e-15 0.02000650370721989
1250.3570556640625 1.041824460029602 0.1482716053724289 6.3462385032405505e-15 0.02013250729364338
1250.3692626953125 0.7664501070976257 0.1314326375722885 6.347168121900162e-15 0.020258637832066228
1250.3814697265625 1.2211577892303467 0.15800638496875763 6.348103246273931e-15 0.020384725533388902
1250.3936767578125 1.08412504196167 0.15072083473205566 6.34904429987833e-15 0.020511861976877366
1250.406005859375 0.9858562350273132 0.14514999091625214 6.350000176559307e-15 0.020637352965428967
1250.418212890625 0.848236083984375 0.13659098744392395 6.350951818075547e-15 0.0207622922307466
1250.430419921875 0.7812590003013611 0.13186727464199066 6.351908118272997e-15 0.02088650765989801
1250.442626953125 0.9032601714134216 0.1401107907295227 6.352869500668131e-15 0.02101105644146613
1250.4549560546875 0.4645363390445709 0.10894176363945007 6.353844859106894e-15 0.021133303533575093
1250.4671630859375 0.683421790599823 0.12580037117004395 6.3548147118315e-15 0.02125431499578014
1250.4793701171875 0.5187261700630188 0.11361102759838104 6.355788799720843e-15 0.02137392551030812
1250.4915771484375 0.4077148139476776 0.10439600795507431 6.356766275741974e-15 0.02149313745521589
1250.50390625 0.42210066318511963 0.10500342398881912 6.357757304290262e-15 0.021609422188477823
1250.51611328125 0.586483359336853 0.11872925609350204 6.358741980091445e-15 0.021723806022180846
1250.5283203125 0.4623510539531708 0.10900372266769409 6.359730044024417e-15 0.02183612167807148
1250.54052734375 0.6001110672950745 0.11974509805440903 6.360720225539757e-15 0.021946208405284145
1250.5528564453125 0.7229790687561035 0.12844011187553406 6.36172353606578e-15 0.022054967434511026
1250.5650634765625 0.5313220024108887 0.1133631244301796 6.3627192232952774e-15 0.02216008306106975
1250.5772705078125 0.558469295501709 0.11647582054138184 6.363717028107143e-15 0.022262490682921195
1250.5894775390625 0.764899492263794 0.13107037544250488 6.364716950501377e-15 0.022362032001410657
1250.601806640625 0.6541430354118347 0.1234867125749588 6.365728307840398e-15 0.022459501969657972
1250.614013671875 0.763981819152832 0.130728617310524 6.366731618366421e-15 0.022552820748782107
1250.626220703125 0.5717421174049377 0.11760848015546799 6.367735775925391e-15 0.022642815162444575
1250.638427734375 0.9829104542732239 0.1442001760005951 6.368741204033782e-15 0.02272934291296743
1250.6507568359375 0.942857563495636 0.14120268821716309 6.3697572200540134e-15 0.022813065865663913
1250.6629638671875 0.8740180730819702 0.13781102001667023 6.370763918711825e-15 0.022892184713299388
1250.6751708984375 0.8874004483222961 0.13895896077156067 6.3717710408861105e-15 0.022967408056870642
1250.6873779296875 1.0381519794464111 0.14755508303642273 6.372778163060396e-15 0.023038599616766735
1250.69970703125 1.1063181161880493 0.15163396298885345 6.373795449630048e-15 0.023106277586143326
1250.7119140625 0.844308078289032 0.13620848953723907 6.37480214828786e-15 0.0231689689558036
1250.72412109375 0.7778815031051636 0.13144437968730927 6.3758079999127245e-15 0.02322723835655931
1250.736328125 1.0514898300170898 0.14797556400299072 6.376813428021115e-15 0.023280967170237997
1250.74853515625 0.9153335094451904 0.14034149050712585 6.377818009096559e-15 0.023330499958366394
1250.7608642578125 1.0504941940307617 0.14840537309646606 6.378831060501475e-15 0.02337474256836508
1250.7730712890625 1.1067535877227783 0.1513652503490448 6.379832676961603e-15 0.02341410014848791
1250.7852783203125 0.9948370456695557 0.14504656195640564 6.380832599355837e-15 0.02344846467080737
1250.7974853515625 1.0650908946990967 0.1489298790693283 6.3818304041677026e-15 0.02347800418877514
1250.809814453125 1.2979736328125 0.16141022741794586 6.382836255792567e-15 0.023502037960006092
1250.822021484375 1.064191222190857 0.14905594289302826 6.383829401923223e-15 0.02352079301654413
1250.834228515625 1.050717830657959 0.1482059508562088 6.38482043047151e-15 0.023534183975203994
1250.846435546875 0.9004049897193909 0.1392328143119812 6.385808070888009e-15 0.023542184230182114
1250.8587646484375 0.7635467648506165 0.1307695508003235 6.386802911084559e-15 0.023544564306474947
1250.8709716796875 1.1729074716567993 0.15489263832569122 6.387784198753953e-15 0.02354136443744072
1250.8831787109375 0.9790900349617004 0.14404498040676117 6.388762098291558e-15 0.0235325232375359
1250.8953857421875 1.007606029510498 0.14573460817337036 6.389736609697374e-15 0.023517818737046985
1250.90771484375 0.9392935633659363 0.14164453744888306 6.390716203300874e-15 0.023497498285688027
1250.919921875 1.023029088973999 0.14638717472553253 6.391682244377217e-15 0.023471407788970985
1250.93212890625 0.9115754961967468 0.13950079679489136 6.392643626772351e-15 0.02343952455726616
1250.9443359375 0.9806727766990662 0.14370392262935638 6.393600350486275e-15 0.02340142074121201
1250.9566650390625 0.9246092438697815 0.14091992378234863 6.394561732881408e-15 0.02335784920436171
1250.9688720703125 0.9929174780845642 0.14434391260147095 6.395508292199965e-15 0.0233084637268713
1250.9810791015625 0.9365814328193665 0.14136740565299988 6.396449769320838e-15 0.023253278682821236
1250.9932861328125 1.0459784269332886 0.1478705257177353 6.3973853172110805e-15 0.02319168465437701
1251.005615234375 1.1301758289337158 0.15228219330310822 6.3983246767495856e-15 0.023124941521107435
1251.017822265625 0.9111974239349365 0.14011946320533752 6.399248366178566e-15 0.02305252217283563
1251.030029296875 1.1565074920654297 0.15387700498104095 6.4001661263769164e-15 0.022974496051532085
1251.042236328125 1.047552466392517 0.14775049686431885 6.4010771103116884e-15 0.022890081336775326
1251.0545654296875 0.937227725982666 0.14092816412448883 6.4019902118288285e-15 0.0228010543613537
1251.0667724609375 1.005975604057312 0.1455795019865036 6.402887219719971e-15 0.022706723716366478
1251.0789794921875 1.1296422481536865 0.15229223668575287 6.403777451347535e-15 0.022607225230212198
1251.0911865234375 1.210201382637024 0.15652267634868622 6.404660059678574e-15 0.022501644634413148
1251.103515625 0.9657317399978638 0.14294485747814178 6.40554351504256e-15 0.02239225534143703
1251.11572265625 1.048697829246521 0.14766110479831696 6.406410453264075e-15 0.022278238052639475
1251.1279296875 1.0466032028198242 0.14746436476707458 6.407269344672591e-15 0.022159816094694314
1251.14013671875 1.0060303211212158 0.14532306790351868 6.408120189268108e-15 0.022037241726783497
1251.1524658203125 1.428621530532837 0.16754159331321716 6.408970186830678e-15 0.02190950829930797
1251.1646728515625 1.0051594972610474 0.14515620470046997 6.409803243734302e-15 0.021779459761648412
1251.1768798828125 0.8001490831375122 0.13256938755512238 6.410627406791981e-15 0.021646186961445497
1251.1890869140625 0.9899433851242065 0.1440763622522354 6.411442252487239e-15 0.021510062198518507
1251.201416015625 0.9911938905715942 0.14449374377727509 6.4122554041166034e-15 0.021370095047873697
1251.213623046875 0.853480339050293 0.13629339635372162 6.413051191570549e-15 0.021229506844954837
1251.225830078125 0.9543255567550659 0.14181065559387207 6.4138363911126536e-15 0.0210874081196579
1251.238037109375 0.9921884536743164 0.14702625572681427 6.414611849775865e-15 0.02094432056731968
1251.2503662109375 1.0133649110794067 0.14915964007377625 6.415384343823761e-15 0.020799379173184293
1251.2625732421875 0.9649468660354614 0.14651551842689514 6.416138626663291e-15 0.020656070061805847
1251.2747802734375 1.137575387954712 0.15827728807926178 6.41688232159098e-15 0.02051362345651324
1251.2869873046875 0.9560293555259705 0.14734892547130585 6.417614581573881e-15 0.020372748676980953
1251.29931640625 1.0054727792739868 0.1514998823404312 6.4183426063920464e-15 0.020232833274259024
1251.3115234375 0.8966554403305054 0.14466136693954468 6.419051996485372e-15 0.020097469266795384
1251.32373046875 1.0619933605194092 0.1545640230178833 6.419749528117436e-15 0.019966120575614622
1251.3359375 1.002703309059143 0.1515788435935974 6.420435201288238e-15 0.019839710015651837
1251.34814453125 0.9472750425338745 0.1490616500377655 6.421108592481305e-15 0.0197180340689719
1251.3604736328125 1.1089634895324707 0.15788984298706055 6.421776054443742e-15 0.019604534311313593
1251.3726806640625 0.79989093542099 0.1389552652835846 6.422424034648391e-15 0.019499048672495155
1251.3848876953125 0.933242917060852 0.14842510223388672 6.423059309358832e-15 0.019402697531769413
1251.3970947265625 1.077842354774475 0.15685734152793884 6.423681031542117e-15 0.019315844905864972
1251.409423828125 1.298336386680603 0.16969886422157288 6.424295977461823e-15 0.019241421510164173
1251.421630859375 0.8557486534118652 0.14235101640224457 6.424890594590796e-15 0.019179751756057437
1251.433837890625 0.8666757941246033 0.14383068680763245 6.425471659192612e-15 0.01913209998997422
1251.446044921875 0.865903913974762 0.14288222789764404 6.426038747750799e-15 0.019099505264148785
1251.4583740234375 1.0567930936813354 0.15530504286289215 6.4265969424630396e-15 0.01908390809190258
1251.4705810546875 0.9940507411956787 0.15129007399082184 6.42713523190102e-15 0.019086191269314698
1251.4827880859375 1.0988638401031494 0.15754334628582 6.427658274745949e-15 0.019107621300754787
1251.4949951171875 0.8919934034347534 0.1448683738708496 6.4281669180307754e-15 0.019149965125428374
1251.50732421875 0.995184600353241 0.15124961733818054 6.428664973403761e-15 0.019213588692706507
1251.51953125 0.9291679263114929 0.14688436686992645 6.429142276469539e-15 0.019299952459053783
1251.53173828125 1.0063714981079102 0.15164172649383545 6.429604332942266e-15 0.019410130733411694
1251.5439453125 1.188064694404602 0.16267699003219604 6.430050295788995e-15 0.0195466005906056
1251.5562744140625 1.2052594423294067 0.164845809340477 6.430484400174463e-15 0.01970757218636062
1251.5684814453125 1.045441746711731 0.1554475724697113 6.430897752252723e-15 0.019895081343633308
1251.5806884765625 1.2590632438659668 0.16830526292324066 6.431294587188512e-15 0.020109830301344216
1251.5928955078125 1.07103431224823 0.1561562567949295 6.431674904981829e-15 0.020354981760297906
1251.605224609375 1.0336337089538574 0.15480762720108032 6.432041246731517e-15 0.020626159899555113
1251.617431640625 1.1617839336395264 0.16144880652427673 6.432386836173996e-15 0.02092601673303853
1251.629638671875 0.8551600575447083 0.1422663927078247 6.4327150614410574e-15 0.021254804831794052
1251.641845703125 0.9761924743652344 0.15047673881053925 6.433025499016226e-15 0.02161639565203039
1251.6541748046875 0.6570814847946167 0.12810549139976501 6.433320689998344e-15 0.022003666429617808
1251.6663818359375 1.0797874927520752 0.1551603078842163 6.433594705156781e-15 0.02241998953896978
1251.6785888671875 1.0729397535324097 0.15316908061504364 6.433850509106852e-15 0.022865230539942237
1251.6907958984375 0.9144191741943359 0.14290711283683777 6.434087678332083e-15 0.02334404254304611
1251.703125 1.065294623374939 0.1506935954093933 6.434307906898369e-15 0.023846653057987364
1251.71533203125 0.9590089917182922 0.1433280110359192 6.4345065361245e-15 0.024377295522801344
1251.7275390625 1.0384610891342163 0.14745712280273438 6.434686530625792e-15 0.024935577540434774
1251.73974609375 0.8609864711761475 0.13666385412216187 6.434846196336349e-15 0.02552703288767184
1251.7520751953125 1.0318098068237305 0.146736279129982 6.434988074355014e-15 0.026139468095432522
1251.7642822265625 0.9227150082588196 0.13992667198181152 6.435107929517051e-15 0.02677808912106844
1251.7764892578125 0.7977531552314758 0.13259072601795197 6.435207879404827e-15 0.027442381222102148
1251.7886962890625 0.9489983320236206 0.14183224737644196 6.435287076985395e-15 0.02813179955548024
1251.801025390625 0.9211132526397705 0.13993726670742035 6.435346369291703e-15 0.028853053671420055
1251.813232421875 0.908281147480011 0.13909514248371124 6.435384062257856e-15 0.02959131576156546
1251.825439453125 1.098731279373169 0.15031379461288452 6.435400579400327e-15 0.03035304184576342
1251.837646484375 0.8807874321937561 0.13785408437252045 6.435395497202644e-15 0.03113770928477298
1251.8499755859375 1.1520280838012695 0.15314529836177826 6.4353683921483315e-15 0.03195293932058104
1251.8621826171875 0.9910752773284912 0.14419981837272644 6.435319687753864e-15 0.03278207642488375
1251.8743896484375 0.9782220125198364 0.142968088388443 6.435249384019242e-15 0.03363253654939521
1251.8865966796875 0.9906426072120667 0.14401960372924805 6.435156210395044e-15 0.03450384796253491
1251.89892578125 0.8682307004928589 0.13696496188640594 6.435039319848323e-15 0.035404502320120525
1251.9111328125 0.9784417152404785 0.14337225258350372 6.434900829961447e-15 0.036316211241195016
1251.92333984375 1.0182636976242065 0.14592386782169342 6.434739470184995e-15 0.03724728599787174
1251.935546875 0.9099781513214111 0.1394823044538498 6.434554817002494e-15 0.038197318908826786
1251.94775390625 0.9627523422241211 0.14223459362983704 6.434346870413943e-15 0.03917560678058444
1251.9600830078125 0.8947040438652039 0.13848291337490082 6.434112665804027e-15 0.04016238328653432
1251.9722900390625 0.9506003260612488 0.1416860967874527 6.433856861853956e-15 0.04116679766007347
1251.9844970703125 1.1827820539474487 0.15465934574604034 6.433576917464889e-15 0.042188463202021784
1251.9967041015625 1.279573917388916 0.1599012315273285 6.433272409120351e-15 0.043237452497641736
1252.009033203125 0.8692474961280823 0.13714708387851715 6.432940372205027e-15 0.044292636979473894
1252.021240234375 0.9646221995353699 0.14252987504005432 6.432586312433075e-15 0.04536390528598149
1252.033447265625 0.8415615558624268 0.13546942174434662 6.4322072651891785e-15 0.0464509568088917
1252.045654296875 0.894798219203949 0.13831070065498352 6.431803230473338e-15 0.04756449519366442
1252.0579833984375 0.9505413770675659 0.14185009896755219 6.431368702571397e-15 0.04868217562900141
1252.0701904296875 1.0202586650848389 0.1458798050880432 6.430912998845774e-15 0.04981456172956397
1252.0823974609375 0.9479547142982483 0.141562819480896 6.43043146061526e-15 0.05096139567932049
1252.0946044921875 0.8010597825050354 0.13279470801353455 6.429923664363381e-15 0.052133992698073874
1252.10693359375 0.9802818298339844 0.14359106123447418 6.42938410437598e-15 0.05330886467262105
1252.119140625 0.8832076787948608 0.13760609924793243 6.428822945048424e-15 0.05449721464249845
1252.13134765625 0.8566915988922119 0.13617657124996185 6.428234680666556e-15 0.0556987710099202
1252.1435546875 1.0456759929656982 0.1475624293088913 6.427619734746849e-15 0.05692544090332982
1252.1558837890625 1.3357242345809937 0.16237834095954895 6.426970907509252e-15 0.058152680594527606
1252.1680908203125 1.0480378866195679 0.14776258170604706 6.4263004809315006e-15 0.059392255877941204
1252.1802978515625 0.9662147760391235 0.14290116727352142 6.425602525782963e-15 0.06064391757302297
1252.1925048828125 0.9790791869163513 0.14368978142738342 6.4248761950306925e-15 0.06192007183522363
1252.204833984375 1.0714645385742188 0.14883659780025482 6.424114288894637e-15 0.06319521989737273
1252.217041015625 1.0471813678741455 0.14753174781799316 6.423331630451374e-15 0.06448163746106332
1252.229248046875 0.8828048706054688 0.1380460262298584 6.422519749371431e-15 0.06577908830392042
1252.241455078125 0.939037561416626 0.14127302169799805 6.421679069171281e-15 0.06710044110683694
1252.2537841796875 1.349059820175171 0.16337516903877258 6.420800272488505e-15 0.06841931843344835
1252.2659912109375 1.127418875694275 0.1518508344888687 6.419901147014994e-15 0.06974845262575594
1252.2781982421875 1.046453833580017 0.1476389765739441 6.418971951871856e-15 0.07108763492839688
1252.2904052734375 0.8570727705955505 0.1364525705575943 6.4180131105755645e-15 0.07245010841173986
1252.302734375 0.8964309096336365 0.13831377029418945 6.417014035214278e-15 0.07380873226388854
1252.31494140625 1.1701486110687256 0.15441769361495972 6.4159946310622575e-15 0.07517664869719305
1252.3271484375 0.9664281606674194 0.14279283583164215 6.414944310207662e-15 0.07655364976908931
1252.33935546875 0.9915496706962585 0.1442418247461319 6.413863496166966e-15 0.07795338843688698
1252.3516845703125 0.8302372694015503 0.1347251981496811 6.4127403304789065e-15 0.07934795166760528
1252.3638916015625 0.9660869836807251 0.14297796785831451 6.411597259516587e-15 0.08075087336039359
1252.3760986328125 0.8706598281860352 0.13687752187252045 6.410422424818745e-15 0.08216197496322276
1252.3883056640625 0.7893054485321045 0.13232406973838806 6.409215826385381e-15 0.08358097206711007
1252.400634765625 0.8855204582214355 0.13846978545188904 6.40796518223876e-15 0.08502200839875877
1252.412841796875 0.94147789478302 0.14135728776454926 6.406694209301405e-15 0.08645628750756915
1252.425048828125 0.8586850762367249 0.13676005601882935 6.4053910491120546e-15 0.087897849284315
1252.437255859375 0.9814669489860535 0.14397890865802765 6.404055701670708e-15 0.08934643500905315
1252.4495849609375 0.8731215000152588 0.13755398988723755 6.402673343900789e-15 0.09081643065463994
1252.4617919921875 1.146409511566162 0.15348759293556213 6.401271504373083e-15 0.09227850912003534
1252.4739990234375 0.9533676505088806 0.1423390656709671 6.399836207043961e-15 0.0937470082244736
1252.4862060546875 0.818452000617981 0.13442924618721008 6.398367451913422e-15 0.09522165170463905
1252.49853515625 1.0232053995132446 0.1465054154396057 6.396849992388416e-15 0.09671712072698474
1252.5107421875 0.9434309601783752 0.14203853905200958 6.3953134746220965e-15 0.09820355779730573
1252.52294921875 0.9571042060852051 0.1424972265958786 6.3937426520214134e-15 0.09969555934970674
1252.53515625 0.9553760886192322 0.14262069761753082 6.392137101069893e-15 0.1011928815010164
1252.54736328125 0.9297319650650024 0.14130046963691711 6.3904972452840086e-15 0.10271038259850884
1252.5596923828125 0.9961354732513428 0.14492784440517426 6.388805720488342e-15 0.10421780559924981
1252.5718994140625 0.9971045255661011 0.14524486660957336 6.387095560967835e-15 0.1057299707681994
1252.5841064453125 1.0095094442367554 0.14601340889930725 6.385349826063544e-15 0.1072466516418081
1252.5963134765625 0.9549869894981384 0.14280106127262115 6.383568939291942e-15 0.10878288428294157
1252.608642578125 1.1504281759262085 0.15363913774490356 6.3817338424117156e-15 0.110307998810898
1252.620849609375 0.8337628841400146 0.13534966111183167 6.379880534323123e-15 0.11183709318350721
1252.633056640625 0.7232534289360046 0.12835593521595 6.3779912273342725e-15 0.11336988348485286
1252.645263671875 0.8211749196052551 0.13460302352905273 6.376065074412216e-15 0.11492158381749225
