wave flux_norm flux_err cont_fit cont_err
1251.302490234375 1.0083158016204834 0.1509479433298111 2.9947855701800653e-15 0.04201213802368804
1251.3125 0.9249556064605713 0.14634187519550323 2.995521853569466e-15 0.04120549124484691
1251.322509765625 0.9338741898536682 0.14720791578292847 2.9962566546512092e-15 0.040405168056502704
1251.3323974609375 0.8986349105834961 0.145483136177063 2.996980656062875e-15 0.03962138129648157
1251.3424072265625 0.8246848583221436 0.14087532460689545 2.9977122807710657e-15 0.03886355195579945
1251.3524169921875 1.0062860250473022 0.15155979990959167 2.998442211413362e-15 0.03811312175881499
1251.3623046875 0.9844080209732056 0.14986999332904816 2.9991617659020546e-15 0.03737975317465699
1251.372314453125 0.8490957617759705 0.14203329384326935 2.999888520170799e-15 0.03667227080216515
1251.38232421875 0.8386167883872986 0.1410803347826004 3.0006137921318853e-15 0.03597338135044192
1251.3922119140625 0.9351820945739746 0.14705322682857513 3.001328687939368e-15 0.03529208497054192
1251.4022216796875 0.9459244608879089 0.14789213240146637 3.0020507835269022e-15 0.034636615021837416
1251.4122314453125 1.1243836879730225 0.15722215175628662 3.002771185048542e-15 0.03399091555426155
1251.4222412109375 1.0903338193893433 0.155400812625885 3.003490104262524e-15 0.03336342164627627
1251.43212890625 1.0304553508758545 0.1515464186668396 3.0041986473229023e-15 0.03275432531318707
1251.442138671875 1.0541902780532837 0.1533351093530655 3.0049143901633322e-15 0.032170889083037356
1251.4521484375 0.9194825291633606 0.14618535339832306 3.0056286506961044e-15 0.03159889260860047
1251.4620361328125 1.1487191915512085 0.1581754982471466 3.0063325350752727e-15 0.031045853172585857
1251.4720458984375 1.0291601419448853 0.15199656784534454 3.0070436192344927e-15 0.03051834616470549
1251.4820556640625 0.8213415741920471 0.14086006581783295 3.007753009327818e-15 0.030003476626127776
1251.491943359375 1.08792245388031 0.15475423634052277 3.0084522350257766e-15 0.029508062421701235
1251.501953125 1.100555181503296 0.1556423008441925 3.009158236987313e-15 0.02903791293321454
1251.511962890625 1.149030089378357 0.15802627801895142 3.0098629683994287e-15 0.028581549109938795
1251.5218505859375 1.1499499082565308 0.1581026166677475 3.010557535416177e-15 0.028145004213302367
1251.5318603515625 0.9652031660079956 0.14880305528640747 3.0112588786965037e-15 0.02773333541221716
1251.5418701171875 0.8716692328453064 0.14318926632404327 3.0119587396691726e-15 0.02733644054369644
1251.5517578125 0.9429396986961365 0.1467532068490982 3.0126484362464744e-15 0.02695958405638192
1251.561767578125 1.111281156539917 0.1561654508113861 3.013345120845591e-15 0.026606994576469548
1251.57177734375 1.1582857370376587 0.1585259884595871 3.01404032313705e-15 0.02626995391312724
1251.5816650390625 1.0246490240097046 0.15146109461784363 3.014725361033142e-15 0.02595289367585917
1251.5916748046875 1.1840157508850098 0.15923333168029785 3.015417175192812e-15 0.025659253060664317
1251.6016845703125 0.9292252063751221 0.14644281566143036 3.016107507044824e-15 0.025381666714739577
1251.6116943359375 0.9188875555992126 0.14585280418395996 3.016796144830942e-15 0.02512373887212992
1251.62158203125 1.1227173805236816 0.15662865340709686 3.0174748299799294e-15 0.02488527716346072
1251.631591796875 0.7966060638427734 0.13908801972866058 3.018160291392495e-15 0.024668633170384615
1251.6416015625 1.0716761350631714 0.15418492257595062 3.018844270497403e-15 0.024468187836002273
1251.6514892578125 1.1446559429168701 0.15781477093696594 3.0195180852069436e-15 0.024286445660260423
1251.6614990234375 0.963363528251648 0.14831937849521637 3.0201986761800624e-15 0.024124946130081995
1251.6715087890625 1.1925991773605347 0.1599372923374176 3.0208777848455236e-15 0.023979349414105768
1251.681396484375 1.073036551475525 0.15368740260601044 3.0215469408738545e-15 0.02385135122004606
1251.69140625 1.16619074344635 0.15822388231754303 3.0222228731657634e-15 0.02374176643203698
1251.701416015625 0.9395818114280701 0.1465405523777008 3.022897111391778e-15 0.023647426760402206
1251.7113037109375 1.1461642980575562 0.15713143348693848 3.023561396980662e-15 0.0235692932883325
1251.7213134765625 0.8787686824798584 0.14337526261806488 3.0242324588331242e-15 0.023507511147057212
1251.7313232421875 0.963549792766571 0.14818771183490753 3.024901826619692e-15 0.0234600222808003
1251.7412109375 1.0112990140914917 0.15029361844062805 3.0255614535273662e-15 0.02342711728632758
1251.751220703125 0.9034130573272705 0.1448270082473755 3.026227433182145e-15 0.023408366668971652
1251.76123046875 0.9640699625015259 0.14816394448280334 3.0268921422875027e-15 0.023402719150535566
1251.7711181640625 0.9141164422035217 0.1455778181552887 3.0275468987557303e-15 0.023409889186821162
1251.7811279296875 0.8168652653694153 0.14000123739242554 3.028208219729299e-15 0.023428958017588836
1251.7911376953125 1.0198441743850708 0.15101268887519836 3.0288678466369734e-15 0.023459790250157216
1251.801025390625 0.91411292552948 0.14527815580368042 3.029517944423991e-15 0.023501610658812937
1251.81103515625 0.9227128028869629 0.14533476531505585 3.0301741831998763e-15 0.023553804829401403
1251.821044921875 0.86433345079422 0.14272983372211456 3.0308291514263407e-15 0.02361495429346303
1251.8310546875 0.9754900336265564 0.14810144901275635 3.0314822138286738e-15 0.023685976253268484
1251.8409423828125 0.9044455289840698 0.14485205709934235 3.0321257471103502e-15 0.023765576193151592
1251.8509521484375 0.8955545425415039 0.14452315866947174 3.032775844897368e-15 0.023852062294809646
1251.8609619140625 1.174174427986145 0.15897344052791595 3.0334240368602543e-15 0.02394701204816552
1251.870849609375 1.0515137910842896 0.15251028537750244 3.034062699702484e-15 0.02404884280965425
1251.880859375 0.9682443737983704 0.14821158349514008 3.034707927050055e-15 0.02415566604384181
1251.890869140625 1.090358018875122 0.15512564778327942 3.0353512485734946e-15 0.024269599714220276
1251.9007568359375 1.1040730476379395 0.1558598130941391 3.0359852527345145e-15 0.024388850511768808
1251.9107666015625 0.9177126288414001 0.1455545723438263 3.036625397884402e-15 0.024511399809112915
1251.9207763671875 0.9290637969970703 0.1460651457309723 3.037263848968395e-15 0.024639797382914882
1251.9306640625 1.173534631729126 0.15877872705459595 3.037892770931731e-15 0.024772109897319865
1251.940673828125 0.7163416147232056 0.13404186069965363 3.038528045642172e-15 0.02490622951910532
1251.95068359375 0.8345372080802917 0.14057548344135284 3.039161626286718e-15 0.02504505504973044
1251.9605712890625 0.9224082231521606 0.1459682434797287 3.0397858895688445e-15 0.02518655119169605
1251.9705810546875 0.8974031209945679 0.14504894614219666 3.0404162938398385e-15 0.025328579312666185
1251.9805908203125 0.9550119638442993 0.1479192078113556 3.0410447922867012e-15 0.025474276725646432
1251.990478515625 1.0755842924118042 0.15490414202213287 3.041664185129381e-15 0.02562156621734217
1252.00048828125 1.1648244857788086 0.1598007082939148 3.0422897189609282e-15 0.025768295578600664
1252.010498046875 0.9325201511383057 0.14638015627861023 3.0429133469683442e-15 0.025917789477952695
1252.0205078125 1.0724868774414062 0.15413035452365875 3.0435354926681025e-15 0.026067941509852113
1252.0303955078125 1.0264508724212646 0.15137813985347748 3.044148321005441e-15 0.02621847740595205
1252.0404052734375 1.073228359222412 0.15454410016536713 3.0447670785734102e-15 0.026367288663905385
1252.0504150390625 0.8949546217918396 0.14421923458576202 3.045384142075485e-15 0.02651781004895864
1252.060302734375 0.8889294862747192 0.1445789635181427 3.0459923117316136e-15 0.026667961924113706
1252.0703125 1.1931791305541992 0.16000555455684662 3.0466059871018993e-15 0.026815707950165357
1252.080322265625 1.0057408809661865 0.15047743916511536 3.0472181801645274e-15 0.026964483400331706
1252.0902099609375 0.9453582167625427 0.14710360765457153 3.0478212676229724e-15 0.02711226672423544
1252.1002197265625 0.9864220023155212 0.14844560623168945 3.0484302843120483e-15 0.02725709319542876
1252.1102294921875 1.0317469835281372 0.151094451546669 3.0490373951769928e-15 0.02740236715239264
1252.1201171875 1.0640382766723633 0.15336862206459045 3.049635612195991e-15 0.02754612237637207
1252.130126953125 1.0739762783050537 0.15371711552143097 3.0502395466873835e-15 0.02768649218922376
1252.14013671875 1.1692932844161987 0.158794566988945 3.0508417871128813e-15 0.027826793331637786
1252.1500244140625 1.1366485357284546 0.15735752880573273 3.051434921934196e-15 0.027965153045496894
1252.1600341796875 1.0775158405303955 0.1531313806772232 3.0520339859861417e-15 0.028099797240997735
1252.1700439453125 1.0030349493026733 0.14973871409893036 3.052631144213956e-15 0.028233935670973244
1252.179931640625 1.0191078186035156 0.15020179748535156 3.053219620354061e-15 0.02836578113777048
1252.18994140625 0.8678593635559082 0.14168381690979004 3.053813390450086e-15 0.0284936757571828
1252.199951171875 1.0071791410446167 0.15063625574111938 3.0544056782384537e-15 0.028620676229035913
1252.2099609375 0.867928147315979 0.14196453988552094 3.0549962719609268e-15 0.0287451096437175
1252.2198486328125 1.0075241327285767 0.14919275045394897 3.0555781835956905e-15 0.02886689357784129
1252.2298583984375 0.9554004669189453 0.1474737823009491 3.0561653891863745e-15 0.028984514513463205
1252.2398681640625 1.1879302263259888 0.15956340730190277 3.056750900711164e-15 0.029100814659541452
1252.249755859375 0.9958342909812927 0.15021663904190063 3.0573277301482443e-15 0.029214268440832285
1252.259765625 1.0590802431106567 0.15280835330486298 3.0579100652994816e-15 0.029323481023107445
1252.269775390625 1.1975799798965454 0.15951909124851227 3.0584904946265876e-15 0.029431100960129707
1252.2796630859375 1.029253602027893 0.15167458355426788 3.059062453624221e-15 0.029535718479729425
1252.2896728515625 0.9980365633964539 0.14917819201946259 3.059639706577775e-15 0.029636067860230902
1252.2996826171875 1.045050024986267 0.1515047550201416 3.060215265465434e-15 0.029734584680552373
1252.3095703125 1.0920473337173462 0.15510888397693634 3.060782142265384e-15 0.02982999041467728
1252.319580078125 0.9024710655212402 0.14315754175186157 3.0613543130212544e-15 0.029921143813102288
1252.32958984375 0.8906778693199158 0.14336812496185303 3.06192478971123e-15 0.030010271790601874
1252.3394775390625 1.030626654624939 0.15076687932014465 3.0624867960717334e-15 0.0300962063832078
1252.3494873046875 0.8773566484451294 0.14258627593517303 3.06305388462992e-15 0.030177938078148992
1252.3594970703125 0.9794496297836304 0.14807361364364624 3.0636194908804492e-15 0.030257474552507525
1252.369384765625 1.1091316938400269 0.1547815352678299 3.064176203285032e-15 0.030333775451382862
1252.37939453125 1.0342351198196411 0.15035326778888702 3.064738421403772e-15 0.03040595964291351
1252.389404296875 0.9870860576629639 0.14835061132907867 3.065298733698381e-15 0.03047579817328891
1252.3992919921875 1.0099239349365234 0.14962808787822723 3.065850787421754e-15 0.030542383389206187
1252.4093017578125 0.9753507971763611 0.14711503684520721 3.0664079233428104e-15 0.030605713003767427
1252.4193115234375 0.8776267766952515 0.1420055776834488 3.0669631534397356e-15 0.030665077290929762
1252.4293212890625 1.045198678970337 0.1505911499261856 3.067516901229003e-15 0.030721940423811656
1252.439208984375 0.7842714786529541 0.1361464411020279 3.068062178688798e-15 0.03077556013953064
1252.44921875 0.901455819606781 0.14344239234924316 3.0686123265880397e-15 0.030825350934345918
1252.459228515625 1.1390438079833984 0.15558582544326782 3.0691609921796236e-15 0.030872551514353027
1252.4691162109375 1.0788592100143433 0.15234799683094025 3.069701187441735e-15 0.030916537958372316
1252.4791259765625 0.9730809330940247 0.14653152227401733 3.07024646490153e-15 0.03095684828955359
1252.4891357421875 0.9372581839561462 0.14503563940525055 3.0707898365371937e-15 0.030994495377120696
1252.4990234375 0.9026103019714355 0.14303810894489288 3.0713251613598584e-15 0.031028976694666602
1252.509033203125 1.0315698385238647 0.1498514711856842 3.071865144863733e-15 0.031059950128019993
1252.51904296875 0.9122167825698853 0.14377929270267487 3.07240364605995e-15 0.03108819929274617
1252.5289306640625 0.8074353337287903 0.1380237638950348 3.0729336769266943e-15 0.031113350592826213
1252.5389404296875 0.9248986840248108 0.14439529180526733 3.0734687899911222e-15 0.031135169949954487
1252.5489501953125 0.7841188311576843 0.1358521431684494 3.0740019972314188e-15 0.031154228115759023
1252.558837890625 0.9020274877548218 0.14302019774913788 3.0745271576587165e-15 0.031170258411319197
1252.56884765625 1.008798599243164 0.14804157614707947 3.075056976767224e-15 0.031183150638580924
1252.578857421875 0.947824239730835 0.14580820500850677 3.075585313568074e-15 0.031193252081684122
1252.5887451171875 0.8993141055107117 0.14283956587314606 3.0761051800394512e-15 0.03120041400616087
1252.5987548828125 0.8523953557014465 0.13999727368354797 3.076630128708512e-15 0.031204668845840354
1252.6087646484375 0.8540622591972351 0.1399698704481125 3.0771531715534416e-15 0.031206049098560826
1252.6187744140625 0.8299826979637146 0.13846823573112488 3.0776745203324766e-15 0.031204621674650955
1252.628662109375 0.9092738032341003 0.1437048465013504 3.0781878222985127e-15 0.031200388711745485
1252.638671875 0.7693709135055542 0.13564853370189667 3.078705571187522e-15 0.03119348402666242
1252.648681640625 0.6412684917449951 0.1274103820323944 3.0792218377688734e-15 0.031183776545261593
1252.6585693359375 0.8506274819374084 0.14046478271484375 3.079730057537226e-15 0.031171368784281398
1252.6685791015625 0.7939117550849915 0.13663950562477112 3.0802429359867885e-15 0.031156500880029702
1252.6785888671875 0.7478209733963013 0.1331239938735962 3.0807539086122196e-15 0.03113884483334448
1252.6884765625 0.7466029524803162 0.13395002484321594 3.0812570461828887e-15 0.031118606134497778
1252.698486328125 0.6982806921005249 0.13112236559391022 3.081764630676531e-15 0.031096119342189595
1252.70849609375 0.6747559309005737 0.12920959293842316 3.0822705211042785e-15 0.031070865651771504
1252.7183837890625 0.4748530685901642 0.1156264990568161 3.082768576477264e-15 0.031043156006463506
1252.7283935546875 0.5352979302406311 0.11988915503025055 3.0832710787732226e-15 0.031013412490354674
1252.7384033203125 0.44037744402885437 0.11321515589952469 3.08377167524505e-15 0.0309809383317159
1252.748291015625 0.35607239603996277 0.10691551864147186 3.084264648420352e-15 0.030946138754184248
1252.75830078125 0.37936002016067505 0.10829488188028336 3.08476185676039e-15 0.030909515757140793
1252.768310546875 0.28457769751548767 0.10076844692230225 3.0852575827927707e-15 0.030870214211228528
1252.7781982421875 0.26293158531188965 0.09801344573497772 3.0857452620121524e-15 0.03082871741050353
1252.7882080078125 0.22738206386566162 0.0948755145072937 3.086237388154507e-15 0.03078561517115782
1252.7982177734375 0.332734614610672 0.10483255237340927 3.0867278202309674e-15 0.03073988927337782
1252.8082275390625 0.2262095808982849 0.09454645961523056 3.0872163464832963e-15 0.030692108243509465
1252.818115234375 0.27386295795440674 0.0994148924946785 3.0876972494391e-15 0.030642317220904353
1252.828125 0.38095879554748535 0.10831277817487717 3.08818238755964e-15 0.030591209746175952
1252.838134765625 0.4635075628757477 0.11387187987565994 3.0886658316142852e-15 0.030537569078206733
1252.8480224609375 0.4495537281036377 0.11380297690629959 3.0891416523724053e-15 0.030482065374967737
1252.8580322265625 0.44934991002082825 0.11383524537086487 3.0896217082952617e-15 0.030425454942839048
1252.8680419921875 0.5322189927101135 0.1195278987288475 3.0900998583939868e-15 0.030366389715410357
1252.8779296875 0.5437114834785461 0.12012118101119995 3.0905705969544233e-15 0.030305612215540133
1252.887939453125 0.6854722499847412 0.12955336272716522 3.0910453589213594e-15 0.03024393975819269
1252.89794921875 0.7074854373931885 0.13170281052589417 3.091518215064164e-15 0.030179897746917372
1252.9078369140625 0.778842031955719 0.13556574285030365 3.091983871426917e-15 0.030114294772004443
1252.9178466796875 0.6956585049629211 0.13065828382968903 3.092453339437933e-15 0.03004800564344941
1252.9278564453125 0.6609095335006714 0.12851721048355103 3.092921113383054e-15 0.02997944569480021
1252.937744140625 0.8256487846374512 0.13781212270259857 3.0933814757898867e-15 0.029909474061269235
1252.94775390625 0.8969688415527344 0.1423339694738388 3.093845649844982e-15 0.02983902637679027
1252.957763671875 0.9551373720169067 0.14546839892864227 3.094308129834183e-15 0.029766408222653074
1252.9676513671875 0.8836029767990112 0.14135141670703888 3.094763410043332e-15 0.029692536621327967
1252.9776611328125 0.8835377097129822 0.14194610714912415 3.095222501900744e-15 0.029618389262503205
1252.9876708984375 0.9198278784751892 0.14365500211715698 3.0956796879340245e-15 0.029542182568266767
1252.9976806640625 0.8369672894477844 0.13893970847129822 3.0961351799014105e-15 0.029464883218519363
1253.007568359375 0.8580108284950256 0.14016170799732208 3.096583472088745e-15 0.029386542045979933
1253.017578125 0.9894898533821106 0.14721862971782684 3.097035364166105e-15 0.029308185003490562
1253.027587890625 0.9760664701461792 0.14633730053901672 3.0974857739358075e-15 0.029227933370197686
1253.0374755859375 0.8119481205940247 0.13743095099925995 3.0979287721672214e-15 0.02914679896915708
1253.0474853515625 0.8845323920249939 0.1414126604795456 3.098375582046898e-15 0.029065840268943977
1253.0574951171875 0.8698022961616516 0.14078493416309357 3.0988204861024434e-15 0.028983113373708763
1253.0673828125 1.0710914134979248 0.15098901093006134 3.099258402136174e-15 0.028899664002466192
1253.077392578125 0.9063684344291687 0.14258790016174316 3.0996997063016934e-15 0.028816577644823413
1253.08740234375 0.754806637763977 0.13396702706813812 3.100139528159555e-15 0.028731857254866204
1253.0972900390625 0.7548227906227112 0.13377349078655243 3.1005721502373653e-15 0.028646578559127465
1253.1072998046875 0.8114644885063171 0.13698051869869232 3.1010081604469645e-15 0.02856183850392645
1253.1173095703125 0.870772123336792 0.1407368928194046 3.101442688348906e-15 0.028475605799275265
1253.127197265625 0.9184709191322327 0.14275610446929932 3.1018700164707957e-15 0.02838897261117055
1253.13720703125 0.9407837390899658 0.1440136581659317 3.1023009444827113e-15 0.02830305428630105
1253.147216796875 1.0232162475585938 0.14902721345424652 3.1027299666704956e-15 0.02821578647425333
1253.1571044921875 0.7293891906738281 0.13235673308372498 3.103152212594702e-15 0.028128278726739564
1253.1671142578125 1.0001649856567383 0.14744453132152557 3.103577846650697e-15 0.028041653953101837
1253.1771240234375 1.000173807144165 0.14719244837760925 3.104001574882561e-15 0.02795382455232675
1253.18701171875 0.9274777173995972 0.14349859952926636 3.104418526850847e-15 0.027865914934890677
1253.197021484375 1.010805368423462 0.1478656679391861 3.1048386551926852e-15 0.027777973898262906
1253.20703125 0.9168553948402405 0.14309187233448029 3.105257089468629e-15 0.02769112794296464
1253.217041015625 1.019460678100586 0.14834433794021606 3.105673829678678e-15 0.02760328217732822
1253.2269287109375 0.9399300217628479 0.1438274383544922 3.106083793625149e-15 0.02751556221303358
1253.2369384765625 0.7863415479660034 0.13557671010494232 3.1064969339451723e-15 0.027429083483378948
1253.2469482421875 0.7629330158233643 0.13436637818813324 3.1069081684410643e-15 0.027341762082913862
1253.2568359375 0.8098463416099548 0.1372072994709015 3.107312838431615e-15 0.027254715389818267
1253.266845703125 0.9005424976348877 0.1423899382352829 3.107720684795718e-15 0.027169049536056176
1253.27685546875 0.7723947763442993 0.13508641719818115 3.1081266253356896e-15 0.027082695408638266
1253.2867431640625 1.0117371082305908 0.14893415570259094 3.10852600137032e-15 0.026996768306304635
1253.2967529296875 0.9936561584472656 0.14884090423583984 3.1089283420202658e-15 0.026912349245428895
1253.3067626953125 0.9122309684753418 0.14447247982025146 3.109328988604317e-15 0.026827399663979592
1253.316650390625 0.9252167344093323 0.1462501585483551 3.109723070683027e-15 0.02674301634474813
1253.32666015625 0.9870277047157288 0.15024597942829132 3.1101201173770526e-15 0.026660262494180815
1253.336669921875 0.9715656638145447 0.14941087365150452 3.1105154700051835e-15 0.026577133362808886
1253.3465576171875 0.9828572869300842 0.14947372674942017 3.1109042581279733e-15 0.02649470727865936
1253.3565673828125 0.8780263662338257 0.14490897953510284 3.1112960108660784e-15 0.026414016906846943
1253.3665771484375 1.1111923456192017 0.1572139412164688 3.111685857780052e-15 0.026333109704649197
1253.37646484375 0.8430026173591614 0.14255301654338837 3.1120693519469216e-15 0.026253029263296233
1253.386474609375 0.9997854232788086 0.1507844626903534 3.1124555989708695e-15 0.02617478210294451
1253.396484375 0.8522667288780212 0.14285212755203247 3.112840151928923e-15 0.026096470510612615
1253.406494140625 1.016424536705017 0.15241886675357819 3.113223010821082e-15 0.02601910686394999
1253.4163818359375 1.2305290699005127 0.1638321429491043 3.1135993052078996e-15 0.025942731967696114
1253.4263916015625 0.9467976689338684 0.14875254034996033 3.113978352451796e-15 0.025868291735130788
1253.4364013671875 0.9398053884506226 0.14720487594604492 3.1143557056297977e-15 0.025793988096483738
1253.4462890625 1.019902229309082 0.1533881425857544 3.114726706060695e-15 0.025720778870538037
1253.456298828125 0.8999971747398376 0.14662770926952362 3.115100459348671e-15 0.025649568494633786
1253.46630859375 0.7564575672149658 0.13507091999053955 3.1154725185707525e-15 0.025578636302548294
1253.4761962890625 0.9855101108551025 0.15039922297000885 3.1158380132874927e-15 0.02550889642263142
1253.4862060546875 0.8880534172058105 0.1453278809785843 3.1162064726195484e-15 0.02544120663664257
1253.4962158203125 0.8141817450523376 0.14123107492923737 3.1165730261274727e-15 0.025373926452653846
1253.506103515625 1.0755785703659058 0.15432946383953094 3.1169332268882926e-15 0.02530792517129079
1253.51611328125 0.9578046202659607 0.14872266352176666 3.117296180506191e-15 0.02524401127170098
1253.526123046875 0.9337887763977051 0.147424578666687 3.117657228299958e-15 0.02518062987449995
1253.5360107421875 0.8942078948020935 0.14512023329734802 3.1180121351048577e-15 0.025118602682696306
1253.5460205078125 0.8573256731033325 0.1431548148393631 3.118369583008599e-15 0.025058682590217814
1253.5560302734375 1.017952799797058 0.1521455943584442 3.118725336846446e-15 0.024999410309188872
1253.56591796875 0.9815731048583984 0.14859819412231445 3.119074949695425e-15 0.024941554596422333
1253.575927734375 1.00604248046875 0.1497352123260498 3.1194268918850092e-15 0.024885808432898268
1253.5859375 0.9205937385559082 0.14609891176223755 3.119777140008699e-15 0.024830816234878105
1253.595947265625 0.8799831867218018 0.14519554376602173 3.1201254823082572e-15 0.024777283614396222
1253.6058349609375 1.0970436334609985 0.1568293422460556 3.1204678953771848e-15 0.0247252280171857
1253.6158447265625 0.8593902587890625 0.14470204710960388 3.1208126377867173e-15 0.02467526753870222
1253.6258544921875 0.7134948372840881 0.1356513351202011 3.1211556861303552e-15 0.024626177122098008
1253.6357421875 0.8109704852104187 0.14070823788642883 3.1214925934851256e-15 0.024578588873736977
1253.645751953125 0.6032227277755737 0.12721002101898193 3.121831830180501e-15 0.0245330654584977
1253.65576171875 0.6094395518302917 0.12738293409347534 3.122169372809982e-15 0.02448848372371595
1253.6656494140625 0.621848464012146 0.12918536365032196 3.122500986208832e-15 0.02444542140637215
1253.6756591796875 0.5574185848236084 0.12336401641368866 3.12283471719005e-15 0.024404374206343487
1253.6856689453125 0.5086864829063416 0.11967428028583527 3.1231667541053738e-15 0.02436432804998034
1253.695556640625 0.4429614841938019 0.11405299603939056 3.1234928617900667e-15 0.024325798938401196
1253.70556640625 0.33933332562446594 0.10513436794281006 3.1238212988153645e-15 0.02428922235505548
1253.715576171875 0.32365134358406067 0.10366398841142654 3.124147830016531e-15 0.02425369301730627
1253.7254638671875 0.43653494119644165 0.11307649314403534 3.124468431987067e-15 0.02421966308522979
1253.7354736328125 0.4403398036956787 0.11301799863576889 3.1247913632982075e-15 0.02418750913725676
1253.7454833984375 0.3805263936519623 0.1078612208366394 3.125112388785217e-15 0.024156430784428525
1253.75537109375 0.41220971941947937 0.11024738848209381 3.1254276967998323e-15 0.02412681913215748
1253.765380859375 0.3343241512775421 0.1038978174328804 3.125745122396816e-15 0.02409899486686157
1253.775390625 0.39062899351119995 0.10904411226511002 3.126060642169668e-15 0.024072257207961367
1253.7852783203125 0.42033693194389343 0.11006913334131241 3.1263704444701263e-15 0.024046938826659436
1253.7952880859375 0.5129668712615967 0.11734448373317719 3.1266823643529527e-15 0.024023024431195153
1253.8052978515625 0.6293178796768188 0.1254136711359024 3.126992378411648e-15 0.024000756880445707
1253.8153076171875 0.5728710293769836 0.12058869749307632 3.1273004866462116e-15 0.023979567070967697
1253.8251953125 0.5939777493476868 0.12277785688638687 3.127603089166618e-15 0.023959713226228575
1253.835205078125 0.7922962307929993 0.1353074461221695 3.1279073857529193e-15 0.02394138935955979
1253.84521484375 0.7334556579589844 0.13117361068725586 3.1282102000315627e-15 0.02392411674750314
1253.8551025390625 0.6754088401794434 0.12858018279075623 3.128507296837812e-15 0.023908102367653516
1253.8651123046875 0.6408563256263733 0.12616921961307526 3.128806087709956e-15 0.023893489240537812
1253.8751220703125 0.7561800479888916 0.13292941451072693 3.1291031845162055e-15 0.023879887042595162
1253.885009765625 0.8600560426712036 0.13883523643016815 3.129394775608298e-15 0.023867452656957798
1253.89501953125 0.9886152744293213 0.146070197224617 3.1296882725245214e-15 0.023856280473276453
1253.905029296875 1.048693060874939 0.1484355628490448 3.1299798636166137e-15 0.023846065424376294
1253.9149169921875 0.9078853726387024 0.14147722721099854 3.130265948994549e-15 0.02383691291040207
1253.9249267578125 0.9294154047966003 0.14274899661540985 3.1305537284383785e-15 0.0238288811630692
1253.9349365234375 0.9313669204711914 0.143025204539299 3.1308398138163137e-15 0.023821733146214344
1253.94482421875 1.0245264768600464 0.14771254360675812 3.1311203934800916e-15 0.02381553701130153
1253.954833984375 0.954841673374176 0.14433471858501434 3.131402667209764e-15 0.02381030927304001
1253.96484375 0.8836780786514282 0.14014342427253723 3.1316830351153053e-15 0.023805883102381832
1253.9747314453125 0.8379905819892883 0.1373598575592041 3.131958320823163e-15 0.023802283798201252
1253.9847412109375 1.0723031759262085 0.1504898965358734 3.1322348770804415e-15 0.02379947144484717
1253.9947509765625 0.9445472955703735 0.14392277598381042 3.1325097392718255e-15 0.023797419858925604
1254.0047607421875 0.9683658480644226 0.14472025632858276 3.1327826956390782e-15 0.023796035641657616
1254.0146484375 0.8973678946495056 0.14095382392406464 3.1330505698086474e-15 0.023795304477441673
1254.024658203125 0.9308773279190063 0.14267456531524658 3.1333197145276374e-15 0.023795177098782046
1254.03466796875 1.0230194330215454 0.14745549857616425 3.133587165180733e-15 0.02379560433004895
1254.0445556640625 0.989556074142456 0.1460910588502884 3.133849533636145e-15 0.02379654417770693
1254.0545654296875 1.022201657295227 0.14740785956382751 3.134113172640978e-15 0.023797928301095728
1254.0645751953125 0.9290485382080078 0.14264816045761108 3.1343749058216795e-15 0.023799743578435135
1254.074462890625 0.9445589184761047 0.14342905580997467 3.1346315568046975e-15 0.023801925618893625
1254.08447265625 0.9309555888175964 0.14297114312648773 3.1348896900953733e-15 0.023804394659669433
1254.094482421875 1.0947667360305786 0.15127742290496826 3.1351459175619177e-15 0.02380715980820848
1254.1043701171875 0.9087318778038025 0.14154121279716492 3.1353970628307786e-15 0.023810143713050076
1254.1143798828125 1.0581685304641724 0.14895771443843842 3.1356494786490604e-15 0.023813257230863062
1254.1243896484375 0.8272241950035095 0.13707007467746735 3.135899988643211e-15 0.023816525046395955
1254.13427734375 0.862709641456604 0.13876000046730042 3.1361456281979146e-15 0.023819860436566087
1254.144287109375 0.942794680595398 0.1434621512889862 3.1363925383020392e-15 0.023823169638814333
1254.154296875 0.9324569702148438 0.14244146645069122 3.1366373308237957e-15 0.02382648353951912
1254.1641845703125 0.8491982221603394 0.13845503330230713 3.1368774646643423e-15 0.02382971235301718
1254.1741943359375 0.9418325424194336 0.14335662126541138 3.137118657296073e-15 0.023832763293906486
1254.1842041015625 1.0712124109268188 0.15011146664619446 3.1373579441036723e-15 0.02383566436501093
1254.1942138671875 1.0018744468688965 0.14625677466392517 3.1375953250871403e-15 0.02383832528662046
1254.2041015625 0.8390914797782898 0.1374029815196991 3.1378278356311616e-15 0.023840692609081063
1254.214111328125 0.8972207307815552 0.14075782895088196 3.138061616724604e-15 0.02384269221272229
1254.22412109375 0.9753834009170532 0.14532525837421417 3.138293280235678e-15 0.02384432421287007
1254.2340087890625 0.9770359992980957 0.14536304771900177 3.138520285065542e-15 0.02384551000240959
1254.2440185546875 0.9536747932434082 0.14342206716537476 3.1387483486865903e-15 0.023846193914117842
1254.2540283203125 1.1261178255081177 0.15287651121616364 3.1389742947252703e-15 0.023846340882120527
1254.263916015625 1.0463334321975708 0.14862343668937683 3.1391957938409773e-15 0.023845889124480164
1254.27392578125 0.8950931429862976 0.14045819640159607 3.1394181399896316e-15 0.02384480720843
1254.283935546875 1.0890647172927856 0.15086445212364197 3.1396385803141545e-15 0.02384301752236017
1254.2938232421875 1.0688145160675049 0.15002261102199554 3.1398543619574676e-15 0.023840482577338243
1254.3038330078125 0.8820879459381104 0.14022889733314514 3.140070990633728e-15 0.023837194400749266
1254.3138427734375 0.8222522139549255 0.1363266408443451 3.140285713485857e-15 0.02383302875451684
1254.32373046875 0.9143582582473755 0.14153100550174713 3.1404959894150127e-15 0.023827968258121262
1254.333740234375 0.8586828112602234 0.1387360394001007 3.140706900618879e-15 0.023822048956546344
1254.34375 1.011310338973999 0.14648109674453735 3.140915905998614e-15 0.02381507301231365
1254.3536376953125 1.0005261898040771 0.14643871784210205 3.141120464455376e-15 0.023807065501499296
1254.3636474609375 1.0203207731246948 0.14716923236846924 3.1413256581868483e-15 0.023798093558890187
1254.3736572265625 1.091421127319336 0.1510842740535736 3.1415289460941893e-15 0.02378789569662272
1254.3836669921875 1.0352267026901245 0.14758247137069702 3.141730539935636e-15 0.023776526576614894
1254.3935546875 1.093732476234436 0.15084470808506012 3.1419274750958725e-15 0.0237639453077442
1254.403564453125 0.984138548374176 0.14527063071727753 3.1421250455308195e-15 0.02375028528883747
1254.41357421875 1.1757243871688843 0.1548689752817154 3.142320921899872e-15 0.02373516460314091
1254.4234619140625 1.0128546953201294 0.14700497686862946 3.1425123513459515e-15 0.02371870400922807
1254.4334716796875 0.8959645628929138 0.14071296155452728 3.1427042043085046e-15 0.023701088175423688
1254.4434814453125 1.0461413860321045 0.14835521578788757 3.1428941514469264e-15 0.023681844830029525
1254.453369140625 1.1275362968444824 0.15277139842510223 3.143079863420612e-15 0.023661139773834945
1254.46337890625 1.0109624862670898 0.14713606238365173 3.143266210669008e-15 0.023639218451581984
1254.473388671875 0.9296762943267822 0.14262248575687408 3.1434504403350357e-15 0.02361550147880458
1254.4832763671875 1.0456736087799072 0.14872094988822937 3.1436304348363272e-15 0.023590212702229336
1254.4932861328125 1.14876127243042 0.15379950404167175 3.1438108528540924e-15 0.0235636580096004
1254.5032958984375 1.0540817975997925 0.14848200976848602 3.1439893650477262e-15 0.023535144850269144
1254.51318359375 1.2201882600784302 0.1574098765850067 3.1441638538348606e-15 0.023504960923215135
1254.523193359375 0.7795528769493103 0.13427171111106873 3.144338554380232e-15 0.02347347332109389
1254.533203125 0.9985533952713013 0.14601874351501465 3.1445113491014717e-15 0.023439873961258177
1254.5430908203125 0.9526435732841492 0.14382816851139069 3.1446799086579753e-15 0.023404512870616664
1254.5531005859375 1.0463948249816895 0.14866609871387482 3.1448488917309525e-15 0.023367824599960153
1254.5631103515625 0.7913751602172852 0.13453766703605652 3.1450159689797984e-15 0.0233288799070407
1254.572998046875 1.1971982717514038 0.15599803626537323 3.145179022822145e-15 0.02328809217549069
1254.5830078125 0.9889819622039795 0.14553524553775787 3.1453420766644914e-15 0.023245442923119163
1254.593017578125 0.9877280592918396 0.14548122882843018 3.1455032246827065e-15 0.023201462179026657
1254.60302734375 0.8125398755073547 0.13619087636470795 3.145662678635027e-15 0.02315504284121593
1254.6129150390625 0.9983257055282593 0.14623460173606873 3.1458181091808483e-15 0.023106701223285165
1254.6229248046875 0.7320312261581421 0.13119494915008545 3.1459735397266694e-15 0.023057042105986716
1254.6329345703125 0.9992278218269348 0.14607784152030945 3.1461270644483593e-15 0.023004828607676046
1254.642822265625 1.0123299360275269 0.1468563824892044 3.1462767775217865e-15 0.022950646073293446
1254.65283203125 1.0106099843978882 0.1465246081352234 3.146426278836977e-15 0.022895182004024094
1254.662841796875 0.7536184787750244 0.13218756020069122 3.1465740860862727e-15 0.022837057172118955
1254.6727294921875 0.9270423650741577 0.1425519436597824 3.146718081687306e-15 0.02277693842197891
1254.6827392578125 0.9982980489730835 0.14625988900661469 3.1468618655301024e-15 0.022715591368971933
1254.6927490234375 0.9504967331886292 0.1436176598072052 3.1470037435487675e-15 0.02265149877377975
1254.70263671875 0.9884180426597595 0.14562231302261353 3.1471420216774067e-15 0.022585407035958432
1254.712646484375 0.9183830618858337 0.14171858131885529 3.147280088047809e-15 0.02251815890438685
1254.72265625 1.10164475440979 0.15142592787742615 3.1474160368358435e-15 0.022448104731679974
1254.7325439453125 0.9854903817176819 0.14561425149440765 3.147548597492089e-15 0.022376066724101498
1254.7425537109375 0.8706002235412598 0.13881254196166992 3.1476807346318605e-15 0.02230297299066169
1254.7525634765625 1.1599007844924927 0.1542334407567978 3.1478111777057376e-15 0.022227032371233496
1254.762451171875 1.034043550491333 0.14814622700214386 3.147937809131352e-15 0.022149156044195286
1254.7724609375 0.9173056483268738 0.1418917179107666 3.14806422879873e-15 0.022070346056363096
1254.782470703125 1.0426256656646729 0.148142471909523 3.1481885308837394e-15 0.021988685063934824
1254.79248046875 1.1603291034698486 0.15377376973628998 3.1483111389028545e-15 0.021905159224006574
1254.8023681640625 0.9567656517028809 0.1439037024974823 3.1484301470319437e-15 0.02181980296504333
1254.8123779296875 0.947439432144165 0.1432766169309616 3.1485487316445593e-15 0.021733725755411746
1254.8223876953125 1.103692650794983 0.15195292234420776 3.1486654104330436e-15 0.02164484534671393
1254.832275390625 0.9739708304405212 0.14534197747707367 3.148778701089739e-15 0.02155425558102816
1254.84228515625 0.8773817420005798 0.13994437456130981 3.1488913564717237e-15 0.02146314363733583
1254.852294921875 1.1008678674697876 0.1514715552330017 3.149002106029577e-15 0.02136931428479185
1254.8621826171875 1.1219762563705444 0.15304435789585114 3.1491096792138785e-15 0.021273941456296682
1254.8721923828125 0.9747651219367981 0.1456674188375473 3.1492164053652325e-15 0.021178280774815848
1254.8822021484375 1.2808161973953247 0.16069085896015167 3.1493212256924552e-15 0.021080041613302222
1254.89208984375 1.0071582794189453 0.14699552953243256 3.1494230814043626e-15 0.020980473260366787
1254.902099609375 0.9612428545951843 0.1444258689880371 3.1495240900833226e-15 0.02088089461157729
1254.912109375 0.9537471532821655 0.14479683339595795 3.1496229811799146e-15 0.02077893790691071
1254.9219970703125 0.962786078453064 0.14584816992282867 3.149718907661191e-15 0.020675920994541946
1254.9320068359375 1.0179280042648315 0.1478039175271988 3.1498139871095204e-15 0.020573223421501037
1254.9420166015625 0.9148770570755005 0.14235526323318481 3.1499071607337184e-15 0.020468417725453734
1254.951904296875 1.0776368379592896 0.15118972957134247 3.149997157984364e-15 0.02036288589578713
1254.9619140625 0.8500406742095947 0.13937658071517944 3.1500863082020627e-15 0.020258054884976475
1254.971923828125 1.0379981994628906 0.1493077427148819 3.15017355259563e-15 0.020151468507945393
1254.98193359375 0.9637964963912964 0.1454182118177414 3.1502588911650658e-15 0.020044565002687774
1254.9918212890625 1.2557753324508667 0.15979298949241638 3.1503412651191862e-15 0.0199374971233142
1255.0018310546875 1.1614196300506592 0.15567782521247864 3.1504225802821226e-15 0.019831735652006608
1255.0118408203125 1.0568475723266602 0.15060102939605713 3.150501777862691e-15 0.019724838474165896
1255.021728515625 0.9068747162818909 0.14169326424598694 3.1505782225861806e-15 0.01961830073491429
1255.03173828125 1.0848826169967651 0.1500767171382904 3.1506536085184863e-15 0.01951360427311198
1255.041748046875 0.9760695099830627 0.14535045623779297 3.1507270886266606e-15 0.019408368249924552
1255.0516357421875 1.1425905227661133 0.1542486697435379 3.1507978158777563e-15 0.019304105331271842
1255.0616455078125 1.0428085327148438 0.14909256994724274 3.150867272579431e-15 0.0192022981378374
1255.0716552734375 0.8555331230163574 0.13905279338359833 3.1509348234569747e-15 0.019100669997627513
1255.08154296875 1.0910512208938599 0.15126343071460724 3.150999409719203e-15 0.01900074082805002
1255.091552734375 1.1232231855392456 0.15272527933120728 3.151062937190247e-15 0.01890395894016284
1255.1015625 1.0085002183914185 0.1466342657804489 3.1511245588371596e-15 0.01880821611703465
1255.1114501953125 1.0862022638320923 0.15186916291713715 3.151183427626994e-15 0.018715005733846813
1255.1214599609375 0.926705002784729 0.1428757756948471 3.151241025867407e-15 0.018625722908060843
1255.1314697265625 0.9446581602096558 0.14420615136623383 3.151296718283689e-15 0.01853847830141981
1255.141357421875 1.1049824953079224 0.15299361944198608 3.1513496578428925e-15 0.01845472410848653
1255.1513671875 0.9784910082817078 0.1455448418855667 3.151401326852675e-15 0.018375758177910817
1255.161376953125 0.7742828726768494 0.13393819332122803 3.1514508782800894e-15 0.01829998086688298
1255.17138671875 0.9501624703407288 0.14367042481899261 3.1514985238833724e-15 0.018228766628196637
1255.1812744140625 1.0225547552108765 0.1478719711303711 3.1515438401460505e-15 0.018162492351575202
1255.1912841796875 0.8634668588638306 0.13974934816360474 3.151587462342834e-15 0.018102267518795238
1255.2012939453125 0.982306957244873 0.14565619826316833 3.1516291787154864e-15 0.018047000270833988
1255.211181640625 1.0310128927230835 0.14870044589042664 3.151668353989297e-15 0.017997882951289665
1255.22119140625 1.0007838010787964 0.14716383814811707 3.1517060469554497e-15 0.017955812993335946
1255.231201171875 1.0462807416915894 0.14927244186401367 3.1517418340974712e-15 0.017920179705948107
1255.2410888671875 0.878573477268219 0.13969379663467407 3.151775080140651e-15 0.017891974862296215
1255.2510986328125 1.09065580368042 0.15165583789348602 3.151806843876173e-15 0.01787183880320349
1255.2611083984375 0.8505746126174927 0.13886359333992004 3.151836490029327e-15 0.017859711972067895
1255.27099609375 1.0937345027923584 0.1515102982521057 3.1518640186001127e-15 0.017856333338923776
1255.281005859375 0.8652366399765015 0.13928630948066711 3.151889641346767e-15 0.017862016879203586
1255.291015625 0.9938730597496033 0.14632394909858704 3.1519133582692902e-15 0.01787733713267061
1255.3009033203125 0.8371189832687378 0.13798336684703827 3.1519347458512084e-15 0.017902714039542425
1255.3109130859375 0.8550334572792053 0.13908612728118896 3.151954651125469e-15 0.017938070617323464
1255.3209228515625 0.9832867980003357 0.14571434259414673 3.1519722270591244e-15 0.01798469256079352
1255.330810546875 1.1513831615447998 0.15383505821228027 3.1519878971686486e-15 0.018042610311936644
1255.3408203125 0.708398163318634 0.1295454204082489 3.1520014496958047e-15 0.018111295914311144
1255.350830078125 1.019554853439331 0.1466512680053711 3.1520130963988294e-15 0.01819281549233841
1255.3607177734375 1.0560814142227173 0.1491173803806305 3.152022837277723e-15 0.018286745592558846
1255.3707275390625 0.9739199876785278 0.14476236701011658 3.152030460574248e-15 0.018393426351786785
1255.3807373046875 1.0567779541015625 0.14908413589000702 3.152036178046642e-15 0.018511631365945375
1255.3907470703125 1.1389063596725464 0.15328596532344818 3.152039777936668e-15 0.01864456975315049
1255.400634765625 1.071174144744873 0.14914093911647797 3.1520412602443256e-15 0.018791125380944105
1255.41064453125 0.9415618181228638 0.14284048974514008 3.1520410484860888e-15 0.018949503913372714
1255.420654296875 0.9876889586448669 0.14507870376110077 3.152038507387247e-15 0.019123837237087556
1255.4305419921875 0.8500024676322937 0.13784849643707275 3.1520342722225108e-15 0.01931243669313869
1255.4405517578125 0.9424427151679993 0.1431218534708023 3.1520277077171695e-15 0.019512912634991404
1255.4505615234375 0.8715717196464539 0.1392437219619751 3.152019449145934e-15 0.019730352428032383
1255.46044921875 1.0240830183029175 0.14749711751937866 3.15200907299233e-15 0.01996248023787104
1255.470458984375 1.0114549398422241 0.14660844206809998 3.151996579256358e-15 0.02020629459422985
1255.48046875 1.16217839717865 0.15417036414146423 3.151981967938018e-15 0.02046788185874437
1255.4903564453125 1.0208473205566406 0.14740240573883057 3.151965662553783e-15 0.02074435552575682
1255.5003662109375 1.057728886604309 0.1492026001214981 3.1519472395871804e-15 0.02103210474967532
1255.5103759765625 1.0361489057540894 0.14802679419517517 3.1519264872799727e-15 0.02133824439363681
1255.520263671875 0.9301673173904419 0.1420956701040268 3.1519042526651072e-15 0.021659285527364822
1255.5302734375 0.8386924862861633 0.13705267012119293 3.151879688709637e-15 0.02199101681065975
1255.540283203125 1.1038970947265625 0.15120422840118408 3.1518530071717983e-15 0.02234157617929596
1255.5501708984375 1.0241209268569946 0.14724276959896088 3.1518246315680653e-15 0.022706906867005286
1255.5601806640625 0.8699245452880859 0.13937243819236755 3.1517939266237274e-15 0.023082210455779347
1255.5701904296875 1.1262797117233276 0.15258261561393738 3.1517611040970213e-15 0.023476669152880738
1255.5802001953125 1.1515660285949707 0.15375018119812012 3.151726375746184e-15 0.023885646571253378
1255.590087890625 0.8596257567405701 0.13866683840751648 3.151689953329452e-15 0.024309037274677488
1255.60009765625 0.8164246082305908 0.135461688041687 3.151650989813878e-15 0.024741324124277507
1255.610107421875 0.9656010270118713 0.1444646269083023 3.151610120474173e-15 0.025193068383400408
1255.6199951171875 1.022387981414795 0.14739739894866943 3.1515677688268105e-15 0.025658885511974275
1255.6300048828125 0.8499560356140137 0.1378161460161209 3.151522876080606e-15 0.02613273687422121
1255.6400146484375 1.1052353382110596 0.15115182101726532 3.1514758657520334e-15 0.026626217047535664
1255.64990234375 1.172619104385376 0.15506964921951294 3.151427373115803e-15 0.027133420273945663
1255.659912109375 1.0245040655136108 0.14757540822029114 3.151376127622494e-15 0.027647798217083026
1255.669921875 1.0209696292877197 0.14727447926998138 3.151322976305054e-15 0.02818192713070242
1255.6798095703125 1.0365277528762817 0.14790596067905426 3.151268554438193e-15 0.028729435762793954
1255.6898193359375 0.7812462449073792 0.13432727754116058 3.1512113797142532e-15 0.02928327995023402
1255.6998291015625 1.0811268091201782 0.15062902867794037 3.1511520874079454e-15 0.029857025061653428
1255.709716796875 1.0480849742889404 0.14871935546398163 3.1510915245522167e-15 0.030443800127658995
1255.7197265625 0.7929010987281799 0.13465629518032074 3.1510282088394095e-15 0.031036107090518465
1255.729736328125 0.9673261642456055 0.144510880112648 3.150962775544234e-15 0.03164845779290244
1255.7396240234375 1.1039847135543823 0.1515493392944336 3.1508960716996378e-15 0.032273545172472565
1255.7496337890625 0.9082713723182678 0.14086827635765076 3.150826614997963e-15 0.032903391375255435
1255.7596435546875 1.140297532081604 0.15331196784973145 3.15075504071392e-15 0.03355345596099417
1255.7696533203125 0.9073044061660767 0.14140021800994873 3.150681348847509e-15 0.034215968741724286
1255.779541015625 1.1285607814788818 0.1523313671350479 3.1506065981899136e-15 0.034890834676956674
1255.78955078125 0.9435248374938965 0.1430310606956482 3.150528882917003e-15 0.035569523576867025
1255.799560546875 0.9171872138977051 0.1414785385131836 3.1504490500617243e-15 0.03626870370059816
1255.8094482421875 0.8265253305435181 0.1364743858575821 3.1503681584152616e-15 0.036980017442735845
1255.8194580078125 1.0678164958953857 0.14943383634090424 3.1502843021534834e-15 0.03769449739343621
1255.8294677734375 1.0221714973449707 0.14730721712112427 3.150198328309337e-15 0.03842971890598553
1255.83935546875 1.0830284357070923 0.15011952817440033 3.1501115074322435e-15 0.03917687357268171
1255.849365234375 1.1305280923843384 0.15228083729743958 3.150021298423361e-15 0.0399265814717834
1255.859375 0.9203401207923889 0.14208140969276428 3.149929183590347e-15 0.040697285628589944
1255.8692626953125 0.9096666574478149 0.14091616868972778 3.149836009966149e-15 0.041479791995643896
1255.8792724609375 0.99809330701828 0.14581669867038727 3.1497398717266357e-15 0.04226426467737379
