wave flux_norm flux_err cont_fit cont_err
1248.0924072265625 1.014107584953308 0.15464888513088226 2.9015198311490784e-15 0.031106910433224833
1248.1024169921875 1.0011217594146729 0.15439175069332123 2.8984787711101986e-15 0.030508602803479324
1248.1124267578125 1.0790406465530396 0.15831458568572998 2.8954650278838678e-15 0.029928439741290176
1248.122314453125 0.8909440636634827 0.1485081911087036 2.892515023886818e-15 0.029351990149551234
1248.13232421875 1.0429593324661255 0.1568223387002945 2.889555702527348e-15 0.028786501293422233
1248.142333984375 0.8929608464241028 0.14856937527656555 2.8866232744639538e-15 0.02823859296921515
1248.15234375 1.144895315170288 0.16244466602802277 2.8837179514548715e-15 0.027694689660955167
1248.1622314453125 0.9445122480392456 0.15166448056697845 2.880874461850939e-15 0.02716164377419122
1248.1722412109375 1.0460151433944702 0.1575714647769928 2.8780225019175336e-15 0.026639369895396506
1248.1822509765625 0.9599854350090027 0.15285231173038483 2.875197223521967e-15 0.026134061547002336
1248.192138671875 1.0240063667297363 0.1563349962234497 2.872432507982129e-15 0.025633177162561298
1248.2021484375 0.6588863730430603 0.1350695937871933 2.8696599573875287e-15 0.02514301820613711
1248.212158203125 1.0763037204742432 0.15946578979492188 2.8669136648142935e-15 0.02466935571713437
1248.2220458984375 0.8478358387947083 0.14695674180984497 2.8642264527891292e-15 0.02420048441375772
1248.2320556640625 0.8628408312797546 0.14805006980895996 2.86153225274215e-15 0.023742282922910633
1248.2420654296875 0.9402058720588684 0.1524498164653778 2.8588638872000622e-15 0.023300144646876794
1248.251953125 0.964854896068573 0.15386392176151276 2.856253755173098e-15 0.02286316074374256
1248.261962890625 1.0681084394454956 0.15969231724739075 2.853636846882556e-15 0.0224368465957395
1248.27197265625 0.8804337382316589 0.14844846725463867 2.8510455613386682e-15 0.022026180499169372
1248.2818603515625 0.9465245604515076 0.15285265445709229 2.8485110270022465e-15 0.02162103897305447
1248.2918701171875 1.0094953775405884 0.1565539538860321 2.845970563435194e-15 0.02122656789649733
1248.3018798828125 0.9464240670204163 0.15335865318775177 2.8434552990983224e-15 0.020847347401093865
1248.311767578125 1.1391992568969727 0.16363383829593658 2.840995515419496e-15 0.02047405183420907
1248.32177734375 0.9868683815002441 0.155681312084198 2.838530437784749e-15 0.020111411039719362
1248.331787109375 1.0120582580566406 0.15745577216148376 2.8360903476219463e-15 0.01976364366098806
1248.341796875 1.221264362335205 0.16791516542434692 2.8336750331728507e-15 0.019422182394004082
1248.3516845703125 1.0916589498519897 0.1613311916589737 2.8313135053159057e-15 0.01909135971503211
1248.3616943359375 0.9892615675926208 0.15625131130218506 2.8289473187777508e-15 0.018771176203901747
1248.3717041015625 0.9902976155281067 0.15666747093200684 2.826605907953303e-15 0.018465336294601474
1248.381591796875 1.1093406677246094 0.1620747596025467 2.8243168014133483e-15 0.018166279409474274
1248.3916015625 1.0048019886016846 0.15746870636940002 2.822023883225131e-15 0.017877809383925226
1248.401611328125 1.0969327688217163 0.16230854392051697 2.8197548937176735e-15 0.017603246275834813
1248.4114990234375 0.9680808782577515 0.15504980087280273 2.8175373614617617e-15 0.017335783575167085
1248.4215087890625 0.9157532453536987 0.1527312994003296 2.815316441074061e-15 0.017078826424893025
1248.4315185546875 0.9034297466278076 0.15177194774150848 2.8131192376088833e-15 0.016835283344521265
1248.44140625 0.9834564328193665 0.1561901569366455 2.8109724326040673e-15 0.016599091454105326
1248.451416015625 1.1244288682937622 0.16408081352710724 2.808822451225699e-15 0.01637326191274631
1248.46142578125 1.2042769193649292 0.1679503172636032 2.806695975011617e-15 0.01616030069380497
1248.4713134765625 1.035650610923767 0.15956594049930573 2.804618626708476e-15 0.015954867580827984
1248.4813232421875 1.2053935527801514 0.1681218296289444 2.802538737306493e-15 0.01575955623526909
1248.4913330078125 0.9609283804893494 0.15517960488796234 2.8004819295523228e-15 0.01557648513063864
1248.501220703125 1.0646378993988037 0.16104821860790253 2.798473190917909e-15 0.015401026545323052
1248.51123046875 1.0138003826141357 0.15842284262180328 2.7964623347011275e-15 0.015235374176579332
1248.521240234375 0.896438479423523 0.15198145806789398 2.7944743483739216e-15 0.01508123313805443
1248.53125 1.103593111038208 0.1638799011707306 2.7925092319362917e-15 0.014934671842603987
1248.5411376953125 0.9111452102661133 0.15330061316490173 2.790590278794287e-15 0.014797492194893522
1248.5511474609375 0.9249280095100403 0.15354286134243011 2.7886700551028615e-15 0.01466951686114701
1248.5611572265625 0.899097740650177 0.1527140885591507 2.7867722777845383e-15 0.014551983165745965
1248.571044921875 1.0841078758239746 0.16237297654151917 2.784919816728893e-15 0.014441787216886638
1248.5810546875 0.9792887568473816 0.15707488358020782 2.783066296882064e-15 0.014340241121687424
1248.591064453125 1.0175400972366333 0.15954750776290894 2.7812350116501e-15 0.014248220699661144
1248.6009521484375 0.9286634922027588 0.154144287109375 2.7794475603731567e-15 0.014163235963928603
1248.6109619140625 0.9426021575927734 0.15544626116752625 2.7776598973379765e-15 0.01408624526282238
1248.6209716796875 0.7724684476852417 0.14520739018917084 2.775894045401188e-15 0.014017810391407792
1248.630859375 0.9010308980941772 0.15292292833328247 2.774170968628236e-15 0.013956003870251482
1248.640869140625 0.9154849052429199 0.1543051302433014 2.772447891855284e-15 0.013901462689664766
1248.65087890625 1.375336766242981 0.17786547541618347 2.770746414422487e-15 0.01385447308319949
1248.6607666015625 1.0992331504821777 0.16450467705726624 2.769086653362342e-15 0.013813618406243783
1248.6707763671875 0.7487215995788574 0.14412857592105865 2.7674275275769078e-15 0.013779254956388046
1248.6807861328125 1.0894325971603394 0.16381646692752838 2.765789365856918e-15 0.01375142524993536
1248.690673828125 0.841902494430542 0.14960283041000366 2.7641918617183963e-15 0.013729175041336271
1248.70068359375 1.0671348571777344 0.16221630573272705 2.7625954163710588e-15 0.013712620311282352
1248.710693359375 1.053564429283142 0.1621788889169693 2.7610199350891658e-15 0.013701594437477514
1248.720703125 0.9744226336479187 0.15790455043315887 2.7594649943562437e-15 0.013695561611246979
1248.7305908203125 1.0285158157348633 0.16044992208480835 2.7579490171388953e-15 0.013694426447617631
1248.7406005859375 1.0681034326553345 0.1632443517446518 2.7564349457456783e-15 0.013697925845110964
1248.7506103515625 1.002734661102295 0.15882641077041626 2.7549409913849585e-15 0.013705680164338431
1248.760498046875 1.3169277906417847 0.17593879997730255 2.753485153506865e-15 0.013717627693860274
1248.7705078125 0.8571603894233704 0.1515694409608841 2.75203143321114e-15 0.013733450134331079
1248.780517578125 0.8971555233001709 0.15415753424167633 2.7505976181896753e-15 0.013752642729143765
1248.7904052734375 0.9509673118591309 0.15648896992206573 2.749200860859653e-15 0.013775442632450677
1248.8004150390625 0.924655020236969 0.15549790859222412 2.7478066446284723e-15 0.013801402618379475
1248.8104248046875 1.109248161315918 0.16590411961078644 2.7464319101550786e-15 0.01382992375239527
1248.8203125 1.017768383026123 0.16064752638339996 2.74509338634018e-15 0.013861495585307223
1248.830322265625 1.13664972782135 0.16688399016857147 2.743757403624123e-15 0.01389556734843132
1248.84033203125 1.0207477807998657 0.16053013503551483 2.742440902665853e-15 0.013931475974523959
1248.8502197265625 0.8880828619003296 0.15363289415836334 2.7411593418166574e-15 0.013969910558732597
1248.8602294921875 1.217152714729309 0.1712809056043625 2.739880957341014e-15 0.01401025095576034
1248.8702392578125 1.1397485733032227 0.16758401691913605 2.7386214193484467e-15 0.014051787049561257
1248.880126953125 0.930780827999115 0.15596310794353485 2.7373959744320065e-15 0.014095369934262057
1248.89013671875 0.9696615934371948 0.15873707830905914 2.7361739176473554e-15 0.014140327202994244
1248.900146484375 1.343140959739685 0.17775331437587738 2.7349707073457807e-15 0.014185923349821434
1248.9100341796875 1.0657304525375366 0.16308888792991638 2.733800319570912e-15 0.014233129296458006
1248.9200439453125 0.9033973217010498 0.15470239520072937 2.732633743444306e-15 0.014281240967506976
1248.9300537109375 0.9983668327331543 0.16010338068008423 2.731485590284303e-15 0.014329515751951623
1248.9400634765625 0.8790432214736938 0.1537293642759323 2.7303556483326656e-15 0.014379010807985261
1248.949951171875 1.0258655548095703 0.16184867918491364 2.7292574701165504e-15 0.014429003705341774
1248.9599609375 0.9834252595901489 0.15938478708267212 2.7281633153069347e-15 0.014479370445511544
1248.969970703125 1.0265830755233765 0.16192662715911865 2.727087159947448e-15 0.014529378812988488
1248.9798583984375 0.9994732737541199 0.16059480607509613 2.7260417095322995e-15 0.014580153141639674
1248.9898681640625 0.974815309047699 0.15885677933692932 2.725000706040124e-15 0.014630966812331557
1248.9998779296875 1.0534323453903198 0.1635410338640213 2.7239774902398407e-15 0.014681106846107402
1249.009765625 0.8683517575263977 0.1529817432165146 2.7229837088344746e-15 0.014731716901402006
1249.019775390625 0.8168982863426208 0.1499316394329071 2.721995009626792e-15 0.014782086230886157
1249.02978515625 0.9616971611976624 0.15887314081192017 2.7210234628362914e-15 0.01483152519673522
1249.0396728515625 1.0555678606033325 0.16366662085056305 2.7200807151659973e-15 0.014881173454462084
1249.0496826171875 1.192439079284668 0.17050907015800476 2.719143049693387e-15 0.014930348248098151
1249.0596923828125 0.9226251244544983 0.15689653158187866 2.7182223248797214e-15 0.014978383654414812
1249.069580078125 1.0695719718933105 0.1648915559053421 2.7173293403950785e-15 0.015026403496712236
1249.07958984375 1.0701954364776611 0.16502121090888977 2.716441861624593e-15 0.015073750894237294
1249.089599609375 0.8027900457382202 0.14942002296447754 2.7155711117548154e-15 0.015119801719456314
1249.0994873046875 1.031042218208313 0.16212840378284454 2.7147270434228765e-15 0.015165639848929748
1249.1094970703125 1.0039054155349731 0.161086305975914 2.7138886925633316e-15 0.015210643685257931
1249.1195068359375 1.1359517574310303 0.1681431084871292 2.7130666470880213e-15 0.015254229978813025
1249.1295166015625 1.0429493188858032 0.16334716975688934 2.712260695238709e-15 0.015297435426717961
1249.139404296875 1.0008502006530762 0.16109123826026917 2.7114803661360508e-15 0.01533967223612353
1249.1494140625 1.0839414596557617 0.1655321568250656 2.7107061780222604e-15 0.015380905509076333
1249.159423828125 1.1234575510025024 0.1677619367837906 2.709947660017994e-15 0.015420615003849107
1249.1693115234375 0.8825361132621765 0.15418988466262817 2.709213917727435e-15 0.015459751821357285
1249.1793212890625 0.99041748046875 0.1605902463197708 2.7084865281839805e-15 0.015497789903068812
1249.1893310546875 1.0035661458969116 0.16127565503120422 2.7077745969918132e-15 0.015534257637327789
1249.19921875 0.910180389881134 0.1560003012418747 2.707086382722169e-15 0.01557003133639306
1249.209228515625 1.1392186880111694 0.16829229891300201 2.7064047329578662e-15 0.015604634927091273
1249.21923828125 1.044857382774353 0.1634097397327423 2.705738329786614e-15 0.015637645326576962
1249.2291259765625 0.9243620038032532 0.1570298969745636 2.7050947965049374e-15 0.015669862956908958
1249.2391357421875 0.8977047204971313 0.15539710223674774 2.704458039486839e-15 0.015700855414874017
1249.2491455078125 0.7516247034072876 0.14680273830890656 2.7038361055453175e-15 0.01573025619184427
1249.259033203125 1.0598340034484863 0.1643916815519333 2.7032361944604247e-15 0.015758778427148845
1249.26904296875 1.2198841571807861 0.17318479716777802 2.7026434831555835e-15 0.015786040505379375
1249.279052734375 1.0464142560958862 0.16387471556663513 2.7020649596526088e-15 0.01581172798967211
1249.2889404296875 0.7660879492759705 0.14769627153873444 2.7015078237315523e-15 0.015836466688007256
1249.2989501953125 0.6986533999443054 0.14342036843299866 2.7009576758323106e-15 0.015859927410069242
1249.3089599609375 1.0471150875091553 0.16404275596141815 2.7004219274931723e-15 0.015881844819262553
1249.3189697265625 1.0062100887298584 0.16186633706092834 2.699899943439427e-15 0.01590275763306633
1249.328857421875 0.9255802631378174 0.1574210375547409 2.6993980764181786e-15 0.01592238711232835
1249.3388671875 0.9401282668113708 0.15809334814548492 2.6989038326934557e-15 0.015940735861386612
1249.348876953125 1.0497645139694214 0.16339069604873657 2.698423141495889e-15 0.015957602976578875
1249.3587646484375 0.9288355708122253 0.1568218171596527 2.6979615085396353e-15 0.01597341078042835
1249.3687744140625 0.9937071800231934 0.16134877502918243 2.697507710638144e-15 0.015987945905433495
1249.3787841796875 1.00914466381073 0.1617891639471054 2.6970672535055716e-15 0.016001062279715404
1249.388671875 0.9290068745613098 0.15674042701721191 2.696645219339602e-15 0.016013089407594654
1249.398681640625 0.8066317439079285 0.1503278911113739 2.696230808470158e-15 0.01602386642169083
1249.40869140625 1.0756343603134155 0.16544052958488464 2.6958295266113963e-15 0.016033292313375715
1249.4185791015625 1.143336534500122 0.16937385499477386 2.69544582068629e-15 0.01604161254362365
1249.4285888671875 0.9689393043518066 0.1591252237558365 2.6950701615741828e-15 0.016048711750575942
1249.4385986328125 1.0876437425613403 0.16678039729595184 2.6947069961980475e-15 0.01605453781027102
1249.448486328125 0.9303169250488281 0.1570495367050171 2.6943607714808573e-15 0.01605924918819865
1249.45849609375 1.129988193511963 0.16877701878547668 2.6940223818184292e-15 0.016062779520541498
1249.468505859375 0.9843485355377197 0.16054648160934448 2.69369669765021e-15 0.016065120169373507
1249.4783935546875 0.7694919109344482 0.14775529503822327 2.693386683591515e-15 0.016066346238099837
1249.4884033203125 0.6885480880737305 0.1428528130054474 2.6930851398622923e-15 0.016066437767435236
1249.4984130859375 0.7702108025550842 0.1478019654750824 2.6927954545943314e-15 0.01606543068247603
1249.5084228515625 0.6748504638671875 0.1422412097454071 2.692517627787632e-15 0.01606331714983044
1249.518310546875 0.7569811940193176 0.14685267210006714 2.6922548358157463e-15 0.016060122549360845
1249.5283203125 0.7977988719940186 0.14938461780548096 2.6920005141733332e-15 0.016055866313390982
1249.538330078125 0.6080117225646973 0.13724881410598755 2.691757627475708e-15 0.01605063768492337
1249.5482177734375 0.4331198036670685 0.1240408793091774 2.6915289285799494e-15 0.01604432989376675
1249.5582275390625 0.43306276202201843 0.12365329265594482 2.6913087000136632e-15 0.016037021100836997
1249.5682373046875 0.40514254570007324 0.12203642725944519 2.6910996946339283e-15 0.016028840739982515
1249.578125 0.47362932562828064 0.12756571173667908 2.6909042417813493e-15 0.01601960852860665
1249.588134765625 0.3930344581604004 0.12059633433818817 2.690717259258243e-15 0.0160094425783716
1249.59814453125 0.35331830382347107 0.11702039837837219 2.690541288163451e-15 0.01599850931694625
1249.6080322265625 0.4863327741622925 0.12759898602962494 2.6903780225628676e-15 0.015986558703851437
1249.6180419921875 0.5813062787055969 0.13540977239608765 2.690223227291757e-15 0.015973748480042047
1249.6280517578125 0.5821400880813599 0.13502304255962372 2.690079019932487e-15 0.015960273279383413
1249.637939453125 0.5276998281478882 0.13149401545524597 2.689946882792715e-15 0.015945826392296244
1249.64794921875 0.7277430891990662 0.14562681317329407 2.689823427740653e-15 0.015930595414944248
1249.657958984375 0.7295743823051453 0.14545154571533203 2.6897101370839576e-15 0.01591480674315711
1249.6678466796875 0.6620859503746033 0.1409386694431305 2.6896082813720502e-15 0.01589809765449778
1249.6778564453125 0.862775444984436 0.15386328101158142 2.6895148959896155e-15 0.015880685800071726
1249.6878662109375 0.9849056005477905 0.1609981656074524 2.6894316750025477e-15 0.015862823360072487
1249.69775390625 0.7428202629089355 0.14644691348075867 2.689358830169084e-15 0.015844098872390962
1249.707763671875 0.8503691554069519 0.15298528969287872 2.689294879181566e-15 0.015824755933436442
1249.7177734375 1.1168136596679688 0.1681881546974182 2.689240457314705e-15 0.01580482635343933
1249.727783203125 0.8233398199081421 0.1512443721294403 2.6891953528102638e-15 0.015784589382188297
1249.7376708984375 0.89145427942276 0.15441954135894775 2.6891602009429527e-15 0.015763578116620252
1249.7476806640625 1.0658360719680786 0.16549809277057648 2.6891335194051142e-15 0.01574206793436198
1249.7576904296875 0.8482677936553955 0.15273553133010864 2.6891161552296955e-15 0.015720360087281886
1249.767578125 1.1050630807876587 0.16756513714790344 2.6891078966584598e-15 0.01569795024628722
1249.777587890625 1.092227816581726 0.16664516925811768 2.6891083201749334e-15 0.015675134666684368
1249.78759765625 1.119511604309082 0.16814976930618286 2.6891174257791164e-15 0.015652228613141073
1249.7974853515625 0.8621060252189636 0.15381550788879395 2.689135001712772e-15 0.01562869912760442
1249.8074951171875 1.1456382274627686 0.1698196679353714 2.6891612597341368e-15 0.01560485804839046
1249.8175048828125 1.1434009075164795 0.1697513312101364 2.689196199843211e-15 0.015581033991232495
1249.827392578125 0.9167239665985107 0.1566344052553177 2.6892387632488106e-15 0.015556669234436106
1249.83740234375 0.7813637852668762 0.14922134578227997 2.6892900087421194e-15 0.015532090147207326
1249.847412109375 1.0098949670791626 0.1624806523323059 2.6893493010484272e-15 0.01550763342107849
1249.8572998046875 1.0508713722229004 0.16465064883232117 2.6894157931347867e-15 0.015482725250285004
1249.8673095703125 1.1442701816558838 0.16957373917102814 2.6894909673088555e-15 0.01545770162860774
1249.8773193359375 1.146370530128479 0.16933506727218628 2.6895739765376864e-15 0.015432899188775611
1249.88720703125 1.1721293926239014 0.1708640605211258 2.6896635502718586e-15 0.015407741367810231
1249.897216796875 1.186015248298645 0.1715129315853119 2.68976180609374e-15 0.015382565132927456
1249.9072265625 0.888684868812561 0.1551826447248459 2.6898672616956732e-15 0.015357712050406421
1249.917236328125 0.9973396062850952 0.1616026759147644 2.6899803405941317e-15 0.015332599760727384
1249.9271240234375 0.9030411839485168 0.1559266746044159 2.6900989252067473e-15 0.015307567438578066
1249.9371337890625 0.9961233139038086 0.16170746088027954 2.6902261919070723e-15 0.015282649833775589
1249.9471435546875 0.8630041480064392 0.15362456440925598 2.690360446629212e-15 0.015258180276926547
1249.95703125 1.0100897550582886 0.16248346865177155 2.6904997835490354e-15 0.015233585891854206
1249.967041015625 0.7564610838890076 0.14716024696826935 2.6906475907983313e-15 0.015209204526672142
1249.97705078125 1.1871870756149292 0.1716945320367813 2.690802174311205e-15 0.01518536008066192
1249.9869384765625 0.8497551083564758 0.1525891125202179 2.690961204747052e-15 0.015161494511350767
1249.9969482421875 1.1846181154251099 0.1713731437921524 2.6911287055123717e-15 0.015137937286638349
1250.0069580078125 0.8647722601890564 0.1533644199371338 2.691302347266559e-15 0.01511500178708218
1250.016845703125 0.9838521480560303 0.1604386866092682 2.6914802241854822e-15 0.01509215017911419
1250.02685546875 0.9972657561302185 0.16119012236595154 2.6916663596756414e-15 0.015069700344989551
1250.036865234375 0.9132013916969299 0.1565520018339157 2.6918584243964313e-15 0.0150479486676008
1250.0467529296875 1.0365610122680664 0.1636177897453308 2.692054089007247e-15 0.015026387283786262
1250.0567626953125 1.1416847705841064 0.16957679390907288 2.6922578004310617e-15 0.015005317795885672
1250.0667724609375 1.0484284162521362 0.1641627699136734 2.6924672293272703e-15 0.014985016336072823
1250.07666015625 1.197295904159546 0.17159077525138855 2.6926794110805575e-15 0.014965009051505128
1250.086669921875 1.1822068691253662 0.17106468975543976 2.6928998514050805e-15 0.01494558070458569
1250.0966796875 1.1039985418319702 0.16651193797588348 2.6931255856855237e-15 0.014926981458705106
1250.106689453125 0.9835689067840576 0.1599474400281906 2.6933564021636505e-15 0.014908782003342346
1250.1165771484375 1.0227665901184082 0.16245616972446442 2.6935895479823823e-15 0.014891239201048926
1250.1265869140625 0.9414767026901245 0.15780600905418396 2.693830740614113e-15 0.014874379663645628
1250.1365966796875 0.835086464881897 0.15136122703552246 2.6940765919270535e-15 0.014858420072098465
1250.146484375 1.1030467748641968 0.1668061912059784 2.6943241373058886e-15 0.014842992145067813
1250.156494140625 1.1028192043304443 0.16703876852989197 2.6945795177394857e-15 0.014828318933886786
1250.16650390625 0.7934685945510864 0.14895384013652802 2.6948395568542928e-15 0.014814586967381868
1250.1763916015625 1.0334042310714722 0.16327835619449615 2.695100654760284e-15 0.014801480780236463
1250.1864013671875 0.9680907130241394 0.15957283973693848 2.6953691642045636e-15 0.014789193075621087
1250.1964111328125 0.9947625398635864 0.1611213982105255 2.6956421205718162e-15 0.014777878292373791
1250.206298828125 0.8064610362052917 0.15006671845912933 2.6959157122137794e-15 0.01476727606942827
1250.21630859375 0.9940580129623413 0.16105009615421295 2.696196715394031e-15 0.01475754946034453
1250.226318359375 1.140793800354004 0.16897854208946228 2.6964815302225453e-15 0.014748816847072127
1250.2362060546875 0.9449486136436462 0.1581587940454483 2.696766768567533e-15 0.014740876984194984
1250.2462158203125 1.1733161211013794 0.17134425044059753 2.697058994934336e-15 0.014733858328574406
1250.2562255859375 0.8596252202987671 0.15397459268569946 2.6973548211911644e-15 0.014727843654022691
1250.26611328125 1.0961161851882935 0.16721242666244507 2.697650647447993e-15 0.014722695379280806
1250.276123046875 0.960357666015625 0.1595168113708496 2.6979532499683996e-15 0.014718505755878492
1250.2861328125 1.3218684196472168 0.17878280580043793 2.6982590288623584e-15 0.01471531566533484
1250.296142578125 1.0519763231277466 0.1641802042722702 2.6985681958881062e-15 0.014713057001027941
1250.3060302734375 1.0014830827713013 0.1621599942445755 2.69887630412267e-15 0.014711781705449511
1250.3160400390625 0.853380560874939 0.15331129729747772 2.6991911886208118e-15 0.01471149589746706
1250.3260498046875 0.8749825954437256 0.15353214740753174 2.699508825976032e-15 0.014712189606260811
1250.3359375 0.9430850148200989 0.1584509164094925 2.6998254045400684e-15 0.014713883970762412
1250.345947265625 0.9723179936408997 0.16121360659599304 2.7001481240929723e-15 0.01471657849785759
1250.35595703125 1.0491358041763306 0.1650894731283188 2.7004735965029548e-15 0.014720222724990783
1250.3658447265625 0.9943968057632446 0.16188329458236694 2.700797163088806e-15 0.014724906838617912
1250.3758544921875 0.6527263522148132 0.14093932509422302 2.7011270824217615e-15 0.014730591428199349
1250.3858642578125 1.0892304182052612 0.16721667349338531 2.701459119337085e-15 0.014737182995646615
1250.395751953125 0.9805774688720703 0.16139580309391022 2.7017892504282775e-15 0.01474484218080716
1250.40576171875 0.9959369897842407 0.1632017344236374 2.702125098991864e-15 0.014753486667330253
1250.415771484375 0.7840136885643005 0.1503048837184906 2.7024628533795815e-15 0.01476298860246941
1250.4256591796875 0.9061840772628784 0.15651759505271912 2.7027980666684574e-15 0.014773571639551262
1250.4356689453125 0.7867002487182617 0.1490098237991333 2.7031389974297272e-15 0.01478511777668054
1250.4456787109375 1.1964609622955322 0.17363756895065308 2.7034814104986548e-15 0.014797456220977213
1250.45556640625 0.8478877544403076 0.1537322849035263 2.7038210707105038e-15 0.014810880448394854
1250.465576171875 0.6458327174186707 0.14055640995502472 2.704166024878273e-15 0.014825229214652583
1250.4755859375 0.5628286004066467 0.13480065762996674 2.7045120378372265e-15 0.014840298508520167
1250.4854736328125 0.4763887822628021 0.12736858427524567 2.7048550861808645e-15 0.014856442248793905
1250.4954833984375 0.5641710162162781 0.13529403507709503 2.705203004963949e-15 0.014873465584240504
1250.5054931640625 0.5196817517280579 0.13092227280139923 2.705551770779981e-15 0.01489134831182273
1250.5155029296875 0.3403776288032532 0.11595016717910767 2.7059013836289603e-15 0.014909837871310562
1250.525390625 0.43430444598197937 0.12367751449346542 2.706247184829677e-15 0.014929370355778617
1250.535400390625 0.37925150990486145 0.11945271492004395 2.7065976447116034e-15 0.01494970182775843
1250.54541015625 0.622903048992157 0.1380060315132141 2.7069485281100035e-15 0.014970546650377066
1250.5552978515625 0.44419899582862854 0.12387453019618988 2.707295388101904e-15 0.014992396874513064
1250.5653076171875 0.7078984379768372 0.14352692663669586 2.707646483258541e-15 0.015014973420648971
1250.5753173828125 0.542618989944458 0.13229115307331085 2.7079977901734147e-15 0.015037962786955
1250.585205078125 0.662438690662384 0.14041996002197266 2.7083446501653154e-15 0.015061905692640052
1250.59521484375 0.7746222019195557 0.14854098856449127 2.7086957453219523e-15 0.015086496054118912
1250.605224609375 0.8319404721260071 0.15125325322151184 2.7090462052038787e-15 0.015111393681030623
1250.6151123046875 0.7772881388664246 0.14776751399040222 2.709392218162832e-15 0.015137183251824877
1250.6251220703125 0.7893432974815369 0.1495380997657776 2.7097418310118113e-15 0.015163530478888076
1250.6351318359375 0.7241159081459045 0.14383360743522644 2.71009080858608e-15 0.01519007333971342
1250.64501953125 0.9391959309577942 0.1585981398820877 2.710434915720902e-15 0.015217435165773358
1250.655029296875 1.0380585193634033 0.1630902737379074 2.7107821992292764e-15 0.015245259883943605
1250.6650390625 0.8797627091407776 0.15485785901546478 2.7111286357047034e-15 0.015273166477511145
1250.6749267578125 0.7574671506881714 0.1474706530570984 2.71146977822421e-15 0.015301810087512248
1250.6849365234375 1.049936056137085 0.1635083109140396 2.711813885359032e-15 0.015330813033855382
1250.6949462890625 0.9802265763282776 0.16012106835842133 2.7121567219444333e-15 0.015359782248470748
1250.7049560546875 0.7659918069839478 0.14706987142562866 2.712498076222177e-15 0.01538939468278524
1250.71484375 0.9953097105026245 0.16086696088314056 2.7128337130275263e-15 0.015419261681218332
1250.724853515625 1.1977550983428955 0.17183873057365417 2.7131721026899544e-15 0.01544934347443164
1250.73486328125 0.9579125046730042 0.15889610350131989 2.7135083747700144e-15 0.015479233686143918
1250.7447509765625 0.9274991750717163 0.15625564754009247 2.7138389293776804e-15 0.015509634528040751
1250.7547607421875 0.9372614026069641 0.1574825942516327 2.7141716015677145e-15 0.015540137197327674
1250.7647705078125 0.9989176988601685 0.16031339764595032 2.7145021561753805e-15 0.015570331448479689
1250.774658203125 0.9052454829216003 0.15539148449897766 2.714826358035942e-15 0.0156009261124078
1250.78466796875 0.934232234954834 0.15617945790290833 2.715152465720635e-15 0.015631508213083418
1250.794677734375 1.106031894683838 0.16609780490398407 2.715476032306486e-15 0.01566166573726953
1250.8045654296875 0.9336281418800354 0.15683609247207642 2.715793246145233e-15 0.015692107158871323
1250.8145751953125 0.9202876091003418 0.15566708147525787 2.7161115187751637e-15 0.015722418743701276
1250.8245849609375 0.9980053901672363 0.16066808998584747 2.7164272503062527e-15 0.01575219435189922
1250.83447265625 1.0115621089935303 0.16149966418743134 2.7167362055737637e-15 0.01578213084643248
1250.844482421875 1.066414475440979 0.16380128264427185 2.7170462196324588e-15 0.0158118199137036
1250.8544921875 1.0387448072433472 0.1623394787311554 2.717352845559365e-15 0.015840864927761364
1250.8643798828125 1.2511188983917236 0.17378775775432587 2.717652695222693e-15 0.01586994404289298
1250.8743896484375 0.9458756446838379 0.15749377012252808 2.7179529684024945e-15 0.015898657802000844
1250.8843994140625 0.8791627287864685 0.1535189300775528 2.718249853450507e-15 0.015926624352984427
1250.8944091796875 0.918726921081543 0.15608003735542297 2.718543138608494e-15 0.01595449614291881
1250.904296875 1.2377758026123047 0.1731623113155365 2.718829435744666e-15 0.015981884514091254
1250.914306640625 0.8910699486732483 0.15441958606243134 2.7191153093643642e-15 0.01600875236170052
1250.92431640625 0.838320255279541 0.15116706490516663 2.7193973713358e-15 0.016034744635147303
1250.9342041015625 0.8787351846694946 0.1534871906042099 2.719672021768947e-15 0.0160604630108171
1250.9442138671875 1.000252366065979 0.16027405858039856 2.7199462486856207e-15 0.016085547587554556
1250.9542236328125 1.1176453828811646 0.16693519055843353 2.7202160286793212e-15 0.01610966759631915
1250.964111328125 0.7451591491699219 0.1454446166753769 2.7204783971347332e-15 0.0161333815236257
1250.97412109375 1.0108529329299927 0.16130784153938293 2.7207394950407244e-15 0.016156351314497042
1250.984130859375 0.9059306979179382 0.15488296747207642 2.7209961460237424e-15 0.016178274093687592
1250.9940185546875 0.786416232585907 0.14752858877182007 2.7212449619519984e-15 0.0161996570919104
1251.0040283203125 0.9189322590827942 0.15551941096782684 2.7214922955725966e-15 0.016220190419628206
1251.0140380859375 0.9324486255645752 0.1567261815071106 2.721734758753748e-15 0.01623960399971123
1251.02392578125 0.9851588606834412 0.15983137488365173 2.7219691751219008e-15 0.01625834695066022
1251.033935546875 0.8012827038764954 0.148398295044899 2.722201685665922e-15 0.016276138686405674
1251.0439453125 0.9320950508117676 0.15636426210403442 2.722428902254023e-15 0.01629274972885605
1251.0538330078125 1.1571567058563232 0.168710857629776 2.722648072029125e-15 0.016308556593087598
1251.0638427734375 1.0256984233856201 0.1615348905324936 2.7228644889471486e-15 0.016323321180906267
1251.0738525390625 0.9043458700180054 0.1550806313753128 2.723075400151015e-15 0.016336850122974856
1251.0838623046875 0.9058400392532349 0.15502804517745972 2.723280805640724e-15 0.01634945061941593
1251.09375 0.9063253402709961 0.1550334244966507 2.7234779525591975e-15 0.016360921281899986
1251.103759765625 0.9856047630310059 0.15886278450489044 2.723671711345882e-15 0.01637123429442871
1251.11376953125 0.78591388463974 0.1478724330663681 2.7238595409019356e-15 0.016380259908752054
1251.1236572265625 0.8914619088172913 0.1535971760749817 2.7240389001285167e-15 0.016388196128189318
1251.1336669921875 0.9713655114173889 0.15794819593429565 2.724214447706835e-15 0.016394901760236273
1251.1436767578125 0.9722246527671814 0.15892614424228668 2.724383854296286e-15 0.016400294384188344
1251.153564453125 0.9733453989028931 0.15859325230121613 2.7245445787980275e-15 0.016404484125589338
1251.16357421875 1.0508031845092773 0.16322679817676544 2.7247010681350327e-15 0.01640737934864515
1251.173583984375 1.0784257650375366 0.16437524557113647 2.72485078120846e-15 0.016408948851514896
1251.1834716796875 1.012467622756958 0.16095755994319916 2.7249920239524146e-15 0.016409213806326588
1251.1934814453125 0.9596710205078125 0.15791408717632294 2.7251281844986857e-15 0.016408130745381486
1251.2034912109375 0.9574629664421082 0.15765300393104553 2.725257357023142e-15 0.016405723093019894
1251.21337890625 0.9846944212913513 0.1592852622270584 2.725377847459889e-15 0.016401920280100114
1251.223388671875 1.1175427436828613 0.16650377213954926 2.7254928321824787e-15 0.016396729168684104
1251.2333984375 0.9184542298316956 0.15556353330612183 2.7256006171250168e-15 0.01639023104972308
1251.2432861328125 1.1163569688796997 0.16672736406326294 2.7256995082216087e-15 0.01638225751796127
1251.2532958984375 0.8401789665222168 0.1503349244594574 2.725792258329333e-15 0.01637287304310435
1251.2633056640625 0.6533864736557007 0.1392093002796173 2.725877596898769e-15 0.016362214042392877
1251.273193359375 0.9712247848510742 0.15882885456085205 2.7259540416222586e-15 0.016350015854279202
1251.283203125 0.930044949054718 0.15584543347358704 2.7260234983239335e-15 0.016336398716483916
1251.293212890625 1.0515358448028564 0.16270825266838074 2.7260851199708462e-15 0.01632136592333181
1251.30322265625 0.9989632964134216 0.15999114513397217 2.72613869480476e-15 0.016305131290227804
1251.3131103515625 1.1033238172531128 0.16569195687770844 2.7261835875509646e-15 0.01628729881056014
1251.3231201171875 1.3280280828475952 0.17710691690444946 2.726220645242407e-15 0.016268069548517776
1251.3331298828125 0.982836127281189 0.15916618704795837 2.7262494443626136e-15 0.016247713817280386
1251.343017578125 0.9177986979484558 0.1559363305568695 2.726269349636874e-15 0.016225742115745113
1251.35302734375 0.9330150485038757 0.15636885166168213 2.7262809963398988e-15 0.016202414481963988
1251.363037109375 1.1048766374588013 0.1657739281654358 2.7262837491969774e-15 0.016178059799103448
1251.3729248046875 1.2369565963745117 0.17271415889263153 2.7262778199663466e-15 0.016152096221142987
1251.3829345703125 0.9605908393859863 0.15716007351875305 2.7262629968897696e-15 0.01612484210705312
1251.3929443359375 0.9852823615074158 0.1592632383108139 2.7262390682090097e-15 0.01609668060963461
1251.40283203125 0.9596729874610901 0.1578022688627243 2.7262062456823036e-15 0.0160669465716432
1251.412841796875 0.9973205327987671 0.16024254262447357 2.726163894034941e-15 0.0160360168643503
1251.4228515625 1.2113354206085205 0.17097562551498413 2.7261122250251584e-15 0.016004325159933944
1251.4327392578125 1.1040143966674805 0.16555805504322052 2.7260516621694297e-15 0.015971130739638018
1251.4427490234375 1.063278079032898 0.16390493512153625 2.725980723160097e-15 0.01593686353531264
1251.4527587890625 1.345320224761963 0.17715336382389069 2.725900043271871e-15 0.015902007294734743
1251.462646484375 1.1582032442092896 0.16839714348316193 2.725810681295936e-15 0.015865757078399812
1251.47265625 1.06400465965271 0.16370129585266113 2.7257103078916862e-15 0.01582859276706293
1251.482666015625 0.8910659551620483 0.154044970870018 2.7255999818503063e-15 0.01579104319127385
1251.49267578125 0.89109206199646 0.15403704345226288 2.7254792796553226e-15 0.015752247021716438
1251.5025634765625 0.9979477524757385 0.15973840653896332 2.7253501071308663e-15 0.01571273391159777
1251.5125732421875 1.0397907495498657 0.16167302429676056 2.725208652628675e-15 0.015672578866705106
1251.5225830078125 1.0543615818023682 0.16251234710216522 2.7250570337311163e-15 0.015632359252041844
1251.532470703125 0.8663110733032227 0.15280994772911072 2.7248965209876116e-15 0.015591169347265491
1251.54248046875 1.0662078857421875 0.16397054493427277 2.724723514508135e-15 0.015549590377124698
1251.552490234375 0.9470871090888977 0.15719962120056152 2.724539496600344e-15 0.015508229961347274
1251.5623779296875 1.1325916051864624 0.16766034066677094 2.7243470083630804e-15 0.01546616827423017
1251.5723876953125 0.9212124347686768 0.1559017300605774 2.7241413911151344e-15 0.015424017693543533
1251.5823974609375 1.2138912677764893 0.17145060002803802 2.7239243389224005e-15 0.015382406564580524
1251.59228515625 0.8683849573135376 0.1523045301437378 2.723698816400194e-15 0.015340421453562025
1251.602294921875 1.0809118747711182 0.16458560526371002 2.723459106076121e-15 0.015298700550456991
1251.6123046875 1.1464390754699707 0.16822457313537598 2.7232079608072602e-15 0.01525787607568583
1251.6221923828125 1.1350219249725342 0.16726121306419373 2.7229483452089268e-15 0.015217072371820437
1251.6322021484375 1.15104341506958 0.16869790852069855 2.7226739065340164e-15 0.01517694112693704
1251.6422119140625 1.2356059551239014 0.17312847077846527 2.7223876093978444e-15 0.015138100805558597
1251.652099609375 1.1681385040283203 0.1703624427318573 2.7220930536904367e-15 0.015099748833849125
1251.662109375 1.0762118101119995 0.1648435741662979 2.721782616115268e-15 0.01506252922542136
1251.672119140625 1.0860048532485962 0.16492843627929688 2.7214603200788378e-15 0.015027037992116805
1251.68212890625 0.9311966896057129 0.15723830461502075 2.7211255303064355e-15 0.014992571214690189
1251.6920166015625 1.0539813041687012 0.16355052590370178 2.7207826937210343e-15 0.014959754462469875
1251.7020263671875 1.1325575113296509 0.16786235570907593 2.720423128234925e-15 0.014928774524568197
1251.7120361328125 1.0409146547317505 0.16358265280723572 2.7200508572546066e-15 0.014900162226306541
1251.721923828125 0.9547382593154907 0.15798228979110718 2.7196705394612894e-15 0.014873405688080208
1251.73193359375 1.1052539348602295 0.16712556779384613 2.7192728574925535e-15 0.014849074789421109
1251.741943359375 0.9749583005905151 0.15976375341415405 2.718862258271372e-15 0.014827625135568824
1251.7518310546875 1.0358946323394775 0.1636078804731369 2.7184438239954284e-15 0.014808738909235035
1251.7618408203125 0.9584072828292847 0.15865372121334076 2.718006966752882e-15 0.014792915875986775
1251.7718505859375 0.9996845126152039 0.16130606830120087 2.7175567687414163e-15 0.014780506354587301
1251.78173828125 0.8914335370063782 0.15603022277355194 2.717099159191662e-15 0.014771431799859833
1251.791748046875 0.8680256605148315 0.15402480959892273 2.7166220678841212e-15 0.014766093091404933
1251.8017578125 0.8443741798400879 0.15287068486213684 2.716131635807661e-15 0.01476471340746412
1251.8116455078125 0.955115795135498 0.15856881439685822 2.7156335804346754e-15 0.01476748962373466
1251.8216552734375 1.0266140699386597 0.16414766013622284 2.7151156197874294e-15 0.014774700167720447
1251.8316650390625 0.910401463508606 0.1565982848405838 2.714583471338317e-15 0.014786405230441495
1251.841552734375 0.8698561191558838 0.15417170524597168 2.7140443348673896e-15 0.014803128679089197
1251.8515625 1.1793816089630127 0.17238907516002655 2.7134842343310176e-15 0.014824986894761867
1251.861572265625 0.9476038217544556 0.15971434116363525 2.7129097342345424e-15 0.014851849617265473
1251.87158203125 0.9534102082252502 0.15907792747020721 2.7123210463362007e-15 0.014884609006540716
1251.8814697265625 1.2170628309249878 0.17299820482730865 2.7117249468995705e-15 0.014923192247968441
1251.8914794921875 1.0813480615615845 0.16590599715709686 2.7111072481227853e-15 0.014967823220873372
1251.9014892578125 0.9943675398826599 0.16161282360553741 2.7104745145111863e-15 0.015018058109834875
1251.911376953125 1.1452192068099976 0.16930989921092987 2.709835216394246e-15 0.015075350327681803
1251.92138671875 0.8213889002799988 0.15191277861595154 2.7091728366294933e-15 0.015139320506355606
1251.931396484375 0.9371594190597534 0.15786348283290863 2.7084956337881634e-15 0.01520926134848699
1251.9412841796875 0.9722213745117188 0.1596660315990448 2.7078116546832556e-15 0.015287084601018039
1251.9512939453125 0.9408794641494751 0.15917614102363586 2.7071039586558246e-15 0.015372150604949527
1251.9613037109375 0.9666048884391785 0.15871840715408325 2.7063808042771063e-15 0.01546345634144865
1251.97119140625 0.8321597576141357 0.15190733969211578 2.7056512971512835e-15 0.015563412034458227
1251.981201171875 1.0012457370758057 0.1626216620206833 2.7048972260699904e-15 0.015671085487786226
1251.9912109375 0.9318135380744934 0.15783290565013885 2.704127484879173e-15 0.015785156957071122
1252.0010986328125 1.1245760917663574 0.1692543625831604 2.7033513909412513e-15 0.015908566685545928
1252.0111083984375 0.8849019408226013 0.15537358820438385 2.702549886014912e-15 0.016040067361903335
1252.0211181640625 1.1045604944229126 0.1670069843530655 2.7017324992208115e-15 0.01617801248581709
1252.031005859375 0.9856876730918884 0.161581888794899 2.7009089714378435e-15 0.01632588568181965
1252.041015625 0.9452397227287292 0.1585300862789154 2.7000589738752738e-15 0.01648212029410864
1252.051025390625 0.9765178561210632 0.16032634675502777 2.6991926709284695e-15 0.016644714155546386
1252.0609130859375 1.0166425704956055 0.16260845959186554 2.698320862267508e-15 0.016817739261991666
1252.0709228515625 0.9378446340560913 0.15834549069404602 2.6974215250357607e-15 0.0169992734760643
1252.0809326171875 0.9613587856292725 0.16041043400764465 2.696505458903305e-15 0.01718934867883465
1252.0909423828125 0.850748598575592 0.15376737713813782 2.6955726638701414e-15 0.017385512180726342
1252.100830078125 0.9088817834854126 0.15671880543231964 2.6946343631228204e-15 0.017592607425047046
1252.11083984375 0.7493537068367004 0.14672625064849854 2.6936676867717665e-15 0.017808267527614052
1252.120849609375 1.0584908723831177 0.16482853889465332 2.6926838580035306e-15 0.018029689417299582
1252.1307373046875 1.055772066116333 0.16488097608089447 2.6916949470376112e-15 0.018262319897084326
1252.1407470703125 0.9805401563644409 0.16078180074691772 2.690676389918538e-15 0.01850344186893094
1252.1507568359375 1.0103994607925415 0.16281242668628693 2.689640468624046e-15 0.018749925765633172
1252.16064453125 1.0156525373458862 0.1622767150402069 2.688599676890107e-15 0.01900780613648698
1252.170654296875 1.0273795127868652 0.16357633471488953 2.687528603728304e-15 0.01927403985044835
1252.1806640625 0.9893254637718201 0.16098721325397491 2.686439531116372e-15 0.01954517267534503
1252.1905517578125 1.2299715280532837 0.17421282827854156 2.6853462233397034e-15 0.019827831420356688
1252.2005615234375 0.9601247310638428 0.15948477387428284 2.6842213635857497e-15 0.020118647656789067
1252.2105712890625 1.1225810050964355 0.1686951369047165 2.6830780808651932e-15 0.020413842548997307
1252.220458984375 1.0963592529296875 0.16751733422279358 2.681930986496374e-15 0.02072063945174119
1252.23046875 0.8677337765693665 0.15443319082260132 2.6807514931173225e-15 0.02103534691302989
1252.240478515625 1.0040923357009888 0.16220389306545258 2.6795533650134313e-15 0.021353913020328717
1252.2503662109375 1.1528209447860718 0.17039333283901215 2.6783516370195142e-15 0.02168409364915692
1252.2603759765625 1.2335580587387085 0.17471176385879517 2.677116239465944e-15 0.022021922326385387
1252.2703857421875 1.0714926719665527 0.16629663109779358 2.675862207187534e-15 0.022363047147528292
1252.2803955078125 0.9086971879005432 0.15712831914424896 2.6745889049095738e-15 0.022715799535308497
1252.290283203125 1.0605196952819824 0.16575080156326294 2.6733126380162984e-15 0.02307590360142625
1252.30029296875 0.8991196155548096 0.15662728250026703 2.6720014310139487e-15 0.023443276879165205
1252.310302734375 1.0880390405654907 0.16701683402061462 2.670670954012049e-15 0.023813197471938573
1252.3201904296875 0.9262168407440186 0.1583653688430786 2.6693377241530708e-15 0.024194702773283915
1252.3302001953125 1.0071814060211182 0.16305501759052277 2.667968495393834e-15 0.02458317179253395
1252.3402099609375 0.790814220905304 0.15000168979167938 2.666579573118574e-15 0.024973650944946073
1252.35009765625 0.9813713431358337 0.16158133745193481 2.6651883215027088e-15 0.02537566469925953
1252.360107421875 0.7921459674835205 0.15042203664779663 2.663760223953638e-15 0.02578434202919715
1252.3701171875 0.9973202347755432 0.16255617141723633 2.66231200937207e-15 0.026194486819952123
1252.3800048828125 1.0528807640075684 0.16561445593833923 2.6608616772081338e-15 0.02661612793328179
1252.3900146484375 0.9315489530563354 0.15866225957870483 2.659373440319808e-15 0.027044140454606666
1252.4000244140625 1.0384893417358398 0.16534632444381714 2.657864874640748e-15 0.027473083422305766
1252.409912109375 1.0815978050231934 0.16709402203559875 2.6563548266540305e-15 0.027913471634457235
1252.419921875 0.9858339428901672 0.161835178732872 2.6548056033935024e-15 0.028359935931327126
1252.429931640625 0.9038307666778564 0.15745563805103302 2.6532356278257665e-15 0.028806831962128052
1252.4398193359375 1.0297176837921143 0.16383486986160278 2.6516645934668466e-15 0.029265117171796758
1252.4498291015625 0.9047037363052368 0.15734721720218658 2.650053325042932e-15 0.02972920190547045
1252.4598388671875 0.7528588175773621 0.14812172949314117 2.648421092553573e-15 0.03019323577387935
1252.4698486328125 0.823861837387085 0.1525839865207672 2.6467676842405327e-15 0.030668589564378543
1252.479736328125 0.9323612451553345 0.1594209372997284 2.6451138524110187e-15 0.03114946649927206
1252.48974609375 0.8103948831558228 0.15213480591773987 2.6434183042088524e-15 0.03163578921905115
1252.499755859375 0.8513330817222595 0.15502628684043884 2.641701368424768e-15 0.03212143654214235
1252.5096435546875 1.004683017730713 0.16341011226177216 2.6399842208824466e-15 0.03261832995243141
1252.5196533203125 0.9213942885398865 0.15923970937728882 2.638224298176289e-15 0.033120411518049266
1252.5296630859375 0.8402963280677795 0.15429456532001495 2.6364425643717396e-15 0.033621376236988874
1252.53955078125 1.0623300075531006 0.16673623025417328 2.6346612540836638e-15 0.034133519406865154
1252.549560546875 0.9659859538078308 0.1618926078081131 2.6328361098405676e-15 0.034650593306382954
1252.5595703125 0.8014186024665833 0.15214627981185913 2.630988730982606e-15 0.035166132623314146
1252.5694580078125 0.8570495247840881 0.1551983654499054 2.6291421991575916e-15 0.03569277959254081
1252.5794677734375 0.775153636932373 0.15057320892810822 2.6272507745863727e-15 0.036224126024862906
1252.5894775390625 1.1889986991882324 0.17439576983451843 2.625336691883815e-15 0.036753537549193124
1252.599365234375 0.8994067311286926 0.15838424861431122 2.6234240914889146e-15 0.037293990922021
1252.609375 1.0099446773529053 0.16480056941509247 2.621465327798389e-15 0.03783891872577923
1252.619384765625 0.7493348121643066 0.14948537945747375 2.6194836942182876e-15 0.03838150775660415
1252.6292724609375 0.9432758092880249 0.1609807014465332 2.6175037547040807e-15 0.0389350770838667
1252.6392822265625 0.9441210627555847 0.1615043729543686 2.6154765931030643e-15 0.039492889995424905
1252.6492919921875 0.6959017515182495 0.14557427167892456 2.613426561612472e-15 0.040048000645137465
