wave flux_norm flux_err cont_fit cont_err
1251.302001953125 1.063295841217041 0.1702548712491989 1.0772304984065385e-14 0.03431171541747364
1251.3118896484375 0.9163739085197449 0.1613655686378479 1.0765720996966377e-14 0.03372728280326656
1251.3218994140625 1.0726919174194336 0.16868887841701508 1.0759102281516532e-14 0.033147158882961485
1251.3319091796875 0.8492192029953003 0.1574123501777649 1.075253184694468e-14 0.0325786795667674
1251.341796875 0.9634032845497131 0.16533277928829193 1.0746086773249022e-14 0.03202855027466543
1251.351806640625 1.3315699100494385 0.18760201334953308 1.0739607818235474e-14 0.03148319757672877
1251.36181640625 0.9024890065193176 0.1610303521156311 1.0733176297066972e-14 0.030949492179011495
1251.3717041015625 1.1643098592758179 0.1768149882555008 1.0726869289741717e-14 0.030433754029317764
1251.3817138671875 1.0080405473709106 0.16872195899486542 1.0720530095164466e-14 0.02992326349251799
1251.3917236328125 0.9585632681846619 0.1651659905910492 1.0714237487399313e-14 0.029424467382514773
1251.401611328125 1.0209136009216309 0.16863806545734406 1.0708066852378566e-14 0.028937372121393527
1251.41162109375 1.3221919536590576 0.18389619886875153 1.070186487713877e-14 0.028467728284686585
1251.421630859375 1.0552445650100708 0.17126664519309998 1.069571033574402e-14 0.028003951546971818
1251.4315185546875 0.9394363164901733 0.1634175032377243 1.0689675225994833e-14 0.02755194806472313
1251.4415283203125 0.8890343904495239 0.16022348403930664 1.0683610470092492e-14 0.027117004309217048
1251.4515380859375 1.159718632698059 0.17627790570259094 1.067759230100225e-14 0.026688424613187375
1251.4615478515625 1.0094877481460571 0.16839833557605743 1.0671619024658213e-14 0.026271647841229047
1251.471435546875 1.1228034496307373 0.175452321767807 1.0665763485893844e-14 0.0258715529464534
1251.4814453125 1.0606541633605957 0.1714671105146408 1.0659879995042216e-14 0.0254782651215775
1251.491455078125 1.3310195207595825 0.18634474277496338 1.065404224396974e-14 0.025096822604952145
1251.5013427734375 1.2671838998794556 0.18420247733592987 1.0648320536411036e-14 0.02473164576136277
1251.5113525390625 0.8811655640602112 0.16055524349212646 1.0642571723798021e-14 0.024373734815234558
1251.5213623046875 1.2048553228378296 0.17971201241016388 1.0636867803931211e-14 0.02402764516859722
1251.53125 1.186309576034546 0.17881374061107635 1.063127823351228e-14 0.02369739875376395
1251.541259765625 0.9957794547080994 0.1689523160457611 1.0625662405071984e-14 0.023374794163775903
1251.55126953125 0.9935495853424072 0.1668567955493927 1.062009231641084e-14 0.023063980037713618
1251.5611572265625 1.1218113899230957 0.17480166256427765 1.0614633189065786e-14 0.02276848485585339
1251.5711669921875 0.972865879535675 0.1667797565460205 1.0609150344798209e-14 0.022480995098836686
1251.5811767578125 1.0252684354782104 0.16971369087696075 1.0603712393276836e-14 0.022205163967716626
1251.591064453125 0.8592673540115356 0.15728506445884705 1.0598383709005659e-14 0.021940946213698263
1251.60107421875 1.08510422706604 0.17328983545303345 1.0593032154844906e-14 0.021691302454427668
1251.611083984375 0.8250607252120972 0.15664052963256836 1.0587724646397411e-14 0.021449972653902777
1251.6209716796875 1.0240522623062134 0.16794607043266296 1.0582525558167164e-14 0.021220027369381122
1251.6309814453125 1.0695788860321045 0.17099466919898987 1.0577304447080289e-14 0.021003974722368306
1251.6409912109375 1.078358769416809 0.17218226194381714 1.057212738170667e-14 0.020796365923006075
1251.65087890625 1.011008381843567 0.16929560899734497 1.0567055348418512e-14 0.02059982513239199
1251.660888671875 1.1618391275405884 0.1784304529428482 1.0561964680405513e-14 0.020416421769056534
1251.6708984375 1.0572491884231567 0.17349401116371155 1.0556916364039878e-14 0.02024148217737215
1251.680908203125 0.8142840266227722 0.15927834808826447 1.0551910399321605e-14 0.020077186482093053
1251.6907958984375 1.199161171913147 0.18314272165298462 1.0547008619655844e-14 0.019925180215499945
1251.7008056640625 0.9109680652618408 0.16575834155082703 1.0542088205265244e-14 0.019781526743543745
1251.7108154296875 1.0313360691070557 0.1719600409269333 1.0537210142522006e-14 0.01964798484117735
1251.720703125 0.7435989379882812 0.1533612310886383 1.053243372373244e-14 0.019525805758753872
1251.730712890625 1.1330355405807495 0.1808197796344757 1.0527640364283927e-14 0.019411761064302865
1251.74072265625 0.9857795238494873 0.16875949501991272 1.0522889356482778e-14 0.019307199790610713
1251.7506103515625 0.9341111183166504 0.16813693940639496 1.0518237451536457e-14 0.019213003210585854
1251.7606201171875 0.8284174799919128 0.16155874729156494 1.0513570299997086e-14 0.019126600772226963
1251.7706298828125 0.9315415024757385 0.16588164865970612 1.050894465307213e-14 0.019048970520620077
1251.780517578125 0.9792044162750244 0.16982173919677734 1.0504416414936109e-14 0.018980653966217554
1251.79052734375 0.8682901263237 0.16246429085731506 1.0499873777239984e-14 0.018919702099732722
1251.800537109375 1.1629226207733154 0.18251574039459229 1.0495372644158275e-14 0.018866748842182656
1251.8104248046875 0.852230429649353 0.16266076266765594 1.0490967225799605e-14 0.01882151912126353
1251.8204345703125 1.1380031108856201 0.18081870675086975 1.048654825491378e-14 0.018784159256241034
1251.8304443359375 0.784246027469635 0.1580602079629898 1.0482169941609422e-14 0.01875346939193027
1251.84033203125 0.7774506211280823 0.15634235739707947 1.0477886495995157e-14 0.018729677799489277
1251.850341796875 0.8704063296318054 0.16416336596012115 1.0473590344886683e-14 0.018712673941490923
1251.8603515625 0.9535008668899536 0.16945451498031616 1.0469334851359677e-14 0.018701760109505118
1251.870361328125 0.956619381904602 0.16942313313484192 1.0465120862447087e-14 0.018696905079652867
1251.8802490234375 1.0382530689239502 0.17413371801376343 1.0460997506059853e-14 0.01869778547185206
1251.8902587890625 0.8663219213485718 0.1634843796491623 1.0456863985277252e-14 0.018704145230834957
1251.9002685546875 1.10771906375885 0.1799817681312561 1.0452770275043172e-14 0.01871573578480377
1251.91015625 1.0728040933609009 0.17677979171276093 1.0448766350301501e-14 0.018732052217046394
1251.920166015625 1.1616263389587402 0.18195511400699615 1.044475310819741e-14 0.0187532342250582
1251.93017578125 1.1831921339035034 0.18489199876785278 1.044077967664184e-14 0.018778845132430947
1251.9400634765625 1.1113293170928955 0.17821916937828064 1.0436893489479838e-14 0.018808237016966975
1251.9500732421875 1.2007992267608643 0.18535777926445007 1.043299967902131e-14 0.018841885772490803
1251.9600830078125 0.9843049049377441 0.1723274439573288 1.0429144832078355e-14 0.01887920585808908
1251.969970703125 1.104006052017212 0.18000933527946472 1.0425376382496021e-14 0.018919434463504053
1251.97998046875 1.116023302078247 0.1804334670305252 1.0421600309617161e-14 0.018963334583581938
1251.989990234375 0.9719249606132507 0.16942812502384186 1.0417864047286823e-14 0.019010198701336002
1251.9998779296875 0.9749624729156494 0.17236603796482086 1.0414211641218262e-14 0.019059802727560877
1252.0098876953125 0.9588141441345215 0.17131131887435913 1.0410552458886124e-14 0.01911128023588999
1252.0198974609375 1.0367845296859741 0.17565739154815674 1.0406933087102506e-14 0.019165695908276537
1252.02978515625 0.8842306137084961 0.1660739928483963 1.0403395877514772e-14 0.019222221204003815
1252.039794921875 1.2050923109054565 0.18454866111278534 1.0399853585729354e-14 0.019279941803581377
1252.0498046875 0.9745407104492188 0.17010928690433502 1.0396349410426563e-14 0.019340091673936226
1252.0596923828125 0.9314274191856384 0.16680265963077545 1.0392926550286709e-14 0.01940178855908572
1252.0697021484375 1.2240780591964722 0.1841123402118683 1.0389499454982118e-14 0.019464080360314866
1252.0797119140625 1.0404887199401855 0.17397570610046387 1.0386109629127206e-14 0.01952833772199597
1252.0897216796875 1.0150225162506104 0.17204314470291138 1.0382759613820815e-14 0.019593635597340942
1252.099609375 1.037201166152954 0.17372766137123108 1.0379486678512625e-14 0.01965900756282293
1252.109619140625 0.9917091727256775 0.1705593317747116 1.0376211202105592e-14 0.01972591875569905
1252.11962890625 1.1033852100372314 0.17598432302474976 1.0372973842181187e-14 0.019793426118794002
1252.1295166015625 1.128795862197876 0.17713189125061035 1.036981356225498e-14 0.01986055762607862
1252.1395263671875 0.8284794092178345 0.15872961282730103 1.0366650741229933e-14 0.019928847116773334
1252.1495361328125 0.714054524898529 0.15060411393642426 1.0363526036687512e-14 0.019997336122998456
1252.159423828125 0.963083803653717 0.16782285273075104 1.036047587104445e-14 0.020065074337245244
1252.16943359375 0.9308068752288818 0.16639453172683716 1.035742485836844e-14 0.02013361815112019
1252.179443359375 1.0149263143539429 0.17041592299938202 1.0354411115142109e-14 0.020202024474465854
1252.1893310546875 0.7138753533363342 0.15075628459453583 1.0351471063782189e-14 0.020269359021451164
1252.1993408203125 1.2980800867080688 0.18609821796417236 1.0348531012422269e-14 0.020337187170492002
1252.2093505859375 0.9993998408317566 0.16972875595092773 1.0345627383479081e-14 0.020404581772640727
1252.21923828125 0.9492385387420654 0.16628843545913696 1.034279575233641e-14 0.020471454524874637
1252.229248046875 0.9163313508033752 0.16477636992931366 1.0339964968226686e-14 0.020536915965172726
1252.2392578125 0.764147937297821 0.15471632778644562 1.0337170606533694e-14 0.020602506714907126
1252.2491455078125 0.8479493260383606 0.16027018427848816 1.0334446548575325e-14 0.02066733100564412
1252.2591552734375 0.9170555472373962 0.16275174915790558 1.0331725031715797e-14 0.020730549422051676
1252.2691650390625 0.848823606967926 0.16070139408111572 1.0329039090240053e-14 0.020793650030483703
1252.279052734375 0.9152121543884277 0.16504403948783875 1.032642091140009e-14 0.02085578514400854
1252.2890625 0.9657083749771118 0.16953516006469727 1.0323806967724863e-14 0.020916155725132054
1252.299072265625 0.9657042622566223 0.16940070688724518 1.0321228599433421e-14 0.020976195748033635
1252.30908203125 1.1678539514541626 0.17980515956878662 1.0318684959492817e-14 0.02103509673178817
1252.3189697265625 0.9682728052139282 0.16863490641117096 1.0316208235155045e-14 0.021092114596700653
1252.3289794921875 1.0832746028900146 0.17648941278457642 1.031373574598201e-14 0.021148606190474057
1252.3389892578125 0.9187187552452087 0.16470658779144287 1.0311298832192759e-14 0.021203816951853773
1252.348876953125 1.103068232536316 0.1776711493730545 1.0308925445874553e-14 0.021257058177559466
1252.35888671875 1.036930799484253 0.17161643505096436 1.0306558835819924e-14 0.021309601950368042
1252.368896484375 0.9356650710105896 0.16607731580734253 1.0304226107083186e-14 0.021360748510554795
1252.3787841796875 0.9856434464454651 0.1684199422597885 1.0301956058784544e-14 0.021409866031980602
1252.3887939453125 1.1512311697006226 0.180709570646286 1.029969278674948e-14 0.021458133691649606
1252.3988037109375 0.8342336416244507 0.1585029661655426 1.0297464243065255e-14 0.021504907826522812
1252.40869140625 1.0697393417358398 0.17434585094451904 1.0295296685753231e-14 0.021550160408031507
1252.418701171875 0.8009820580482483 0.15695659816265106 1.0293136751737732e-14 0.02159334450820802
1252.4287109375 1.118667721748352 0.17850875854492188 1.0291010699040124e-14 0.021635501920694286
1252.4385986328125 1.1868540048599243 0.18148131668567657 1.0288944785681771e-14 0.021676071305924777
1252.4486083984375 0.8851848840713501 0.16323618590831757 1.0286886495619943e-14 0.0217145625825283
1252.4586181640625 0.9487388134002686 0.16871866583824158 1.0284862086876005e-14 0.021751912883874413
1252.468505859375 1.0204386711120605 0.17201142013072968 1.028289527637248e-14 0.021787621721644265
1252.478515625 1.0179442167282104 0.1714242845773697 1.0280938630264323e-14 0.021821266254018087
1252.488525390625 1.051991581916809 0.17398828268051147 1.0279015018441109e-14 0.021853667385284926
1252.49853515625 0.9518364667892456 0.16856953501701355 1.0277124440902837e-14 0.02188438941979586
1252.5084228515625 1.152341604232788 0.1793748438358307 1.0275289767539084e-14 0.02191307698252029
1252.5184326171875 0.9703836441040039 0.16859258711338043 1.0273466105603646e-14 0.021940430849271494
1252.5284423828125 0.7186159491539001 0.1511198729276657 1.027167547795315e-14 0.021966081124511847
1252.538330078125 0.8516367077827454 0.16111968457698822 1.0269938213378332e-14 0.021989737552062485
1252.54833984375 0.8872647285461426 0.16348578035831451 1.0268212807264775e-14 0.0220119848973926
1252.558349609375 1.0525659322738647 0.1744794100522995 1.026652043543616e-14 0.022032513276363942
1252.5682373046875 1.122938871383667 0.17762143909931183 1.0264879732617329e-14 0.022051104304932848
1252.5782470703125 1.1539688110351562 0.17973384261131287 1.0263251735292706e-14 0.02206821528009448
1252.5882568359375 1.1193737983703613 0.17836333811283112 1.0261656772253026e-14 0.022083608889554514
1252.59814453125 0.8194634914398193 0.15942344069480896 1.0260111784157235e-14 0.022097127506284547
1252.608154296875 0.9548898339271545 0.16773183643817902 1.0258580348588599e-14 0.022109108918620397
1252.6181640625 0.8889373540878296 0.16286489367485046 1.0257081100271959e-14 0.022119378642351115
1252.6280517578125 0.7719974517822266 0.1552966684103012 1.025563097986626e-14 0.022127942894152115
1252.6380615234375 0.7535690069198608 0.15346671640872955 1.0254195259020663e-14 0.022134732536360543
1252.6480712890625 0.9394645094871521 0.1672184318304062 1.0252790878394116e-14 0.022139921229511552
1252.657958984375 0.9724456071853638 0.16898499429225922 1.0251434778645561e-14 0.02214342136725884
1252.66796875 0.8561862111091614 0.16022931039333344 1.025009307845711e-14 0.022145231607142397
1252.677978515625 0.8546372652053833 0.16119883954524994 1.0248782718487708e-14 0.022145402827376197
1252.6878662109375 0.8368033766746521 0.1614382565021515 1.0247518945330405e-14 0.02214391541305699
1252.6978759765625 0.6702593564987183 0.14820535480976105 1.0246270418766152e-14 0.022140823570215067
1252.7078857421875 0.804263710975647 0.15879158675670624 1.0245053232420948e-14 0.022136066515944876
1252.7178955078125 0.9237398505210876 0.16585636138916016 1.0243866539261844e-14 0.022129682281850332
1252.727783203125 0.9868942499160767 0.16965986788272858 1.0242724738848945e-14 0.022121789307548878
1252.73779296875 0.6698983907699585 0.14832249283790588 1.0241599879094992e-14 0.022112208426919956
1252.747802734375 0.637129545211792 0.14675818383693695 1.0240504665494192e-14 0.022101039708905836
1252.7576904296875 0.7212507128715515 0.151434525847435 1.023945349760665e-14 0.02208846448536734
1252.7677001953125 0.6877697706222534 0.15035796165466309 1.0238419270378052e-14 0.02207418493136716
1252.7777099609375 0.9393251538276672 0.16607464849948883 1.0237414689302608e-14 0.022058364063716546
1252.78759765625 0.6023117899894714 0.1427108645439148 1.0236452459874527e-14 0.022041240698220815
1252.797607421875 0.7556215524673462 0.1542460173368454 1.0235508018138339e-14 0.022022408165275918
1252.8076171875 0.585901141166687 0.14255228638648987 1.0234593222555304e-14 0.022002083136356244
1252.8175048828125 0.5689762830734253 0.1412530094385147 1.0233719084553738e-14 0.02198028959021066
1252.8275146484375 0.568881094455719 0.14033138751983643 1.0232862734244064e-14 0.021957334560606813
1252.8375244140625 0.43391916155815125 0.12959924340248108 1.023203687712049e-14 0.021932672160064778
1252.847412109375 0.6034156084060669 0.14453910291194916 1.0231249983512491e-14 0.02190659670705734
1252.857421875 0.4333856999874115 0.12908677756786346 1.0230481724629332e-14 0.02187947215389813
1252.867431640625 0.43557029962539673 0.1297631859779358 1.0229743111899326e-14 0.021850648005938268
1252.8773193359375 0.36728015542030334 0.12367237359285355 1.0229041768619e-14 0.021820475147313237
1252.8873291015625 0.5545898079872131 0.13875283300876617 1.0228360754129407e-14 0.021789366615671123
1252.8973388671875 0.501908540725708 0.1342993974685669 1.0227708538760021e-14 0.021756573808600892
1252.9073486328125 0.5535427331924438 0.1403493732213974 1.0227085122510842e-14 0.021722499294412702
1252.917236328125 0.5530221462249756 0.13911405205726624 1.0226497281645448e-14 0.021687605297417003
1252.92724609375 0.5706678628921509 0.14073383808135986 1.0225930616603734e-14 0.021651050770057415
1252.937255859375 0.6716862320899963 0.1483030617237091 1.022539190364928e-14 0.021613287205759234
1252.9471435546875 0.7907510995864868 0.15751245617866516 1.0224887919045664e-14 0.021574816219690294
1252.9571533203125 0.7556723356246948 0.15352700650691986 1.022440511026573e-14 0.021534718856848406
1252.9671630859375 0.8389368057250977 0.15994498133659363 1.0223951100606001e-14 0.021493485757710554
1252.97705078125 0.7389193177223206 0.15441542863845825 1.0223529278198269e-14 0.021451665365245023
1252.987060546875 0.7550556659698486 0.15484453737735748 1.0223130325680112e-14 0.0214082527948515
1252.9970703125 1.145398497581482 0.17954939603805542 1.0222758478216267e-14 0.02136378277278283
1253.0069580078125 0.6529243588447571 0.14799855649471283 1.0222418818004418e-14 0.02131884700995505
1253.0169677734375 0.8250735998153687 0.15992213785648346 1.0222102027682145e-14 0.02127236138299809
1253.0269775390625 0.7240904569625854 0.15152065455913544 1.0221812342414184e-14 0.021224901920343115
1253.036865234375 0.8250042796134949 0.1589372158050537 1.0221553150332324e-14 0.02117649708254194
1253.046875 0.7060766816139221 0.1506277620792389 1.0221317675172988e-14 0.021127787108823258
1253.056884765625 0.6045845746994019 0.14297492802143097 1.0221108458035016e-14 0.021077592704420688
1253.0667724609375 1.0248899459838867 0.17218096554279327 1.0220928887050198e-14 0.02102654021946461
1253.0767822265625 0.9786759614944458 0.1691247671842575 1.022077388002085e-14 0.020975301119062175
1253.0867919921875 0.7400013208389282 0.15417741239070892 1.022064428397992e-14 0.020922637561996155
1253.0966796875 0.8770798444747925 0.16297119855880737 1.0220543487059197e-14 0.020869206427225853
1253.106689453125 0.8567640781402588 0.16240008175373077 1.0220467254093944e-14 0.020815708572904153
1253.11669921875 1.0267890691757202 0.17232082784175873 1.0220417279150056e-14 0.02076084926986432
1253.126708984375 0.9940381646156311 0.17200204730033875 1.0220393562227533e-14 0.02070531764029988
1253.1365966796875 1.0098626613616943 0.1716691106557846 1.0220395256293428e-14 0.02064983568881343
1253.1466064453125 0.9926695823669434 0.17017371952533722 1.0220423208380687e-14 0.020593065609617767
1253.1566162109375 0.8046702146530151 0.1591772586107254 1.0220476571456364e-14 0.02053571842800375
1253.16650390625 0.9935562014579773 0.16986393928527832 1.0220554498487511e-14 0.020478539080369847
1253.176513671875 0.9772458076477051 0.16982008516788483 1.0220659530572971e-14 0.020420147503579622
1253.1865234375 0.6888585686683655 0.14943227171897888 1.0220789126613901e-14 0.02036127890895699
1253.1964111328125 0.8405308127403259 0.1597069650888443 1.0220942439577354e-14 0.02030269556231647
1253.2064208984375 0.9934918880462646 0.17097051441669464 1.0221122857595119e-14 0.02024298134118837
1253.2164306640625 1.0293018817901611 0.1715872436761856 1.0221328686601302e-14 0.020182894351201276
1253.226318359375 0.9737569093704224 0.1702737808227539 1.0221555691431166e-14 0.020123205611561962
1253.236328125 0.7922574877738953 0.15764036774635315 1.022181064834829e-14 0.020062474673066447
1253.246337890625 0.9421367049217224 0.16800551116466522 1.0222090169220883e-14 0.020001473989377253
1253.2562255859375 1.079748511314392 0.17578944563865662 1.0222390865917159e-14 0.019940237292186056
1253.2662353515625 1.0412718057632446 0.17451909184455872 1.0222719514700693e-14 0.01987954957225354
1253.2762451171875 0.8086854815483093 0.15892823040485382 1.0223072727439698e-14 0.019817947816990433
1253.2861328125 1.180824875831604 0.18119269609451294 1.0223444574903543e-14 0.019756215063670632
1253.296142578125 1.0097368955612183 0.17119336128234863 1.0223846068520542e-14 0.019695140951384058
1253.30615234375 0.839531421661377 0.16056804358959198 1.0224271279060063e-14 0.019633254321775363
1253.316162109375 0.8057445287704468 0.15876054763793945 1.0224720206522108e-14 0.01957134133315809
1253.3260498046875 1.11041259765625 0.1782522350549698 1.0225187768708992e-14 0.019510195360852436
1253.3360595703125 0.7589482069015503 0.15479952096939087 1.0225684130016083e-14 0.019448342603917743
1253.3460693359375 0.8235591053962708 0.15944169461727142 1.0226204208245698e-14 0.01938657055924476
1253.35595703125 1.0109522342681885 0.17163582146167755 1.022674038010131e-14 0.019325667972623018
1253.365966796875 0.8745976686477661 0.16306424140930176 1.0227307045143023e-14 0.019264167096932076
1253.3759765625 1.0600191354751587 0.17398282885551453 1.0227897427107259e-14 0.019202855129522772
1253.3858642578125 0.8909311294555664 0.1643335074186325 1.0228502208631599e-14 0.019142511581961025
1253.3958740234375 1.0594922304153442 0.17372258007526398 1.0229138330374987e-14 0.019081681067899568
1253.4058837890625 0.9900036454200745 0.1715436577796936 1.0229796474975003e-14 0.019021147736293795
1253.415771484375 1.108848214149475 0.17869026958942413 1.023046986616807e-14 0.018961676130664795
1253.42578125 1.05955171585083 0.17504478991031647 1.0231173750547239e-14 0.01890183262949492
1253.435791015625 1.1432608366012573 0.180545374751091 1.0231899657783036e-14 0.018842392425544988
1253.4456787109375 0.78955078125 0.1564418077468872 1.0232639964578936e-14 0.018783384139865637
1253.4556884765625 0.9746242165565491 0.16950319707393646 1.0233410764560937e-14 0.01872555871063179
1253.4656982421875 1.090717077255249 0.17755365371704102 1.0234203587399567e-14 0.01866751822700774
1253.4755859375 0.8578142523765564 0.16085073351860046 1.0235008268699459e-14 0.018610014463233692
1253.485595703125 1.075045108795166 0.17532910406589508 1.0235845984284293e-14 0.018553772749416338
1253.49560546875 1.1786471605300903 0.18063613772392273 1.0236704028659862e-14 0.018497437186671132
1253.5054931640625 0.7401874661445618 0.15379589796066284 1.0237573931496692e-14 0.018441735272322724
1253.5155029296875 0.8236725926399231 0.15889321267604828 1.0238476021585518e-14 0.018387369576455977
1253.5255126953125 1.261612892150879 0.185500368475914 1.0239399287498025e-14 0.018333025657728673
1253.5355224609375 0.9410101771354675 0.16715168952941895 1.0240343729234214e-14 0.01827941390292245
1253.54541015625 0.9743711352348328 0.16963844001293182 1.024129833536577e-14 0.018227203160668615
1253.555419921875 1.0603543519973755 0.1728513091802597 1.024228512874932e-14 0.01817513288832926
1253.5654296875 1.0070682764053345 0.17123490571975708 1.0243293097956553e-14 0.018123883856202828
1253.5753173828125 1.0747337341308594 0.17390629649162292 1.0244309537493258e-14 0.01807409140097364
1253.5853271484375 1.0417412519454956 0.17353776097297668 1.0245359011314906e-14 0.018024555819126015
1253.5953369140625 1.0436595678329468 0.17267130315303802 1.0246429660960236e-14 0.017975924880504916
1253.605224609375 0.8576414585113525 0.16134265065193176 1.0247507086869143e-14 0.017928799675703343
1253.615234375 1.0932949781417847 0.1765718162059784 1.0248617547062994e-14 0.01788204207932215
1253.625244140625 0.8740292191505432 0.1620432436466217 1.0249749183080525e-14 0.017836267167386108
1253.6351318359375 0.8765584230422974 0.16061067581176758 1.0250886748328688e-14 0.01779203469281038
1253.6451416015625 0.723773181438446 0.1507565677165985 1.025205819489474e-14 0.01774827684489641
1253.6551513671875 0.6044261455535889 0.14262095093727112 1.0253249970251527e-14 0.017705571153215603
1253.6650390625 0.9405215978622437 0.16773220896720886 1.0254446827805998e-14 0.017663935265574193
1253.675048828125 0.7533507347106934 0.15598458051681519 1.0255677566678358e-14 0.017623877869507778
1253.68505859375 1.039519190788269 0.17414571344852448 1.0256927787308506e-14 0.01758442809074643
1253.6949462890625 0.7565476894378662 0.15505722165107727 1.0258183090136336e-14 0.017546107909659357
1253.7049560546875 0.6383256316184998 0.14394208788871765 1.0259472274282058e-14 0.017509378001649336
1253.7149658203125 0.7538958191871643 0.15525418519973755 1.0260780940185565e-14 0.017473347700749077
1253.724853515625 0.7723693251609802 0.15436801314353943 1.0262092147187915e-14 0.017438493574487596
1253.73486328125 0.7735838890075684 0.15527859330177307 1.026343892957405e-14 0.017405230713988414
1253.744873046875 0.6715661883354187 0.1486842930316925 1.026480519371797e-14 0.01737275040969758
1253.7548828125 0.6696271300315857 0.14886166155338287 1.0266189245553784e-14 0.017341481548592268
1253.7647705078125 0.6358703970909119 0.1452992856502533 1.026757583848844e-14 0.017311793896319077
1253.7747802734375 0.6203199028968811 0.14390161633491516 1.0268997159773932e-14 0.017282962547469465
1253.7847900390625 0.5690511465072632 0.13992105424404144 1.0270437962817212e-14 0.017255367047069543
1253.794677734375 0.40085968375205994 0.12447620183229446 1.0271878765860491e-14 0.0172293280078839
1253.8046875 0.4345444440841675 0.127654567360878 1.0273355144287556e-14 0.01720420898173011
1253.814697265625 0.2493928223848343 0.10963274538516998 1.027485015743946e-14 0.01718033855769977
1253.8245849609375 0.5338224172592163 0.13649682700634003 1.0276344323558416e-14 0.01715799138083983
1253.8345947265625 0.6534501314163208 0.14594502747058868 1.0277874912094104e-14 0.017136611415976746
1253.8446044921875 0.48262855410575867 0.13333562016487122 1.0279423288321685e-14 0.01711648295790096
1253.8544921875 0.365634024143219 0.12364605069160461 1.0280969970483372e-14 0.017097605731820016
1253.864501953125 0.5861661434173584 0.14137235283851624 1.0282553922094737e-14 0.01708018142056988
1253.87451171875 0.6343588829040527 0.145021453499794 1.0284154814365048e-14 0.01706377384994561
1253.8843994140625 0.6549773812294006 0.1447649896144867 1.0285753165536517e-14 0.017048603638085358
1253.8944091796875 0.7018916010856628 0.15126487612724304 1.0287387939124717e-14 0.017034822237231687
1253.9044189453125 0.5348474979400635 0.137385293841362 1.028904050040481e-14 0.017022081184853915
1253.914306640625 0.8518872261047363 0.16110165417194366 1.0290689673553115e-14 0.017010548468713978
1253.92431640625 0.8353278040885925 0.15883854031562805 1.0292375269118151e-14 0.017000330643722972
1253.934326171875 0.7519005537033081 0.15343156456947327 1.029407865237508e-14 0.016991162264037143
1253.9443359375 0.7512045502662659 0.1522359699010849 1.0295798129258005e-14 0.01698316329529763
1253.9542236328125 0.9695298671722412 0.1676875352859497 1.0297512523943248e-14 0.01697639480082628
1253.9642333984375 0.8335229754447937 0.16072073578834534 1.0299265035111117e-14 0.016970670769039468
1253.9742431640625 0.8019266128540039 0.15874779224395752 1.0301033639904984e-14 0.01696606689791118
1253.984130859375 0.8852794170379639 0.1633891612291336 1.030279631546822e-14 0.016962600003230417
1253.994140625 1.068230390548706 0.17598731815814972 1.0304597107514083e-14 0.016960161663583266
1254.004150390625 0.9194501042366028 0.16589342057704926 1.0306413146152996e-14 0.016958780612907943
1254.0140380859375 0.9531673789024353 0.1675826758146286 1.0308223255561279e-14 0.016958434490371255
1254.0240478515625 0.9170950055122375 0.16642403602600098 1.0310071481452188e-14 0.016959088625390487
1254.0340576171875 0.9692556858062744 0.1669885367155075 1.0311934953936147e-14 0.01696073058868495
1254.0439453125 0.9850831627845764 0.1690828800201416 1.0313790803123581e-14 0.016963295278488052
1254.053955078125 0.9861888885498047 0.16903790831565857 1.0315684768793642e-14 0.016966821883424864
1254.06396484375 1.0356913805007935 0.1727171391248703 1.03175948280897e-14 0.016971256288483057
1254.0738525390625 1.0674494504928589 0.1748039871454239 1.0319495570023339e-14 0.016976568470143148
1254.0838623046875 0.7846261858940125 0.15621593594551086 1.0321435275472551e-14 0.01698265048241769
1254.0938720703125 0.8663334846496582 0.16038942337036133 1.0323389380481867e-14 0.016989623884972396
1254.103759765625 0.9339993000030518 0.16631615161895752 1.032533501516171e-14 0.016997384817446323
1254.11376953125 1.1023836135864258 0.17600110173225403 1.032731876632418e-14 0.01700579521429316
1254.123779296875 0.8670083284378052 0.16094735264778137 1.0329316917046753e-14 0.01701503155136867
1254.1336669921875 0.8357816934585571 0.15849608182907104 1.0331304903373958e-14 0.01702495896968888
1254.1436767578125 1.102226972579956 0.1752295345067978 1.0333331853216738e-14 0.017035414545749365
1254.1536865234375 0.78400719165802 0.15491637587547302 1.0335373202619621e-14 0.017046621944972713
1254.1636962890625 0.9669706225395203 0.1689804643392563 1.033742810454966e-14 0.01705842051841627
1254.173583984375 1.1722979545593262 0.1798354834318161 1.0339471995051384e-14 0.017070621970876672
1254.18359375 1.0181375741958618 0.17068403959274292 1.0341554849068683e-14 0.017083493472786822
1254.193603515625 1.068052887916565 0.17213252186775208 1.0343651255613137e-14 0.017096852738206107
1254.2034912109375 0.9477664828300476 0.16566424071788788 1.034573580369633e-14 0.017110493071178155
1254.2135009765625 1.0675225257873535 0.17450033128261566 1.0347859315295097e-14 0.017124713853131437
1254.2235107421875 1.1996819972991943 0.18190795183181763 1.0349996379421019e-14 0.01713931660688268
1254.2333984375 0.9488755464553833 0.1664969027042389 1.0352120738052733e-14 0.01715407917195179
1254.243408203125 1.1649858951568604 0.1799670308828354 1.035428406020002e-14 0.017169329020739907
1254.25341796875 0.9290777444839478 0.16577748954296112 1.0356460934874464e-14 0.017184852641260906
1254.2633056640625 0.8320440053939819 0.15827953815460205 1.0358623409988804e-14 0.017200612365127384
1254.2733154296875 0.8966732621192932 0.16298697888851166 1.0360825695651665e-14 0.01721637694048291
1254.2833251953125 1.043334722518921 0.17272083461284637 1.0363039839775788e-14 0.01723249886709763
1254.293212890625 0.929837167263031 0.1651744842529297 1.0365240431372755e-14 0.017248751229208787
1254.30322265625 0.8779421448707581 0.161552295088768 1.0367479986485295e-14 0.017264898468411602
1254.313232421875 0.9622890949249268 0.16773031651973724 1.0369732247092044e-14 0.01728130331644953
1254.3231201171875 1.1302218437194824 0.17720595002174377 1.0371968414072796e-14 0.01729773374102517
1254.3331298828125 1.1958492994308472 0.1817503422498703 1.0374245238635015e-14 0.017313955594931773
1254.3431396484375 0.8977343440055847 0.1622697114944458 1.0376533074625549e-14 0.017330333269820978
1254.3531494140625 1.0469170808792114 0.17207908630371094 1.0378833616110292e-14 0.0173466368599378
1254.363037109375 1.0107944011688232 0.1708981841802597 1.038111721693609e-14 0.01736263444481326
1254.373046875 1.062860369682312 0.1735447198152542 1.0383440628310408e-14 0.01737868869995372
1254.383056640625 0.913084089756012 0.16401609778404236 1.0385775898145988e-14 0.01739457263319911
1254.3929443359375 1.2462605237960815 0.18213298916816711 1.0388093380289676e-14 0.017410063508744557
1254.4029541015625 1.0776481628417969 0.1742282509803772 1.0390451520014832e-14 0.017425514559192654
1254.4129638671875 0.8457337021827698 0.15973609685897827 1.0392820671168302e-14 0.017440705385348202
1254.4228515625 1.1103254556655884 0.17664238810539246 1.0395171187596933e-14 0.01745542590221252
1254.432861328125 1.057377576828003 0.17380686104297638 1.0397562361607032e-14 0.017470014155256054
1254.44287109375 1.0435523986816406 0.17182393372058868 1.0399963700012498e-14 0.01748425856178514
1254.4527587890625 1.0974243879318237 0.17512759566307068 1.0402347250726071e-14 0.017497966438474483
1254.4627685546875 0.917247474193573 0.16451211273670197 1.0404769764955218e-14 0.017511455265431713
1254.4727783203125 1.0667470693588257 0.17239925265312195 1.040720329061268e-14 0.017524528952052018
1254.482666015625 0.967991054058075 0.1673494130373001 1.0409617334512355e-14 0.01753716360346604
1254.49267578125 0.8141258358955383 0.15783195197582245 1.041207118896055e-14 0.01754919329034574
1254.502685546875 1.1493576765060425 0.1780891865491867 1.041453605483706e-14 0.017560898640838665
1254.5125732421875 1.004507303237915 0.16977877914905548 1.0416979744889889e-14 0.017572106261351923
1254.5225830078125 0.8813313841819763 0.1616857647895813 1.0419464092524186e-14 0.017582673696749707
1254.5325927734375 1.0356241464614868 0.17223724722862244 1.0421957757520903e-14 0.01759284725633676
1254.54248046875 0.9813646674156189 0.1683848798274994 1.0424431093726885e-14 0.01760247995545751
1254.552490234375 1.3090054988861084 0.18786835670471191 1.0426943393448442e-14 0.017611448490967165
1254.5625 0.9883795380592346 0.16959846019744873 1.0429465857565365e-14 0.01761996836796625
1254.572509765625 1.1294642686843872 0.17801891267299652 1.0431998486077655e-14 0.01762791184258121
1254.5823974609375 1.0959056615829468 0.17781250178813934 1.043450824470037e-14 0.017635188656893726
1254.5924072265625 1.1630793809890747 0.1780681610107422 1.0437058660904552e-14 0.01764197119504798
1254.6024169921875 1.0528746843338013 0.1734723150730133 1.0439617547438208e-14 0.017648163427859954
1254.6123046875 1.270516037940979 0.18626604974269867 1.0442154411115234e-14 0.017653698094753954
1254.622314453125 1.233572006225586 0.18435508012771606 1.0444731085340782e-14 0.017658711890177113
1254.63232421875 1.0843077898025513 0.17321349680423737 1.0447316229895802e-14 0.017663135294643525
1254.6422119140625 1.1556684970855713 0.17847886681556702 1.0449878504561246e-14 0.017666929028529045
1254.6522216796875 0.7692991495132446 0.15402166545391083 1.0452480589775211e-14 0.017670191832959602
1254.6622314453125 1.1883389949798584 0.1813480257987976 1.0455091145318649e-14 0.017672884327008552
1254.672119140625 0.9304870367050171 0.16273829340934753 1.0457677983939564e-14 0.01767499175301737
1254.68212890625 0.861924946308136 0.16240893304347992 1.0460304633109e-14 0.01767658030054544
1254.692138671875 1.0345611572265625 0.17164568603038788 1.0462939752607908e-14 0.01767763743174482
1254.7020263671875 0.8838207721710205 0.16271181404590607 1.0465549461118398e-14 0.017678179343726813
1254.7120361328125 0.8675960898399353 0.15899361670017242 1.0468199827210357e-14 0.01767823008171455
1254.7220458984375 1.0009777545928955 0.16909433901309967 1.047085781659884e-14 0.017677811681604094
1254.73193359375 0.9591956734657288 0.16727322340011597 1.0473490394998907e-14 0.017676948535103394
1254.741943359375 1.0515124797821045 0.17220142483711243 1.0476162783947494e-14 0.017675686790952962
1254.751953125 1.1484477519989014 0.17989517748355865 1.0478842796192607e-14 0.017674027350066596
1254.761962890625 1.2070127725601196 0.18177759647369385 1.0481529584701298e-14 0.017672015008461463
1254.7718505859375 0.9533769488334656 0.16707409918308258 1.0484191809254518e-14 0.017669718106598162
1254.7818603515625 0.8931984305381775 0.16649271547794342 1.0486892997323312e-14 0.01766712098335529
1254.7918701171875 0.9591087698936462 0.16848698258399963 1.0489600961655684e-14 0.01766429083008567
1254.8017578125 1.1302214860916138 0.1786838173866272 1.0492281820933744e-14 0.017661314088322496
1254.811767578125 1.0491373538970947 0.17479027807712555 1.0495002490760325e-14 0.017658166614171616
1254.82177734375 1.1402472257614136 0.18071557581424713 1.0497729936850483e-14 0.01765493580168358
1254.8316650390625 0.8627374768257141 0.16071221232414246 1.050043027788633e-14 0.01765171781862309
1254.8416748046875 0.9575422406196594 0.16646552085876465 1.0503170429470698e-14 0.017648491752070998
1254.8516845703125 1.140861988067627 0.18154668807983398 1.0505916510285696e-14 0.017645361929589282
1254.861572265625 0.8944770097732544 0.1632494330406189 1.0508634639013435e-14 0.01764242795938157
1254.87158203125 0.9768905639648438 0.16686755418777466 1.0511392578289695e-14 0.017639689140828082
1254.881591796875 1.0498853921890259 0.17321355640888214 1.0514155599763639e-14 0.017637254375727055
1254.8914794921875 1.0078293085098267 0.16943833231925964 1.051689151618327e-14 0.017635202522934455
1254.9014892578125 0.934118390083313 0.16635949909687042 1.0519665549085528e-14 0.017633631652107334
1254.9114990234375 0.8758665323257446 0.16359111666679382 1.0522446358251364e-14 0.017632583855372697
1254.92138671875 0.937475323677063 0.16606207191944122 1.0525197521264046e-14 0.01763217361688956
1254.931396484375 1.0937302112579346 0.17391228675842285 1.0527987647792302e-14 0.017632484326684707
1254.94140625 0.9926312565803528 0.16650332510471344 1.0530783703551188e-14 0.01763361442843068
1254.9512939453125 1.0402171611785889 0.17357878386974335 1.0533549266123973e-14 0.017635668610798558
1254.9613037109375 1.0057929754257202 0.17029915750026703 1.053635463924528e-14 0.017638704750062996
1254.9713134765625 0.9922788739204407 0.16781876981258392 1.053916509456427e-14 0.01764290342878611
1254.9813232421875 0.9522830247879028 0.16503362357616425 1.0541979785047995e-14 0.017648346225288054
1254.9912109375 0.8230640888214111 0.1556479036808014 1.054476398234562e-14 0.017655053158008537
1255.001220703125 0.9713008403778076 0.1655004769563675 1.0547587990191766e-14 0.01766331037658561
1255.01123046875 0.8575716018676758 0.15998336672782898 1.0550415386169701e-14 0.017673162494474003
1255.0211181640625 0.8868146538734436 0.15943485498428345 1.0553212288961535e-14 0.017684584392594765
1255.0311279296875 0.8569546341896057 0.1591830551624298 1.0556048155268942e-14 0.017697982062732064
1255.0411376953125 1.2368723154067993 0.1825634092092514 1.0558888256741086e-14 0.01771336067717525
1255.051025390625 1.1173030138015747 0.1755060851573944 1.0561697017994181e-14 0.017730625261876524
1255.06103515625 1.0818649530410767 0.17294156551361084 1.0564543895729903e-14 0.01775033835613223
1255.071044921875 0.9217566251754761 0.1621571183204651 1.056739500863036e-14 0.017772441584616012
1255.0809326171875 1.2162039279937744 0.1811324805021286 1.0570213934278823e-14 0.017796760461604666
1255.0909423828125 1.0190317630767822 0.16846971213817596 1.0573071823442859e-14 0.017824039834206204
1255.1009521484375 0.9829922914505005 0.16477124392986298 1.0575932253705737e-14 0.01785414234588381
1255.11083984375 1.047201156616211 0.16907837986946106 1.0578761343749566e-14 0.01788721659392605
1255.120849609375 0.9805805683135986 0.16443493962287903 1.0581627703243075e-14 0.017922953872310327
1255.130859375 0.945257842540741 0.16425324976444244 1.0584497450868372e-14 0.017962386045309097
1255.1407470703125 0.8152573108673096 0.15602943301200867 1.0587335011241674e-14 0.01800524613077917
1255.1507568359375 1.1747348308563232 0.17746275663375854 1.0590209841064655e-14 0.018051098004044704
1255.1607666015625 0.8977460861206055 0.1610729843378067 1.0593087211986478e-14 0.018101228682847432
1255.170654296875 1.0936907529830933 0.1725805252790451 1.0595931548623358e-14 0.018155250322210166
1255.1806640625 1.1111665964126587 0.17221976816654205 1.0598814001742864e-14 0.018212582605886863
1255.190673828125 0.9750959277153015 0.16501064598560333 1.0601698148928265e-14 0.01827479352068093
1255.20068359375 1.1228173971176147 0.17423848807811737 1.0604584837212508e-14 0.018341354689292013
1255.2105712890625 0.9251996278762817 0.16196198761463165 1.060743764417886e-14 0.01841152689366149
1255.2205810546875 1.057957649230957 0.1700904220342636 1.0610327720594892e-14 0.018487188822141454
1255.2305908203125 1.1714342832565308 0.17677108943462372 1.0613219491076818e-14 0.018567651893151783
1255.240478515625 1.105322241783142 0.1730712503194809 1.0616078227273801e-14 0.01865199202618958
1255.25048828125 1.039182424545288 0.16897428035736084 1.061897253885457e-14 0.018742433250239963
1255.260498046875 0.9101627469062805 0.16166698932647705 1.0621868544501232e-14 0.018838105881188144
1255.2703857421875 1.0073134899139404 0.16689927875995636 1.0624730668830004e-14 0.01893788430393139
1255.2803955078125 0.811551034450531 0.15415632724761963 1.0627630062608456e-14 0.01904436491238986
1255.2904052734375 0.8598541021347046 0.15739351511001587 1.0630529456386907e-14 0.01915647966421585
1255.30029296875 0.9092468619346619 0.1611420214176178 1.0633394121814521e-14 0.019274355127524283
1255.310302734375 0.9103987216949463 0.16095800697803497 1.0636296056691814e-14 0.019396562821250924
1255.3203125 1.2177637815475464 0.1799633502960205 1.0639197991569108e-14 0.019526240314850132
1255.3302001953125 1.0546722412109375 0.17076994478702545 1.0642064351062616e-14 0.019662031653578268
1255.3402099609375 1.0078063011169434 0.16728726029396057 1.0644967980005804e-14 0.01980226655265744
1255.3502197265625 0.9228056073188782 0.16244831681251526 1.0647870761916044e-14 0.019950509634887707
1255.360107421875 1.1021692752838135 0.17337165772914886 1.0650738815475447e-14 0.020105165043104074
1255.3701171875 1.0720926523208618 0.17066553235054016 1.0653642444418635e-14 0.02026431990355651
1255.380126953125 0.9247636795043945 0.1608356237411499 1.0656546073361823e-14 0.020431982616506108
1255.39013671875 1.0528156757354736 0.16868355870246887 1.065944970230501e-14 0.02060630980600171
1255.4000244140625 0.8744981288909912 0.15901267528533936 1.0662316908831466e-14 0.020785123579101956
1255.4100341796875 0.9400212168693542 0.16196133196353912 1.0665219690741707e-14 0.020972904221107636
1255.4200439453125 0.8732329607009888 0.15900756418704987 1.0668122472651947e-14 0.021167541761042845
1255.429931640625 1.0898443460464478 0.17162245512008667 1.0670988832145456e-14 0.021366600674104615
1255.43994140625 0.9543721079826355 0.16529977321624756 1.0673889919989802e-14 0.021575039183682213
1255.449951171875 0.854529619216919 0.1592673510313034 1.0676789313768253e-14 0.02179047639570514
1255.4598388671875 1.063113808631897 0.17390510439872742 1.067965313216292e-14 0.022010204717992327
1255.4698486328125 1.0499106645584106 0.17298632860183716 1.0682551678908424e-14 0.022239672971509257
1255.4798583984375 1.0872502326965332 0.1766486018896103 1.0685448531588034e-14 0.022476238620442388
1255.48974609375 0.9930807948112488 0.17003187537193298 1.0688308961850912e-14 0.022716908677542783
1255.499755859375 1.02089262008667 0.1730315387248993 1.069120327343168e-14 0.02296763633840996
1255.509765625 0.8848302960395813 0.16461101174354553 1.0694095890946553e-14 0.02322550414751741
1255.5196533203125 0.9661123752593994 0.17094746232032776 1.0696951239011748e-14 0.02349051825742626
1255.5296630859375 0.9309502840042114 0.16810235381126404 1.0699840468394832e-14 0.02375930923341654
1255.5396728515625 1.1282665729522705 0.180906280875206 1.0702728003712022e-14 0.02403851916335432
1255.549560546875 1.0449217557907104 0.17618253827095032 1.0705578269579533e-14 0.0243248600899958
1255.5595703125 1.2016685009002686 0.1855059415102005 1.0708461569731986e-14 0.024614694951429216
1255.569580078125 0.937458872795105 0.16868922114372253 1.0711343175818545e-14 0.024915167902686167
1255.5794677734375 0.875960111618042 0.16449803113937378 1.0714186665422478e-14 0.025222709054935708
1255.5894775390625 1.1930204629898071 0.18369288742542267 1.0717063189311354e-14 0.02553342494647179
1255.5994873046875 0.9156092405319214 0.16778922080993652 1.0719937172101388e-14 0.025854967865199197
1255.6094970703125 0.7435879707336426 0.155395969748497 1.0722807766759632e-14 0.0261834938321787
1255.619384765625 1.1178264617919922 0.18044506013393402 1.0725641091968198e-14 0.02651485223675896
1255.62939453125 0.7375662326812744 0.15377302467823029 1.072850660442876e-14 0.026857187699221567
1255.639404296875 0.9483757019042969 0.1696518510580063 1.0731368728757532e-14 0.027206394762511403
1255.6492919921875 1.0311920642852783 0.17350031435489655 1.0734193583636625e-14 0.02755806006443857
1255.6593017578125 1.194617509841919 0.184811070561409 1.0737048931701819e-14 0.027920837161580534
1255.6693115234375 1.0814265012741089 0.17796863615512848 1.0739901738668171e-14 0.028290350861819556
1255.67919921875 1.0699690580368042 0.1775367707014084 1.0742716429151897e-14 0.028661947986161875
1255.689208984375 0.9636024832725525 0.17003394663333893 1.0745561612821725e-14 0.029044755146157442
1255.69921875 0.7765437364578247 0.15704184770584106 1.0748403408359763e-14 0.029434156133836497
1255.7091064453125 1.0762673616409302 0.17700688540935516 1.0751207087415175e-14 0.02983010523236731
1255.7191162109375 1.1280792951583862 0.17936304211616516 1.075404041262374e-14 0.03022760999416763
1255.7291259765625 0.8029942512512207 0.1583012044429779 1.0756870349700517e-14 0.030636434065957393
1255.739013671875 0.899267852306366 0.16575245559215546 1.0759662170294667e-14 0.031051632203278577
1255.7490234375 0.834873378276825 0.1606472134590149 1.0762483637041971e-14 0.03146798854629534
1255.759033203125 1.0447403192520142 0.17470642924308777 1.0765300021591592e-14 0.03189572179343535
1255.7689208984375 0.7893500924110413 0.15747801959514618 1.0768078289658586e-14 0.03232966291365728
1255.7789306640625 0.9246086478233337 0.16838803887367249 1.0770886203878734e-14 0.03276436099757462
1255.7889404296875 0.8514973521232605 0.16225041449069977 1.0773689882934145e-14 0.0332104957471586
1255.7989501953125 0.9048863649368286 0.16652654111385345 1.0776487632758926e-14 0.03366265231577163
1255.808837890625 1.0485601425170898 0.1760290563106537 1.0779247266101081e-14 0.034115179234434634
1255.81884765625 1.051265835762024 0.1768736094236374 1.0782034851530495e-14 0.03457915892229939
1255.828857421875 0.898847222328186 0.1645774245262146 1.0784818201795172e-14 0.035049009648290594
1255.8387451171875 0.8744010925292969 0.16299718618392944 1.0787561741511329e-14 0.0355188135618326
1255.8487548828125 0.7808333039283752 0.15688130259513855 1.0790334080347692e-14 0.03600011102513158
1255.8587646484375 0.8365247845649719 0.15955078601837158 1.0793100489953425e-14 0.036487088297253514
1255.86865234375 0.7296445369720459 0.1528405249118805 1.0795827936043584e-14 0.03697363781232913
1255.878662109375 0.8520694971084595 0.15781255066394806 1.0798583334221002e-14 0.03747170377701157
