wave flux_norm flux_err cont_fit cont_err
1248.091796875 0.9306020140647888 0.1444549858570099 3.1338169228676757e-15 0.03031717963326904
1248.101806640625 1.0387037992477417 0.14981497824192047 3.1331481903558184e-15 0.029635537445213515
1248.11181640625 1.0911062955856323 0.15228137373924255 3.1324788225692507e-15 0.028968175044208924
1248.1217041015625 1.059272050857544 0.15115419030189514 3.1318170780792083e-15 0.028322923756081114
1248.1317138671875 0.8253477811813354 0.13802248239517212 3.1311464397432197e-15 0.027683760829988677
1248.1417236328125 0.9221740365028381 0.14322951436042786 3.1304753778907575e-15 0.027058758042132657
1248.151611328125 0.8334842920303345 0.13765181601047516 3.1298121510930574e-15 0.026455192479117234
1248.16162109375 0.8286231756210327 0.13794702291488647 3.129140030449411e-15 0.025858122867652954
1248.171630859375 0.9649728536605835 0.1449602097272873 3.128467698047528e-15 0.025275117808142802
1248.1815185546875 0.836628794670105 0.1381380409002304 3.127803200700407e-15 0.024712965244547136
1248.1915283203125 1.070829153060913 0.15076597034931183 3.1271300212655766e-15 0.02415778043571613
1248.2015380859375 0.9529380202293396 0.14503410458564758 3.1264566300725095e-15 0.023616577197858347
1248.21142578125 1.0934464931488037 0.15204820036888123 3.1257910739342044e-15 0.023095719896557773
1248.221435546875 0.9543100595474243 0.14484934508800507 3.1251170474664268e-15 0.022582350626675005
1248.2314453125 1.1189936399459839 0.1532261073589325 3.1244428092404124e-15 0.022082967833815755
1248.2413330078125 0.9197638630867004 0.1425616294145584 3.123776617827397e-15 0.02159759892682155
1248.2513427734375 1.0809274911880493 0.15162011981010437 3.123101956084909e-15 0.021131925355426132
1248.2613525390625 1.1645948886871338 0.15533311665058136 3.1224272943424208e-15 0.020674458029496835
1248.2713623046875 1.0474873781204224 0.14993590116500854 3.121752420841696e-15 0.020231082723928144
1248.28125 1.1659588813781738 0.15558867156505585 3.1210858059122068e-15 0.019806941371276324
1248.291259765625 1.0163837671279907 0.1480952948331833 3.120410720653245e-15 0.019391580387739155
1248.30126953125 1.0052274465560913 0.1470421999692917 3.1197358471525202e-15 0.01899038810645756
1248.3111572265625 1.0267332792282104 0.14894336462020874 3.119069232223031e-15 0.018607985881098802
1248.3211669921875 1.0634599924087524 0.15065549314022064 3.1183943587223062e-15 0.01823494734529935
1248.3311767578125 0.8886312246322632 0.1412442922592163 3.1177194852215814e-15 0.017876124602543376
1248.341064453125 0.9802488684654236 0.14646919071674347 3.117053082050329e-15 0.017535625929854616
1248.35107421875 0.8637241125106812 0.1398300975561142 3.116378632066078e-15 0.017205046647527724
1248.361083984375 0.9717200994491577 0.14577671885490417 3.1157043938400634e-15 0.016888674984062192
1248.3709716796875 1.0657341480255127 0.1509469747543335 3.1150386259435215e-15 0.01659010673099045
1248.3809814453125 0.7627674341201782 0.13430193066596985 3.1143648112339807e-15 0.016301910543353944
1248.3909912109375 1.100441336631775 0.15227876603603363 3.1136912082826767e-15 0.016027851600949668
1248.40087890625 1.125178575515747 0.15409764647483826 3.113026287419082e-15 0.015770942667305013
1248.410888671875 0.9719935059547424 0.14584402740001678 3.1123533197424886e-15 0.015524768072388005
1248.4208984375 0.9825953841209412 0.14656537771224976 3.1116807755823686e-15 0.015292505499714011
1248.4307861328125 1.1237207651138306 0.15379908680915833 3.111016913509958e-15 0.015074041211359827
1248.4407958984375 1.191756248474121 0.15734916925430298 3.1103454281410222e-15 0.014871643423899336
1248.4508056640625 1.158725380897522 0.1554054617881775 3.1096741545303232e-15 0.014680181232748283
1248.4608154296875 0.8899421691894531 0.14160692691802979 3.1090035161943346e-15 0.014502057384628073
1248.470703125 1.0768479108810425 0.1517191231250763 3.1083415599460554e-15 0.014339002090739045
1248.480712890625 0.9491943120956421 0.14526085555553436 3.107671980401251e-15 0.014186769968729552
1248.49072265625 1.1137254238128662 0.15347164869308472 3.1070030361311568e-15 0.01404720854446567
1248.5006103515625 1.0797548294067383 0.1509886234998703 3.106342985707009e-15 0.013921526396154977
1248.5106201171875 0.9272656440734863 0.1436404287815094 3.1056753119863357e-15 0.013806329703647518
1248.5206298828125 0.9627293348312378 0.14591574668884277 3.1050084852986097e-15 0.013702934246132474
1248.530517578125 0.9275972247123718 0.14370276033878326 3.104350340698593e-15 0.013612057444291259
1248.54052734375 1.0085867643356323 0.14808551967144012 3.103684996318525e-15 0.013531105444495428
1248.550537109375 1.0091907978057861 0.14827464520931244 3.103020287213167e-15 0.013460903901427814
1248.5604248046875 0.9279484152793884 0.14365780353546143 3.1023644719537554e-15 0.013401734919484777
1248.5704345703125 0.9496166110038757 0.14527741074562073 3.101701668672529e-15 0.013351741974484422
1248.5804443359375 1.2680951356887817 0.1609821319580078 3.101039500666013e-15 0.013311311669035686
1248.59033203125 0.951079249382019 0.14566713571548462 3.1003864382636798e-15 0.013280353683035219
1248.600341796875 1.0559128522872925 0.15075533092021942 3.099726176081295e-15 0.01325768416477504
1248.6103515625 0.9879748225212097 0.1472844034433365 3.0990671844483312e-15 0.013243312705546342
1248.6202392578125 0.9757970571517944 0.14609289169311523 3.0984168749030767e-15 0.013236843794099578
1248.6302490234375 1.1741511821746826 0.15638497471809387 3.0977597890942442e-15 0.013237692175069152
1248.6402587890625 1.1276551485061646 0.15379780530929565 3.0971037620765958e-15 0.013245559108584307
1248.6502685546875 1.0217682123184204 0.14890308678150177 3.0964487938501314e-15 0.013260021118930546
1248.66015625 1.1640381813049316 0.1558925062417984 3.09580293122785e-15 0.01328037636289531
1248.670166015625 1.0922915935516357 0.15241700410842896 3.0951505041002273e-15 0.013306720912624605
1248.68017578125 0.9994348883628845 0.14774267375469208 3.094498924005552e-15 0.013338440652905263
1248.6900634765625 1.0473071336746216 0.15046924352645874 3.0938568730315332e-15 0.01337467151688628
1248.7000732421875 1.083581805229187 0.1521356701850891 3.0932078340356996e-15 0.01341593319991212
1248.7100830078125 0.9896401762962341 0.14808517694473267 3.0925602773475237e-15 0.013461438666027467
1248.719970703125 1.0950113534927368 0.15295517444610596 3.0919220380217676e-15 0.01351021401622242
1248.72998046875 0.8386732339859009 0.1393864005804062 3.0912772341906702e-15 0.013563123735208106
1248.739990234375 0.8601217269897461 0.14068010449409485 3.0906337009089938e-15 0.013619263578175028
1248.7498779296875 0.9641802310943604 0.14645974338054657 3.089999484989737e-15 0.013677582938472668
1248.7598876953125 0.9798969626426697 0.14666135609149933 3.089358916323376e-15 0.013739227239290587
1248.7698974609375 0.9898885488510132 0.14795593917369843 3.0887198299646727e-15 0.013803206075251307
1248.77978515625 1.0262969732284546 0.14958174526691437 3.088090060968389e-15 0.01386843412145437
1248.789794921875 1.2150793075561523 0.15877936780452728 3.087454150983238e-15 0.01393626937471644
1248.7998046875 1.0960981845855713 0.15291458368301392 3.0868197233057445e-15 0.014005669342906722
1248.8096923828125 0.9556563496589661 0.14578916132450104 3.0861948247489076e-15 0.014075539603050469
1248.8197021484375 0.895837128162384 0.1427171677350998 3.0855635734449664e-15 0.014147385954945144
1248.8297119140625 0.9340752959251404 0.14454799890518188 3.0849342279651564e-15 0.014220151150527723
1248.8397216796875 1.1328307390213013 0.1551879644393921 3.084306576551241e-15 0.014293641680925423
1248.849609375 1.0033167600631714 0.1485130339860916 3.0836882424997453e-15 0.014366770630287604
1248.859619140625 1.0154589414596558 0.14896921813488007 3.0830641909758557e-15 0.014441175105830184
1248.86962890625 0.9926857948303223 0.1480719894170761 3.0824418335178606e-15 0.014515803484057309
1248.8795166015625 1.0422461032867432 0.1502610296010971 3.081829005180522e-15 0.014589587483469293
1248.8895263671875 1.006948471069336 0.14829450845718384 3.0812104593707897e-15 0.014664217488555434
1248.8995361328125 0.9956096410751343 0.148417666554451 3.0805938193851886e-15 0.014738653518844073
1248.909423828125 0.8880742788314819 0.14239859580993652 3.0799864967620072e-15 0.014811876863183422
1248.91943359375 0.923493504524231 0.14457948505878448 3.0793736684246687e-15 0.01488558034778814
1248.929443359375 0.7234627604484558 0.13292168080806732 3.0787629576696984e-15 0.014958759314411537
1248.9393310546875 1.0440788269042969 0.15055032074451447 3.0781617760353847e-15 0.015030442044606131
1248.9493408203125 0.9366083145141602 0.14540353417396545 3.0775550886869138e-15 0.015102307764944735
1248.9593505859375 1.0316052436828613 0.15024472773075104 3.076950518920811e-15 0.015173388726158943
1248.96923828125 0.9594550728797913 0.14679743349552155 3.0763556900336017e-15 0.015242765368465907
1248.979248046875 1.0546691417694092 0.1516890525817871 3.075755355432235e-15 0.015312078801011122
1248.9892578125 0.8057835698127747 0.13784345984458923 3.0751573501714737e-15 0.01538041350760308
1248.9991455078125 0.9014595150947571 0.14346018433570862 3.0745688740313687e-15 0.015446895070748546
1249.0091552734375 0.9721164107322693 0.14663846790790558 3.0739753156935803e-15 0.015513123705250544
1249.0191650390625 1.0091638565063477 0.14939889311790466 3.0733840866963968e-15 0.015578222566363743
1249.029052734375 1.043882131576538 0.15118514001369476 3.07280238681987e-15 0.015642160845034895
1249.0390625 1.0201705694198608 0.14995062351226807 3.0722158165038963e-15 0.015704138621778326
1249.049072265625 0.8795969486236572 0.14181214570999146 3.0716317872867644e-15 0.01576566182624132
1249.05908203125 1.0700273513793945 0.15237246453762054 3.0710500874102376e-15 0.01582593625928973
1249.0689697265625 0.9866379499435425 0.1471288502216339 3.0704779166543673e-15 0.015884222080576358
1249.0789794921875 0.9145362377166748 0.14424385130405426 3.069901087217287e-15 0.01594194931230797
1249.0889892578125 0.9390971064567566 0.14572615921497345 3.0693270106372855e-15 0.0159983751019072
1249.098876953125 1.1276135444641113 0.1554369479417801 3.0687622514197037e-15 0.0160528230595585
1249.10888671875 1.1271506547927856 0.15556935966014862 3.0681932570373856e-15 0.016106632516894922
1249.118896484375 0.8433345556259155 0.1395440250635147 3.0676265919956725e-15 0.016159123486353188
1249.1287841796875 1.0095802545547485 0.14938248693943024 3.0670696678328528e-15 0.016209676969695545
1249.1387939453125 0.8201339840888977 0.13892802596092224 3.066508508505297e-15 0.016259545107365717
1249.1488037109375 1.1028581857681274 0.15428324043750763 3.0659501020348194e-15 0.01630810058588776
1249.15869140625 0.9612215161323547 0.14678709208965302 3.0654012246849986e-15 0.016354782728449313
1249.168701171875 1.0213513374328613 0.14984488487243652 3.0648483239286784e-15 0.01640075568069163
1249.1787109375 0.9271373152732849 0.1450715810060501 3.0642981760294367e-15 0.01644544870555301
1249.1885986328125 0.9505194425582886 0.14589223265647888 3.0637575572508517e-15 0.01648835219058588
1249.1986083984375 1.0339168310165405 0.15059243142604828 3.0632133385822408e-15 0.01653054630796527
1249.2086181640625 1.0110244750976562 0.1489577740430832 3.0626716610124716e-15 0.0165715093264481
1249.218505859375 1.0809729099273682 0.15344788134098053 3.062139724321596e-15 0.016610789994779496
1249.228515625 1.1281479597091675 0.15570586919784546 3.0616041877406944e-15 0.016649377276091507
1249.238525390625 1.0204863548278809 0.15020214021205902 3.0610716157751083e-15 0.01668680386848971
1249.24853515625 1.0574818849563599 0.1517963409423828 3.0605420084248375e-15 0.01672309881589376
1249.2584228515625 1.0456757545471191 0.1511104851961136 3.06002214195346e-15 0.016757867121821618
1249.2684326171875 1.0215833187103271 0.15020594000816345 3.059498675592057e-15 0.016791997418034332
1249.2784423828125 0.9507200121879578 0.14624187350273132 3.058978385604206e-15 0.01682508282526424
1249.288330078125 0.9154283404350281 0.1448521763086319 3.0584676247370117e-15 0.01685677492451208
1249.29833984375 0.8909424543380737 0.14354674518108368 3.057953687496265e-15 0.01688788743082768
1249.308349609375 0.8335384726524353 0.13953009247779846 3.0574431383873077e-15 0.016918058925093026
1249.3182373046875 0.8683086633682251 0.14194293320178986 3.05694190664077e-15 0.016946975311207365
1249.3282470703125 0.8904064297676086 0.14299020171165466 3.0564377102789168e-15 0.01697538843365482
1249.3382568359375 1.0446500778198242 0.15145446360111237 3.0559369020488527e-15 0.017002975452236658
1249.34814453125 0.9391407370567322 0.145937979221344 3.0554454111812084e-15 0.017029451224197207
1249.358154296875 0.8094640374183655 0.13878965377807617 3.0549513792147223e-15 0.017055513588854224
1249.3681640625 1.0233088731765747 0.15029588341712952 3.0544607353800253e-15 0.017080872079169786
1249.3780517578125 0.9522229433059692 0.1468227058649063 3.053979408907748e-15 0.01710527124365962
1249.3880615234375 1.1055043935775757 0.15458080172538757 3.0534957530948658e-15 0.017129359461500706
1249.3980712890625 0.8084010481834412 0.13854314386844635 3.0530154854137726e-15 0.017152874727890743
1249.407958984375 0.7033310532569885 0.13242587447166443 3.052544746853336e-15 0.017175585034826534
1249.41796875 1.0237377882003784 0.15007759630680084 3.0520714671940577e-15 0.017198097841245742
1249.427978515625 0.8921892642974854 0.14363832771778107 3.051601999183042e-15 0.017220175588101
1249.43798828125 0.9780625104904175 0.14811329543590546 3.051136131062052e-15 0.01724186578480585
1249.4478759765625 0.8945630192756653 0.14380888640880585 3.050679580303482e-15 0.017262957631802973
1249.4578857421875 0.7753801345825195 0.1370275616645813 3.0502211237207807e-15 0.017284020966133615
1249.4678955078125 0.7043840289115906 0.13221217691898346 3.049766478786342e-15 0.01730484277796419
1249.477783203125 0.5367444157600403 0.12186799943447113 3.049320939456086e-15 0.017325219156343614
1249.48779296875 0.597052812576294 0.12580738961696625 3.0488739178181727e-15 0.017345704517929425
1249.497802734375 0.550607442855835 0.12195836007595062 3.048430496070285e-15 0.017366096621396043
1249.5076904296875 0.5257779955863953 0.1205703392624855 3.0479963916848173e-15 0.01738619633320317
1249.5177001953125 0.7165821194648743 0.13347755372524261 3.0475608049916917e-15 0.017406550340330295
1249.5277099609375 0.5747221112251282 0.12370400130748749 3.0471292417050657e-15 0.017426959093691876
1249.53759765625 0.3720093071460724 0.10902920365333557 3.0467065722643858e-15 0.017447225457240007
1249.547607421875 0.46660035848617554 0.11626787483692169 3.046282844032522e-15 0.01746789727744864
1249.5576171875 0.38444024324417114 0.11006872355937958 3.045863350965394e-15 0.017488776139840106
1249.5675048828125 0.4192298948764801 0.11312457174062729 3.0454527517442126e-15 0.017509654418976894
1249.5775146484375 0.4184303283691406 0.11253570765256882 3.045041093731847e-15 0.01753109457230617
1249.5875244140625 0.21606871485710144 0.09512780606746674 3.0446336708842177e-15 0.017552893296624166
1249.597412109375 0.43119966983795166 0.11410446465015411 3.0442353536407714e-15 0.017574826079013495
1249.607421875 0.3837941288948059 0.10945551842451096 3.0438364011226146e-15 0.01759748231420689
1249.617431640625 0.35986724495887756 0.10803002864122391 3.0434414720109573e-15 0.0176206446818655
1249.6273193359375 0.4779156446456909 0.11708296835422516 3.043055648503483e-15 0.017644360435728795
1249.6373291015625 0.5152313113212585 0.12028084695339203 3.042669189721298e-15 0.01766837666655021
1249.6473388671875 0.6564549803733826 0.13002561032772064 3.0422871778620865e-15 0.017693335872052948
1249.6573486328125 0.5738991498947144 0.12429831922054291 3.041909401167611e-15 0.01771899026685748
1249.667236328125 0.7195642590522766 0.1325911283493042 3.0415407300773186e-15 0.017745058513209688
1249.67724609375 0.8977546691894531 0.14402425289154053 3.0411718472287894e-15 0.0177722307216932
1249.687255859375 0.5853515267372131 0.12423640489578247 3.0408074113032332e-15 0.017800234883140236
1249.6971435546875 1.0165358781814575 0.1507825255393982 3.0404518692236232e-15 0.017828755435679824
1249.7071533203125 0.9198732376098633 0.1454574167728424 3.0400963271440132e-15 0.017858539027748425
1249.7171630859375 0.7886329293251038 0.1376604288816452 3.039745443745613e-15 0.017889281861024908
1249.72705078125 0.8146857619285583 0.13926424086093903 3.0394032424349224e-15 0.01792062992991411
1249.737060546875 0.7538941502571106 0.13595779240131378 3.0390614646407053e-15 0.01795339746200035
1249.7470703125 1.0897998809814453 0.1542118936777115 3.0387241337694612e-15 0.017987239404177235
1249.7569580078125 1.04069185256958 0.15201282501220703 3.0383956967441634e-15 0.0180217624765513
1249.7669677734375 0.7901589870452881 0.13806745409965515 3.038067894993576e-15 0.018057852225806633
1249.7769775390625 1.0391730070114136 0.15205487608909607 3.0377449636824353e-15 0.018095125164266652
1249.786865234375 0.8485541343688965 0.14172817766666412 3.037430502700767e-15 0.01813313729938579
1249.796875 0.8274865746498108 0.1405172049999237 3.0371168887520462e-15 0.01817285791665316
1249.806884765625 1.211836576461792 0.1608094424009323 3.036808145242772e-15 0.018213853326899114
1249.8167724609375 0.8587326407432556 0.14272639155387878 3.036508083821207e-15 0.01825615606178787
1249.8267822265625 0.9401199221611023 0.14668899774551392 3.0362090811908264e-15 0.01829924900736913
1249.8367919921875 1.0954424142837524 0.15524297952651978 3.0359149489998924e-15 0.01834422208069209
1249.8468017578125 0.9176928400993347 0.1458756923675537 3.035625899006642e-15 0.018390576232429862
1249.856689453125 0.9781556129455566 0.14912258088588715 3.035345319342864e-15 0.018437740342785936
1249.86669921875 0.6800014972686768 0.13218757510185242 3.0350662219867435e-15 0.018486899938427625
1249.876708984375 1.0965871810913086 0.1556050181388855 3.0347922068283068e-15 0.018537500203175523
1249.8865966796875 1.2220714092254639 0.16135595738887787 3.0345264502411057e-15 0.018588910747793508
1249.8966064453125 0.9871675372123718 0.14923638105392456 3.034262599478036e-15 0.018642418895660557
1249.9066162109375 0.8829991221427917 0.14377468824386597 3.03400383091265e-15 0.018697408348548345
1249.91650390625 0.8418139219284058 0.1409001499414444 3.0337533209184994e-15 0.01875319461014754
1249.926513671875 0.9099581241607666 0.14560839533805847 3.033505140264954e-15 0.018811162113082976
1249.9365234375 0.8625440001487732 0.14346414804458618 3.033262041809092e-15 0.018870638558421183
1249.9464111328125 1.0143656730651855 0.15181882679462433 3.033026990166229e-15 0.018930877419651576
1249.9564208984375 0.9069019556045532 0.1458863615989685 3.0327944796222075e-15 0.01899336691461465
1249.9664306640625 1.0947539806365967 0.155982106924057 3.0325672630341065e-15 0.019057374026438686
1249.976318359375 0.8145502209663391 0.14073187112808228 3.0323480932590045e-15 0.019122089150185016
1249.986328125 1.0672955513000488 0.15474118292331696 3.032131676340981e-15 0.01918911010689698
1249.996337890625 0.9673968553543091 0.1483285278081894 3.0319207651371147e-15 0.01925764001555517
1250.0062255859375 1.064004898071289 0.1537781059741974 3.0317176889880105e-15 0.019326809802108685
1250.0162353515625 1.1489177942276 0.1590140461921692 3.0315175774542217e-15 0.019398318586945046
1250.0262451171875 1.0904392004013062 0.1553262323141098 3.03132297163459e-15 0.019471311169831904
1250.0362548828125 0.9671372175216675 0.14918650686740875 3.0311340832873523e-15 0.01954577538214289
1250.046142578125 0.9074030518531799 0.14421595633029938 3.0309530299948767e-15 0.01962076187652228
1250.05615234375 0.8456392884254456 0.1416168510913849 3.0307751530759533e-15 0.019698105213539898
1250.066162109375 0.9184194207191467 0.14609770476818085 3.030602993629424e-15 0.019776872317651496
1250.0760498046875 0.9982262253761292 0.1510157436132431 3.0304386692376565e-15 0.01985605750425659
1250.0860595703125 1.180094599723816 0.15923237800598145 3.030277944735915e-15 0.01993759107299451
1250.0960693359375 1.0711219310760498 0.15488050878047943 3.0301231494648043e-15 0.020020484438085264
1250.10595703125 0.8475621342658997 0.14167730510234833 3.029975765731982e-15 0.02010367507497768
1250.115966796875 1.0358558893203735 0.1523047536611557 3.0298324054056592e-15 0.020189191537771958
1250.1259765625 0.8618393540382385 0.14283230900764465 3.0296947625517304e-15 0.02027598630208729
1250.1358642578125 0.9129185080528259 0.1461934596300125 3.029564742994327e-15 0.02036294779022637
1250.1458740234375 0.9327932596206665 0.14702507853507996 3.0294391703598964e-15 0.020452193912689813
1250.1558837890625 1.0232691764831543 0.15104036033153534 3.02931931519786e-15 0.020542621821442397
1250.165771484375 0.917958676815033 0.1469089388847351 3.029206871574112e-15 0.02063307522925295
1250.17578125 0.9749356508255005 0.14934921264648438 3.029099086631574e-15 0.020725751010213827
1250.185791015625 0.9682602286338806 0.14896585047245026 3.0289972309196665e-15 0.020819503302802966
1250.1956787109375 1.143559217453003 0.15844941139221191 3.0289027867460476e-15 0.020913129952748924
1250.2056884765625 0.8615543842315674 0.14337918162345886 3.0288132130118755e-15 0.021008904569359974
1250.2156982421875 1.2195929288864136 0.1621984839439392 3.028729568508334e-15 0.021105631463505848
1250.2257080078125 0.9741874933242798 0.14935074746608734 3.028652276751897e-15 0.02120327278313644
1250.235595703125 1.0902891159057617 0.15639209747314453 3.028582184775512e-15 0.021300575677172646
1250.24560546875 1.0564820766448975 0.15366418659687042 3.02851717499681e-15 0.021399901560149252
1250.255615234375 0.9695963859558105 0.14906851947307587 3.0284587297234496e-15 0.02150000000377793
1250.2655029296875 0.9665513038635254 0.1482854038476944 3.028407060713667e-15 0.021599597613587967
1250.2755126953125 0.9440747499465942 0.14742158353328705 3.0283608974180417e-15 0.021701101861076655
1250.2855224609375 0.8682895302772522 0.14285314083099365 3.0283212986277576e-15 0.021803237428481816
1250.29541015625 0.9808765649795532 0.1489395946264267 3.0282884761010515e-15 0.02190470249032717
1250.305419921875 1.157754898071289 0.1580965220928192 3.028261582804976e-15 0.02200794598833302
1250.3154296875 1.201895833015442 0.1600486934185028 3.028241254014242e-15 0.022111672630097872
1250.3253173828125 1.0438505411148071 0.15224091708660126 3.028227489728849e-15 0.022214554245194845
1250.3353271484375 1.068912386894226 0.15325582027435303 3.0282202899487975e-15 0.022319075931229886
1250.3453369140625 0.8532251715660095 0.1417991667985916 3.0282194429158502e-15 0.022423917996197293
1250.355224609375 0.9470511078834534 0.14662857353687286 3.0282249486300074e-15 0.022527742653217556
1250.365234375 1.031389594078064 0.15175670385360718 3.0282374423659794e-15 0.022633058292636395
1250.375244140625 0.9346604943275452 0.1462360918521881 3.0282562888490558e-15 0.02273852816588999
1250.3851318359375 0.9004924893379211 0.1444218009710312 3.0282816998374734e-15 0.022842808488984484
1250.3951416015625 0.9716734886169434 0.14873112738132477 3.028314098847706e-15 0.022948416111743572
1250.4051513671875 0.7575006484985352 0.1362965703010559 3.0283532741215164e-15 0.023054008245348086
1250.4150390625 0.7565872073173523 0.1364763081073761 3.0283985903841945e-15 0.023159524096141772
1250.425048828125 0.7559194564819336 0.13638052344322205 3.028451318185161e-15 0.023263624130807455
1250.43505859375 0.8778114318847656 0.14327600598335266 3.0285108222497057e-15 0.023368819364239474
1250.445068359375 0.8762436509132385 0.14318978786468506 3.028577314336065e-15 0.023473764642489726
1250.4549560546875 0.6969457268714905 0.13264533877372742 3.0286497356530554e-15 0.02357712617234414
1250.4649658203125 0.5772661566734314 0.12418017536401749 3.0287299920248078e-15 0.023681399367365664
1250.4749755859375 0.5177015662193298 0.12053520232439041 3.028817024660138e-15 0.023785243438446676
1250.48486328125 0.6485309600830078 0.12939921021461487 3.028910198284336e-15 0.023887343426633977
1250.494873046875 0.6384888887405396 0.12860549986362457 3.029011418721533e-15 0.023990158756792376
1250.5048828125 0.35029464960098267 0.10771539807319641 3.0291196271805447e-15 0.024092367324215422
1250.5147705078125 0.6121366620063782 0.12729352712631226 3.0292337648701873e-15 0.024192676345920774
1250.5247802734375 0.5062380433082581 0.11985090374946594 3.0293561611310655e-15 0.024293500847486323
1250.5347900390625 0.5421244502067566 0.12219172716140747 3.0294857571719954e-15 0.02439353912901842
1250.544677734375 0.5545018315315247 0.12292905151844025 3.0296210706853193e-15 0.024491526283921018
1250.5546875 0.7577247619628906 0.13641241192817688 3.0297650662863525e-15 0.02458982341149565
1250.564697265625 0.9258414506912231 0.1455257534980774 3.0299164734256742e-15 0.024687156582317488
1250.5745849609375 0.6858929991722107 0.13205967843532562 3.0300729627626794e-15 0.024782296994686114
1250.5845947265625 0.8646688461303711 0.1427491456270218 3.0302389812203413e-15 0.02487753521215749
1250.5946044921875 0.7454980611801147 0.13507993519306183 3.0304121994580548e-15 0.02497163171439304
1250.6044921875 0.7812135815620422 0.13808533549308777 3.0305907116516886e-15 0.025063403672086138
1250.614501953125 0.9851937294006348 0.14900903403759003 3.030778752965979e-15 0.025155056758421418
1250.62451171875 0.9493133425712585 0.14646874368190765 3.030974205818558e-15 0.025245392077651915
1250.634521484375 0.9251284003257751 0.1451718807220459 3.0311770702094254e-15 0.02533435772156351
1250.6444091796875 0.9954308867454529 0.1499035358428955 3.0313850167979764e-15 0.02542083082821099
1250.6544189453125 1.103735327720642 0.15523485839366913 3.0316031277818943e-15 0.02550689611631444
1250.6644287109375 0.8176971673965454 0.13994890451431274 3.0318286503041008e-15 0.025591418566382796
1250.67431640625 1.08016836643219 0.15410292148590088 3.032059043265754e-15 0.025673342958516716
1250.684326171875 0.7934128046035767 0.1385931670665741 3.032299812381011e-15 0.02575463472870623
1250.6943359375 1.081711769104004 0.15345193445682526 3.03254841655103e-15 0.025834222977914167
1250.7042236328125 0.8394399285316467 0.14141076803207397 3.0328014676440224e-15 0.025911112690755356
1250.7142333984375 0.9337413907051086 0.14623065292835236 3.033065318407092e-15 0.025987151878532858
1250.7242431640625 0.7798902988433838 0.13749969005584717 3.0333372159831607e-15 0.026061328622667527
1250.734130859375 1.0070198774337769 0.14968620240688324 3.0336131369657288e-15 0.026132720912992527
1250.744140625 0.8879876136779785 0.14348092675209045 3.033900492893085e-15 0.026203045336188613
1250.754150390625 0.9583675265312195 0.14734411239624023 3.034195683875203e-15 0.02627135668412233
1250.7640380859375 1.0062649250030518 0.15011927485466003 3.0344951100220573e-15 0.026336814289317077
1250.7740478515625 1.0073565244674683 0.14998497068881989 3.0348059711136997e-15 0.026400982710949258
1250.7840576171875 0.970598578453064 0.14816175401210785 3.035124879018341e-15 0.02646300220007657
1250.7939453125 0.8636786341667175 0.14204348623752594 3.0354478103294816e-15 0.026522107160882755
1250.803955078125 1.090455412864685 0.1546642929315567 3.0357828118601207e-15 0.02657971489602038
1250.81396484375 1.089745283126831 0.15348832309246063 3.036125648445522e-15 0.026635041847867927
1250.823974609375 0.8757784366607666 0.14321187138557434 3.0364769553603956e-15 0.026688045104720844
1250.8338623046875 1.01853346824646 0.15073972940444946 3.0368316504070583e-15 0.02673808522955775
1250.8438720703125 1.0428016185760498 0.15170074999332428 3.03719905094793e-15 0.026786358687026085
1250.8538818359375 1.1229362487792969 0.15582139790058136 3.0375744983018003e-15 0.026832195701266878
1250.86376953125 0.9350383877754211 0.14633934199810028 3.0379535455456966e-15 0.02687504860553537
1250.873779296875 1.0192886590957642 0.15079432725906372 3.0383455100420386e-15 0.02691594356508808
1250.8837890625 0.9114531874656677 0.14466001093387604 3.038745944867853e-15 0.026954306199642217
1250.8936767578125 0.946657657623291 0.14657825231552124 3.039149344308983e-15 0.026989686421928477
1250.9036865234375 0.7434963583946228 0.13550728559494019 3.039566296277269e-15 0.027022927934817215
1250.9136962890625 1.1363853216171265 0.15657252073287964 3.0399915068167905e-15 0.027053553605709827
1250.923583984375 0.8274022340774536 0.1399117112159729 3.0404198937298644e-15 0.027081218814594223
1250.93359375 0.9706070423126221 0.14767996966838837 3.040862044928331e-15 0.02710658238749936
1250.943603515625 0.9214211106300354 0.14550158381462097 3.0413126664562704e-15 0.027129270023620616
1250.9534912109375 1.1123559474945068 0.15488696098327637 3.0417660408412883e-15 0.02714903639991013
1250.9635009765625 0.8611418604850769 0.14207497239112854 3.0422336030281726e-15 0.027166357005593875
1250.9735107421875 1.0761271715164185 0.15300308167934418 3.0427098473027664e-15 0.027180959148462025
1250.9833984375 1.0031323432922363 0.14979976415634155 3.043188632676202e-15 0.027192709091603078
1250.993408203125 0.9584314823150635 0.14680233597755432 3.0436818176097407e-15 0.027201891652370164
1251.00341796875 0.7780240178108215 0.1368027925491333 3.0441838963892257e-15 0.027208339925601968
1251.0133056640625 1.0745621919631958 0.15359178185462952 3.0446883045093156e-15 0.027212054524810767
1251.0233154296875 0.8848161697387695 0.1429159939289093 3.0452077474642193e-15 0.027213045806188975
1251.0333251953125 0.8246679902076721 0.13983556628227234 3.045736084265069e-15 0.027211345103232948
1251.0433349609375 1.0982133150100708 0.15424758195877075 3.0462731031536284e-15 0.027206935066006716
1251.05322265625 0.9540982842445374 0.14653512835502625 3.0468122396245557e-15 0.027199931787887686
1251.063232421875 0.907464861869812 0.14421819150447845 3.0473668344467705e-15 0.027190179416014273
1251.0732421875 1.0143299102783203 0.1503104716539383 3.0479303231149314e-15 0.02717777234974797
1251.0831298828125 0.9542017579078674 0.14654579758644104 3.0484957176072237e-15 0.02716293604492558
1251.0931396484375 0.9678819179534912 0.14737829566001892 3.0490772057255137e-15 0.027145333117046772
1251.1031494140625 1.003111720085144 0.14933426678180695 3.04966758768975e-15 0.0271251648474968
1251.113037109375 1.0746941566467285 0.15271487832069397 3.0502596637198807e-15 0.02710276522879901
1251.123046875 0.9072769284248352 0.14425861835479736 3.050868045134246e-15 0.027077624828349918
1251.133056640625 0.9886846542358398 0.14843565225601196 3.0514855321527945e-15 0.027050052521461056
1251.1429443359375 0.8355529308319092 0.14003562927246094 3.0521045014790006e-15 0.027020481980967997
1251.1529541015625 1.1310136318206787 0.1553875207901001 3.052740199705915e-15 0.026988244189563023
1251.1629638671875 1.120622992515564 0.15543276071548462 3.0533850035370123e-15 0.026953755229612682
1251.1728515625 1.085418462753296 0.1530183106660843 3.0540312896757673e-15 0.026917547206117498
1251.182861328125 1.1431517601013184 0.15641796588897705 3.0546945164734675e-15 0.02687879798607599
1251.19287109375 0.8704325556755066 0.1422732174396515 3.0553670606335874e-15 0.02683803050409581
1251.2027587890625 0.9870081543922424 0.147936150431633 3.0560406635848913e-15 0.02679533144474109
1251.2127685546875 1.1303070783615112 0.15557672083377838 3.056731842469851e-15 0.0267513520954734
1251.2227783203125 0.8931209444999695 0.14326170086860657 3.05743233871723e-15 0.0267051080834578
1251.2327880859375 0.9157347679138184 0.14471809566020966 3.058142364085266e-15 0.026657245650369792
1251.24267578125 0.9414802193641663 0.1457461416721344 3.0588530247280124e-15 0.026608487247681917
1251.252685546875 1.0946133136749268 0.15348657965660095 3.0595818965791248e-15 0.02655775702982131
1251.2626953125 0.8577269911766052 0.1404736489057541 3.0603202975508937e-15 0.02650578405163956
1251.2725830078125 0.9399213194847107 0.14537492394447327 3.0610591220391363e-15 0.026453356343399074
1251.2825927734375 0.9506840109825134 0.14626556634902954 3.0618165812522184e-15 0.02639933341165295
1251.2926025390625 0.8324785828590393 0.1394510418176651 3.062583569585957e-15 0.02634451255133528
1251.302490234375 0.9857473373413086 0.14756937325000763 3.063350557919696e-15 0.026289735950436828
1251.3125 0.9042431712150574 0.14306485652923584 3.0641368162529848e-15 0.02623383150445511
1251.322509765625 0.9129487872123718 0.14390940964221954 3.064932815465167e-15 0.026177652135674613
1251.3323974609375 0.878483235836029 0.14222070574760437 3.0657288146773492e-15 0.026122081440020782
1251.3424072265625 0.8061739206314087 0.1377132385969162 3.0665440838890815e-15 0.026065944931381816
1251.3524169921875 0.983673632144928 0.14815407991409302 3.067369305737944e-15 0.026010146777534833
1251.3623046875 0.9622595310211182 0.14649800956249237 3.068194104070333e-15 0.025955576022040964
1251.372314453125 0.829964280128479 0.13883306086063385 3.0690388076769822e-15 0.02590111770218725
1251.38232421875 0.8196913003921509 0.13789650797843933 3.0698936756789986e-15 0.025847692820933358
1251.3922119140625 0.9140408635139465 0.14372886717319489 3.0707476966480678e-15 0.025796181530542882
1251.4022216796875 0.92449951171875 0.1445424109697342 3.071622258166108e-15 0.02574556990506201
1251.4122314453125 1.098863959312439 0.15365372598171234 3.072506772321278e-15 0.025696780900720834
1251.4222412109375 1.065531849861145 0.1518658846616745 3.0734012391135787e-15 0.02565009318576739
1251.43212890625 1.006960153579712 0.14809104800224304 3.074294858872932e-15 0.025606326595772274
1251.442138671875 1.0300929546356201 0.14983007311820984 3.0752094426977298e-15 0.025564700501608004
1251.4521484375 0.8984078168869019 0.14283475279808044 3.0761341909178947e-15 0.025526081617808553
1251.4620361328125 1.1223162412643433 0.15453989803791046 3.0770576685886387e-15 0.025491203078454934
1251.4720458984375 1.0054343938827515 0.1484925001859665 3.078002533841301e-15 0.02545953115356064
1251.4820556640625 0.8023470044136047 0.13760249316692352 3.078957775247567e-15 0.02543185401017031
1251.491943359375 1.0626808404922485 0.15116366744041443 3.0799113225879384e-15 0.02540877749475284
1251.501953125 1.0749322175979614 0.15201865136623383 3.0808871045431754e-15 0.02539008478361794
1251.511962890625 1.1221821308135986 0.15433387458324432 3.0818730508937794e-15 0.02537644616306625
1251.5218505859375 1.122981071472168 0.15439477562904358 3.082857091420252e-15 0.02536829743476738
1251.5318603515625 0.9424789547920227 0.14529970288276672 3.0838637900780638e-15 0.025365805121597407
1251.5418701171875 0.8510642051696777 0.13980448246002197 3.0848808648894794e-15 0.025369482453079108
1251.5517578125 0.920557975769043 0.1432698518037796 3.08589561036029e-15 0.02537954467326791
1251.561767578125 1.084789752960205 0.15244266390800476 3.0869334374789134e-15 0.02539661820072568
1251.57177734375 1.1305506229400635 0.15473009645938873 3.0879818525093774e-15 0.02542100542511199
1251.5816650390625 1.0000025033950806 0.14781789481639862 3.0890277264409996e-15 0.025452650136839398
1251.5916748046875 1.1554011106491089 0.1553850620985031 3.090097105536908e-15 0.025492718994130224
1251.6016845703125 0.9066588282585144 0.1428864300251007 3.0911772843028942e-15 0.025541245645936163
1251.6116943359375 0.8964606523513794 0.1422930359840393 3.092267839222484e-15 0.025598609536440563
1251.62158203125 1.0951769351959229 0.1527865082025528 3.0933556412849955e-15 0.025664312584978907
1251.631591796875 0.7769623398780823 0.13565820455551147 3.0944675837865036e-15 0.025740346456513047
1251.6416015625 1.045107126235962 0.15036237239837646 3.0955901141998523e-15 0.02582631020813551
1251.6514892578125 1.1161231994628906 0.15388092398643494 3.0967096799978857e-15 0.025921317781594823
1251.6614990234375 0.9392145276069641 0.14460140466690063 3.0978538097513894e-15 0.026028049772483828
1251.6715087890625 1.162531852722168 0.15590502321720123 3.0990087391749707e-15 0.026145727256803808
1251.681396484375 1.0458266735076904 0.1497902125120163 3.100160280466763e-15 0.02627302154769519
1251.69140625 1.1364415884017944 0.1541876494884491 3.101336809230499e-15 0.02641337486623063
1251.701416015625 0.9154672026634216 0.14277954399585724 3.1025243494225497e-15 0.026565567855666786
1251.7113037109375 1.1165668964385986 0.15307383239269257 3.1037082897245744e-15 0.02672779273557689
1251.7213134765625 0.8559327721595764 0.13964946568012238 3.1049176410150167e-15 0.026904303288374926
1251.7313232421875 0.9383496642112732 0.14431209862232208 3.1061380037337733e-15 0.027093405488560072
1251.7412109375 0.9846792221069336 0.14633753895759583 3.1073543430460305e-15 0.027292775238709953
1251.751220703125 0.8794750571250916 0.1409894824028015 3.1085967286214157e-15 0.027507521826119045
1251.76123046875 0.9383525252342224 0.1442115306854248 3.109850337383352e-15 0.02773544502900789
1251.7711181640625 0.8895666599273682 0.1416681408882141 3.1110994992223154e-15 0.02797367877230264
1251.7811279296875 0.7947750091552734 0.1362152099609375 3.112375342599117e-15 0.0282282365844972
1251.7911376953125 0.992070734500885 0.14690016210079193 3.1136621974042333e-15 0.02849636858885665
1251.801025390625 0.8890435695648193 0.14129392802715302 3.1149446052863763e-15 0.028778186244520092
1251.81103515625 0.8972248435020447 0.14132019877433777 3.1162541182228314e-15 0.02907006424925189
1251.821044921875 0.8402835726737976 0.13875840604305267 3.1175748543458377e-15 0.029379269539831526
1251.8310546875 0.9481465220451355 0.14395008981227875 3.118906813655395e-15 0.029702315623588105
1251.8409423828125 0.8789061307907104 0.14076176285743713 3.1202339025255058e-15 0.030035037349064996
1251.8509521484375 0.8700750470161438 0.14041131734848022 3.121588519966402e-15 0.03038565144660473
1251.8609619140625 1.140512466430664 0.15441589057445526 3.1229547841103234e-15 0.0307501177309438
1251.870849609375 1.0211384296417236 0.1481046974658966 3.1243155425400874e-15 0.03112370697776211
1251.880859375 0.9400564432144165 0.14389680325984955 3.1257046765735845e-15 0.031515599280857405
1251.890869140625 1.0583653450012207 0.15057402849197388 3.1271052455518695e-15 0.03192120520971099
1251.9007568359375 1.0714237689971924 0.15125077962875366 3.1285000970577605e-15 0.03233525245472978
1251.9107666015625 0.8903569579124451 0.14121580123901367 3.129923747683858e-15 0.03276787546822966
1251.9207763671875 0.9011460542678833 0.14167597889900208 3.1313590450129805e-15 0.03321396657559318
1251.9306640625 1.1379868984222412 0.1539691537618637 3.132788413111472e-15 0.03366770885451455
1251.940673828125 0.6944648027420044 0.12994825839996338 3.134247003846644e-15 0.034140198173325906
1251.95068359375 0.8088399767875671 0.13624686002731323 3.1357172412848407e-15 0.0346257759715434
1251.9605712890625 0.8937715888023376 0.1414365917444229 3.137181125975933e-15 0.03511816111168546
1251.9705810546875 0.8693092465400696 0.14050808548927307 3.138674868578416e-15 0.035629366908594945
1251.9805908203125 0.924862265586853 0.14324939250946045 3.1401802578839236e-15 0.03615323603596511
1251.990478515625 1.0413432121276855 0.14997278153896332 3.14167908268409e-15 0.03668299776646465
1252.00048828125 1.1274255514144897 0.15467000007629395 3.1432084006703578e-15 0.03723157459208448
1252.010498046875 0.9023224711418152 0.14163994789123535 3.14474936535965e-15 0.03779233459022375
1252.0205078125 1.0374565124511719 0.1490960270166397 3.146302400268441e-15 0.03836509812949848
1252.0303955078125 0.9926363229751587 0.14639127254486084 3.147848447155417e-15 0.0389425160146017
1252.0404052734375 1.0375639200210571 0.1494084596633911 3.1494254107449675e-15 0.039538641999069674
1252.0504150390625 0.8649533987045288 0.13938462734222412 3.1510142327957798e-15 0.0401462626850565
1252.060302734375 0.8588707447052002 0.1396900862455368 3.1525958550665404e-15 0.04075757212937676
1252.0703125 1.1524748802185059 0.15454711019992828 3.1542088175563494e-15 0.041387503841817615
1252.080322265625 0.9711258411407471 0.14529837667942047 3.1558340620238936e-15 0.04202836146747296
1252.0902099609375 0.9125343561172485 0.14199601113796234 3.1574514714366756e-15 0.042671979468658056
1252.1002197265625 0.9518653154373169 0.14324520528316498 3.1591010681014534e-15 0.04333406580862356
1252.1102294921875 0.9952772855758667 0.1457536369562149 3.1607627349857295e-15 0.044006538592356655
1252.1201171875 1.0260916948318481 0.1478990763425827 3.16241614329877e-15 0.04468085333541958
1252.130126953125 1.0353283882141113 0.14818547666072845 3.1641023741385164e-15 0.045373482265473004
1252.14013671875 1.1268329620361328 0.15302829444408417 3.165800886955998e-15 0.04607596029933705
1252.1500244140625 1.0950020551681519 0.15159198641777039 3.1674909294440072e-15 0.0467793668922902
1252.1600341796875 1.037675142288208 0.1474694162607193 3.169214217975196e-15 0.047500900171605985
1252.1700439453125 0.9656084179878235 0.1441514641046524 3.17094978848412e-15 0.04823174553161294
1252.179931640625 0.9807365536689758 0.14454644918441772 3.172676465147098e-15 0.048962660178107686
1252.18994140625 0.8348820805549622 0.13630005717277527 3.174437023127966e-15 0.04971150778195943
1252.199951171875 0.9685548543930054 0.14485950767993927 3.176210074844806e-15 0.050469173107328846
1252.2099609375 0.8343363404273987 0.1364700198173523 3.1779956202976183e-15 0.05123544837019737
1252.2198486328125 0.9681729078292847 0.14336568117141724 3.1797716366297737e-15 0.05200067155709046
1252.2298583984375 0.9177389144897461 0.1416604071855545 3.1815823813127666e-15 0.052783582040617824
1252.2398681640625 1.14066743850708 0.15321503579616547 3.1834056197317315e-15 0.053574594056970404
1252.249755859375 0.9558499455451965 0.14418520033359528 3.1852193290300397e-15 0.05436378144811894
1252.259765625 1.0161603689193726 0.14661569893360138 3.1870679784374223e-15 0.05517042933295375
1252.269775390625 1.148594617843628 0.15299418568611145 3.1889293333390136e-15 0.055984712887047886
1252.2796630859375 0.9867651462554932 0.145413339138031 3.190780523845238e-15 0.05679638377299237
1252.2896728515625 0.9564517140388489 0.14296244084835052 3.1926675014934836e-15 0.0576253369330599
1252.2996826171875 1.0010989904403687 0.14513300359249115 3.1945671846359382e-15 0.05846143308181933
1252.3095703125 1.045695185661316 0.14852526783943176 3.196456279866552e-15 0.05929418275039822
1252.319580078125 0.8638067245483398 0.13702428340911865 3.198381797513898e-15 0.06014401908251429
1252.32958984375 0.8521612286567688 0.137168288230896 3.2003200206554526e-15 0.06100051465292259
1252.3394775390625 0.9856454133987427 0.14418672025203705 3.2022474441269298e-15 0.061852990157877256
1252.3494873046875 0.8387057185173035 0.1363048106431961 3.2042117135316125e-15 0.06272232275600856
1252.3594970703125 0.9358965158462524 0.14148923754692078 3.206188900188741e-15 0.06359787219215794
1252.369384765625 1.0593550205230713 0.14783509075641632 3.208155075417555e-15 0.06446871637278605
1252.37939453125 0.9873843789100647 0.14354227483272552 3.2101583083378113e-15 0.06535621597831005
1252.389404296875 0.9419518113136292 0.14156731963157654 3.21217467026875e-15 0.06624951083454836
1252.3992919921875 0.9633178114891052 0.14272300899028778 3.2141793854966643e-15 0.06714844834292216
1252.4093017578125 0.929918110370636 0.14026229083538055 3.216222217207205e-15 0.06804182930125184
1252.4193115234375 0.8363630771636963 0.13532884418964386 3.218278177928428e-15 0.06895157292952005
1252.4293212890625 0.9955959916114807 0.14344443380832672 3.2203472676603333e-15 0.06986652693635861
1252.439208984375 0.746707558631897 0.12962549924850464 3.2224042871727403e-15 0.07077533450828545
1252.44921875 0.8578751087188721 0.13650770485401154 3.2245000584424843e-15 0.07170028730214914
1252.459228515625 1.083462119102478 0.14799374341964722 3.2266091704811475e-15 0.07263005873369434
1252.4691162109375 1.025728464126587 0.14484529197216034 3.2287057887838387e-15 0.07355308138480567
1252.4791259765625 0.9247121810913086 0.13924790918827057 3.2308413706021036e-15 0.07449205188495749
1252.4891357421875 0.890235424041748 0.13775911927223206 3.2329907167057614e-15 0.07543541481892238
1252.4990234375 0.8569090962409973 0.13579577207565308 3.2351269337987367e-15 0.07637150711440188
1252.509033203125 0.9788528680801392 0.1421935111284256 3.23730317319847e-15 0.07732325595932446
1252.51904296875 0.8651657700538635 0.13636334240436554 3.2394927533671222e-15 0.0782790706128145
1252.5289306640625 0.7654066681861877 0.13083934783935547 3.241669204525092e-15 0.07922707503407055
1252.5389404296875 0.8763092756271362 0.13680951297283173 3.2438858897480567e-15 0.08019052406932874
1252.5489501953125 0.7425435781478882 0.128649041056633 3.246116339256414e-15 0.08115765916898046
1252.558837890625 0.8537635207176208 0.1353677362203598 3.2483328127211417e-15 0.0821164594404787
1252.56884765625 0.9543229937553406 0.14004725217819214 3.250590579042048e-15 0.08309049286064418
1252.578857421875 0.8961690068244934 0.13786183297634125 3.2528621096483473e-15 0.08406782205954896
1252.5887451171875 0.8498566746711731 0.13498415052890778 3.255119240694543e-15 0.08504830108709073
1252.5987548828125 0.8050870895385742 0.13222737610340118 3.2574180881133914e-15 0.08601985775196457
1252.6087646484375 0.8062261939048767 0.13213014602661133 3.2597309115758692e-15 0.08700633419709054
1252.6187744140625 0.7830691337585449 0.13064152002334595 3.26205749932374e-15 0.08799562370966103
1252.628662109375 0.8574138283729553 0.1355087012052536 3.2643694757532706e-15 0.0889755034768344
1252.638671875 0.7250893115997314 0.12784120440483093 3.266723803830164e-15 0.08997007503235885
1252.648681640625 0.6040233373641968 0.12001033127307892 3.269092107950687e-15 0.09096712341574871
