wave flux_norm flux_err cont_fit cont_err
1257.0052490234375 0.9576737880706787 0.1603146344423294 1.104471925023184e-14 0.05204195396326185
1257.0152587890625 0.8150055408477783 0.1514347642660141 1.1046094831738181e-14 0.05113797661288969
1257.025146484375 0.9108595252037048 0.15756389498710632 1.104736622819201e-14 0.05025405858834142
1257.03515625 1.0048339366912842 0.1631963849067688 1.1048567320911216e-14 0.04940065401996479
1257.045166015625 1.0984963178634644 0.16933485865592957 1.1049681169236856e-14 0.04855660914941638
1257.05517578125 0.955367922782898 0.16002564132213593 1.1050709467234823e-14 0.04773252881993149
1257.0650634765625 1.0473833084106445 0.1669187992811203 1.1051640356443855e-14 0.04693807807186115
1257.0750732421875 0.9570226669311523 0.1609763205051422 1.1052499247852371e-14 0.046153584131552614
1257.0850830078125 0.8468446731567383 0.15298333764076233 1.1053272588933214e-14 0.04538892704476564
1257.094970703125 1.0345895290374756 0.16579487919807434 1.1053954450455754e-14 0.04465303398309091
1257.10498046875 1.0866260528564453 0.1664237529039383 1.1054561773078935e-14 0.04392767852980931
1257.114990234375 1.050524115562439 0.16558720171451569 1.1055086086473286e-14 0.04322196769332123
1257.1248779296875 0.8956118822097778 0.15582716464996338 1.1055522308441122e-14 0.042544111942925934
1257.1348876953125 1.0511723756790161 0.1656108796596527 1.1055883144476652e-14 0.041877295024250395
1257.1448974609375 1.0516343116760254 0.1663222312927246 1.1056162665349246e-14 0.04122991263953344
1257.15478515625 0.8449029326438904 0.15394951403141022 1.1056359176993009e-14 0.040601882706741456
1257.164794921875 1.0965882539749146 0.16860677301883698 1.1056478608638572e-14 0.04000042119039633
1257.1748046875 1.1133891344070435 0.1694469004869461 1.1056517572154145e-14 0.039410574968077934
1257.1846923828125 1.1260665655136108 0.17117148637771606 1.1056477761605624e-14 0.03883974478212771
1257.1947021484375 0.8278727531433105 0.15272706747055054 1.1056360024025956e-14 0.03829444256416723
1257.2047119140625 0.8584722280502319 0.155027374625206 1.105616435941514e-14 0.03776106794872106
1257.214599609375 0.9398166537284851 0.1588752120733261 1.1055894155904966e-14 0.037246276962097584
1257.224609375 0.8158631920814514 0.15086211264133453 1.1055543484264803e-14 0.03675590157289759
1257.234619140625 0.9882149696350098 0.16209466755390167 1.1055116579659387e-14 0.036277648904838665
1257.24462890625 0.8777849078178406 0.1550477296113968 1.1054613442088718e-14 0.0358174627789224
1257.2545166015625 0.8310410976409912 0.15173478424549103 1.1054042541882268e-14 0.03538046916307449
1257.2645263671875 0.672537088394165 0.14156942069530487 1.1053390326512882e-14 0.034955636462045934
1257.2745361328125 0.7042868733406067 0.1435697376728058 1.1052662725211191e-14 0.034548246164159996
1257.284423828125 0.7510476112365723 0.14784623682498932 1.1051871596438455e-14 0.03416268224586973
1257.29443359375 0.7676277756690979 0.1475243717432022 1.1050997458436889e-14 0.033789203680323725
1257.304443359375 0.8945845365524292 0.15636904537677765 1.1050050475601859e-14 0.03343238798176998
1257.3143310546875 0.8615755438804626 0.15490157902240753 1.104904420046052e-14 0.033095976189933936
1257.3243408203125 0.8791595697402954 0.15517446398735046 1.1047953222024457e-14 0.032771395793600645
1257.3343505859375 0.8159300088882446 0.15097394585609436 1.1046791939853771e-14 0.03246255355195138
1257.34423828125 0.7224490642547607 0.1445123553276062 1.104557390647562e-14 0.0321726148609448
1257.354248046875 0.705518364906311 0.14369550347328186 1.104427201683569e-14 0.03189406261182694
1257.3642578125 0.8932358622550964 0.15711325407028198 1.1042899823461138e-14 0.03163022399982655
1257.3741455078125 1.024029016494751 0.16320161521434784 1.104147680810975e-14 0.03138072962792476
1257.3841552734375 0.8441779613494873 0.15442058444023132 1.1039967395397744e-14 0.03114798412144116
1257.3941650390625 0.7211530804634094 0.14484864473342896 1.1038390220049956e-14 0.03092585940154153
1257.404052734375 0.7065867781639099 0.1438741534948349 1.1036765610857122e-14 0.030716896556916513
1257.4140625 0.959220826625824 0.16006948053836823 1.1035053757270721e-14 0.030523015276354093
1257.424072265625 0.8487133383750916 0.15378442406654358 1.1033275835114435e-14 0.03033901924456408
1257.4339599609375 0.9083809852600098 0.15831904113292694 1.103145386724489e-14 0.030166936993454945
1257.4439697265625 0.8147092461585999 0.15250404179096222 1.102954465498178e-14 0.030008250452541078
1257.4539794921875 0.8159621357917786 0.15139417350292206 1.1027571068214677e-14 0.02985860755153648
1257.4639892578125 0.880227267742157 0.15607057511806488 1.1025532259910636e-14 0.02971960626577623
1257.473876953125 0.9918741583824158 0.1620223969221115 1.1023455335123968e-14 0.029592313098790003
1257.48388671875 0.76784348487854 0.1488557904958725 1.1021290318910786e-14 0.029473156142809726
1257.493896484375 1.0711594820022583 0.16604185104370117 1.101906177522656e-14 0.029363336746225852
1257.5037841796875 0.9595960378646851 0.16067229211330414 1.1016799350224444e-14 0.029263598181856032
1257.5137939453125 0.9922099113464355 0.1625846028327942 1.1014447139729919e-14 0.029171041679530114
1257.5238037109375 0.9609443545341492 0.160740464925766 1.1012033942863191e-14 0.029086539154865
1257.53369140625 0.9752935171127319 0.16263973712921143 1.1009590252810363e-14 0.029010552045271715
1257.543701171875 0.9452815055847168 0.16002075374126434 1.1007056777265125e-14 0.028940793437116686
1257.5537109375 1.0996567010879517 0.1701279580593109 1.1004463162380632e-14 0.0288778352914534
1257.5635986328125 1.1832666397094727 0.17339393496513367 1.1001843289474775e-14 0.028821924632442226
1257.5736083984375 0.928046703338623 0.15951848030090332 1.0999131937010614e-14 0.028771291579453274
1257.5836181640625 0.9929611682891846 0.16281449794769287 1.099636298630604e-14 0.02872627602966129
1257.593505859375 0.8998546600341797 0.15662187337875366 1.099357116571189e-14 0.028686500821732314
1257.603515625 1.0725128650665283 0.1675197035074234 1.0990687865559436e-14 0.028651989920152436
1257.613525390625 0.8654617667198181 0.15551263093948364 1.0987747814199516e-14 0.028621537814901413
1257.6234130859375 0.9160265922546387 0.15810412168502808 1.0984789128114757e-14 0.028595249230567197
1257.6334228515625 0.9773690700531006 0.1616404801607132 1.0981738115438747e-14 0.028573039512043864
1257.6434326171875 1.0085909366607666 0.16468943655490875 1.0978632892654112e-14 0.02855403169087942
1257.6534423828125 1.1868910789489746 0.173897847533226 1.097547176569496e-14 0.028538207047946653
1257.663330078125 0.9468919634819031 0.1608719676733017 1.097229708620865e-14 0.028525403115486445
1257.67333984375 1.1373379230499268 0.17241978645324707 1.096903008013109e-14 0.02851500929300922
1257.683349609375 1.0584114789962769 0.16777336597442627 1.0965709710977854e-14 0.028506915812659253
1257.6932373046875 1.0744155645370483 0.16921047866344452 1.096237917742925e-14 0.0285009131261231
1257.7032470703125 1.0109704732894897 0.16534161567687988 1.0958955470256448e-14 0.028496593647129892
1257.7132568359375 0.7452558875083923 0.14632438123226166 1.0955480094073863e-14 0.028493793430148587
1257.72314453125 0.966707706451416 0.16128109395503998 1.0951997094594754e-14 0.028492284730490664
1257.733154296875 0.8394111394882202 0.15375404059886932 1.0948421768524393e-14 0.028491804267261035
1257.7431640625 1.2678732872009277 0.17983901500701904 1.0944796467510145e-14 0.028492156299048246
1257.7530517578125 1.1582484245300293 0.17346301674842834 1.094116693133116e-14 0.028493121599725696
1257.7630615234375 0.8528521060943604 0.15548917651176453 1.0937444221527978e-14 0.028494528071918903
1257.7730712890625 0.9040439128875732 0.1580554097890854 1.0933673230846801e-14 0.028496181986887508
1257.782958984375 1.094474196434021 0.16974037885665894 1.0929902240165625e-14 0.028497903006643174
1257.79296875 0.9531092643737793 0.16085833311080933 1.0926036381794357e-14 0.028499504562712115
1257.802978515625 1.0827670097351074 0.1682043820619583 1.0922124783643936e-14 0.028500876230329732
1257.8128662109375 1.1927329301834106 0.17554444074630737 1.0918215726592358e-14 0.028501843711260702
1257.8228759765625 1.0132691860198975 0.16663578152656555 1.0914212648883634e-14 0.028502268473652545
1257.8328857421875 1.130003571510315 0.17195554077625275 1.0910165525461653e-14 0.028502032268137658
1257.8427734375 1.0512657165527344 0.16715741157531738 1.090612179017146e-14 0.02850100443413957
1257.852783203125 0.9036340117454529 0.15928305685520172 1.0901986575322965e-14 0.028499099713940452
1257.86279296875 0.8918265700340271 0.15719221532344818 1.0897807314761213e-14 0.028496170334740865
1257.872802734375 0.8274624943733215 0.1525733917951584 1.089358485551915e-14 0.02849213552954848
1257.8826904296875 0.8940567374229431 0.15660974383354187 1.0889373407705401e-14 0.028486978365168815
1257.8927001953125 1.2270087003707886 0.1773207187652588 1.088506709220156e-14 0.02848048764157684
1257.9027099609375 0.7819145917892456 0.1497078388929367 1.0880720119116252e-14 0.028472651089285192
1257.91259765625 0.7319530844688416 0.14714962244033813 1.0876385851525151e-14 0.028463518573256203
1257.922607421875 1.084359884262085 0.16974860429763794 1.0871958410309853e-14 0.02845280609013899
1257.9326171875 1.198522925376892 0.1754448264837265 1.0867491158546034e-14 0.02844056692489577
1257.9425048828125 0.8289352059364319 0.15367484092712402 1.0863039153375265e-14 0.02842692967835126
1257.9525146484375 0.98884117603302 0.1649782806634903 1.0858494821613246e-14 0.02841151987938902
1257.9625244140625 0.9395384192466736 0.16200952231884003 1.0853911526335653e-14 0.028394458245879436
1257.972412109375 1.053863525390625 0.16851133108139038 1.0849347712815847e-14 0.028375959461253975
1257.982421875 0.9575120806694031 0.16318939626216888 1.0844689878638895e-14 0.028355543445414813
1257.992431640625 1.2160073518753052 0.17723341286182404 1.083999646907816e-14 0.028333412158334934
1258.0023193359375 1.0415476560592651 0.1668219119310379 1.0835324235341105e-14 0.028309553801886985
1258.0123291015625 1.1526240110397339 0.17401668429374695 1.0830558827979852e-14 0.028284288003848898
1258.0223388671875 0.8800362348556519 0.1573707014322281 1.0825758692267762e-14 0.028256990189222213
1258.0322265625 0.9773412942886353 0.16335433721542358 1.082098396754409e-14 0.028227963765492515
1258.042236328125 1.1875840425491333 0.1755319982767105 1.0816115222163272e-14 0.028197607894252817
1258.05224609375 1.0924361944198608 0.1694953441619873 1.0811214289530458e-14 0.028165188383347934
1258.0621337890625 1.0930370092391968 0.170171856880188 1.0806340461951957e-14 0.028131085488417733
1258.0721435546875 1.010143756866455 0.16645511984825134 1.0801374307782205e-14 0.028095775178559892
1258.0821533203125 1.1427186727523804 0.17381435632705688 1.0796375966360457e-14 0.028058411600928354
1258.0921630859375 1.0155507326126099 0.16535723209381104 1.0791346284719661e-14 0.02801945586397311
1258.10205078125 0.9501878023147583 0.16191020607948303 1.0786347943297914e-14 0.027979450630638163
1258.112060546875 0.8176692128181458 0.1548406034708023 1.0781258122317863e-14 0.02793744874094612
1258.1220703125 0.9855842590332031 0.16330789029598236 1.077613780815171e-14 0.02789398561120623
1258.1319580078125 0.9520007967948914 0.16240529716014862 1.0771052222336396e-14 0.027849663562129152
1258.1419677734375 0.8363165259361267 0.1554073691368103 1.0765875156962777e-14 0.027803446710959905
1258.1519775390625 1.1467899084091187 0.17399664223194122 1.0760669292468952e-14 0.027755931961089268
1258.161865234375 1.051349401473999 0.1681506186723709 1.075549985039186e-14 0.027707786874093036
1258.171875 0.9758288860321045 0.16545470058918 1.0750240622822357e-14 0.027657888745787538
1258.181884765625 1.1261895895004272 0.17287437617778778 1.0744953443165596e-14 0.027606892708381545
1258.1917724609375 1.1580638885498047 0.17868822813034058 1.0739706074057356e-14 0.027554883767967664
1258.2017822265625 0.8523765802383423 0.1576956957578659 1.0734368919456706e-14 0.027502584251224173
1258.2117919921875 1.1487730741500854 0.17567864060401917 1.072900635386764e-14 0.02744878891654077
1258.2216796875 1.2438074350357056 0.18174739181995392 1.0723685292892988e-14 0.027394221248825033
1258.231689453125 1.2169289588928223 0.180681511759758 1.0718274446425927e-14 0.027339650165015605
1258.24169921875 0.9917023777961731 0.1671544462442398 1.0712840730069291e-14 0.027283826465827207
1258.2515869140625 0.9397350549697876 0.16187037527561188 1.0707450212392965e-14 0.02722751100565351
1258.2615966796875 0.7872716188430786 0.1533302664756775 1.0701970756257177e-14 0.02717150095022144
1258.2716064453125 0.8962690234184265 0.16031119227409363 1.0696470124297707e-14 0.027114517782338813
1258.2816162109375 0.949170708656311 0.1657605618238449 1.0690948316514556e-14 0.027057354250708966
1258.29150390625 0.9762227535247803 0.16702960431575775 1.0685473095543505e-14 0.027000824611560788
1258.301513671875 0.8895047903060913 0.16134966909885406 1.0679910630178886e-14 0.026943644486425753
1258.3115234375 1.0411330461502075 0.17163485288619995 1.0674327836023532e-14 0.026886625037988093
1258.3214111328125 0.91453617811203 0.16372741758823395 1.0668795016812067e-14 0.026830579107819313
1258.3314208984375 0.9865807294845581 0.16555197536945343 1.0663174953207035e-14 0.026774244679113615
1258.3414306640625 0.8786332011222839 0.15839596092700958 1.0657536254877163e-14 0.02671844010312289
1258.351318359375 1.0417159795761108 0.1691860556602478 1.0651950072590021e-14 0.026663962366220817
1258.361328125 1.0024479627609253 0.16587646305561066 1.0646277492942259e-14 0.026609599663618307
1258.371337890625 0.8015891909599304 0.1536632627248764 1.0640587972635552e-14 0.0265561585516514
1258.3812255859375 0.8351832032203674 0.15595905482769012 1.0634952662437469e-14 0.026504409485485
1258.3912353515625 0.9658342003822327 0.16398699581623077 1.0629231801911714e-14 0.026453209095118366
1258.4012451171875 0.8354818820953369 0.15636664628982544 1.0623496541825855e-14 0.02640334595585073
1258.4111328125 0.7901421189308167 0.15420041978359222 1.0617817185914515e-14 0.026354960585097044
1258.421142578125 0.8121417164802551 0.1567358672618866 1.0612053973741396e-14 0.02630875812831158
1258.43115234375 0.7557790875434875 0.152979776263237 1.0606276362008175e-14 0.026263741942418966
1258.4410400390625 0.8248288035392761 0.15652400255203247 1.0600558042581261e-14 0.02622064165210696
1258.4510498046875 0.7722671031951904 0.15179699659347534 1.0594755866892569e-14 0.02618009051075476
1258.4610595703125 0.7232224345207214 0.14904077351093292 1.0588941832742615e-14 0.026141236232278493
1258.470947265625 0.8573532104492188 0.15897013247013092 1.0583187937931917e-14 0.02610474443163987
1258.48095703125 0.5131714344024658 0.13378962874412537 1.0577352727958282e-14 0.026071164339750118
1258.490966796875 0.7069981694221497 0.1481075882911682 1.0571506506556333e-14 0.02603981403466947
1258.5009765625 0.6714829802513123 0.14461004734039307 1.0565651814824911e-14 0.026011279225774293
1258.5108642578125 0.40689295530319214 0.12455864250659943 1.0559858109465692e-14 0.025986003687633128
1258.5208740234375 0.6105232834815979 0.14164254069328308 1.0553985630042378e-14 0.025963512764123092
1258.5308837890625 0.6281519532203674 0.14385709166526794 1.0548103833256644e-14 0.025944285910780355
1258.540771484375 0.463013619184494 0.13041892647743225 1.0542287258007849e-14 0.025928644797744767
1258.55078125 0.4106619358062744 0.12452109158039093 1.0536391908694959e-14 0.025916353035905747
1258.560791015625 0.3627110719680786 0.12110245227813721 1.053048978311849e-14 0.025907769473296746
1258.5706787109375 0.4929468631744385 0.13354626297950745 1.0524653726111909e-14 0.02590307237399013
1258.5806884765625 0.32951030135154724 0.11713331937789917 1.0518739742074179e-14 0.025902289902845974
1258.5906982421875 0.623296856880188 0.14382104575634003 1.0512821522871713e-14 0.025905642268040145
1258.6005859375 0.7237569689750671 0.15067696571350098 1.0506971066305028e-14 0.025913268589737037
1258.610595703125 0.6593899726867676 0.14489643275737762 1.0501043529740142e-14 0.025925129296991704
1258.62060546875 0.5606558918952942 0.13718105852603912 1.0495113452076415e-14 0.025941646070330955
1258.6304931640625 0.8265891075134277 0.15675973892211914 1.048925367814731e-14 0.025962830994245203
1258.6405029296875 0.858097493648529 0.15917770564556122 1.0483318518285899e-14 0.025988460092014706
1258.6505126953125 0.9078484177589417 0.16377432644367218 1.0477381664358593e-14 0.026019284082432585
1258.660400390625 0.9442800283432007 0.1650526374578476 1.047151511416591e-14 0.026055131141974167
1258.67041015625 0.9259777665138245 0.16406451165676117 1.046557656617271e-14 0.026095579435466174
1258.680419921875 0.6629654169082642 0.1454588770866394 1.045963801817951e-14 0.026141736284747336
1258.6904296875 0.9443129301071167 0.16590112447738647 1.0453698623153363e-14 0.026193228268505297
1258.7003173828125 1.0622482299804688 0.17314912378787994 1.0447833767026574e-14 0.026249425658806794
1258.7103271484375 1.1129419803619385 0.1757322996854782 1.0441896913099269e-14 0.026311806385805648
1258.7203369140625 0.9285382032394409 0.16442319750785828 1.0435962600270805e-14 0.026379785800598365
1258.730224609375 0.9805505275726318 0.16785569489002228 1.04301028263417e-14 0.026452512504777814
1258.740234375 1.0155161619186401 0.17005044221878052 1.0424174442743867e-14 0.02653185267084043
1258.750244140625 1.0311479568481445 0.17139451205730438 1.0418248600244876e-14 0.026617003414107113
1258.7601318359375 0.6993675231933594 0.14877930283546448 1.0412398990711138e-14 0.026706876048469774
1258.7701416015625 0.7299578785896301 0.15258066356182098 1.0406482465574567e-14 0.026803743842279112
1258.7801513671875 1.0350083112716675 0.17106425762176514 1.0400570175602732e-14 0.02690657270606462
1258.7900390625 0.9351547360420227 0.16498339176177979 1.0394735812662044e-14 0.02701403914106357
1258.800048828125 0.9828026294708252 0.16918031871318817 1.038883538115147e-14 0.02712882320557346
1258.81005859375 0.9001418948173523 0.16355276107788086 1.0382942572937422e-14 0.027249662271120294
1258.8199462890625 0.8677699565887451 0.16162057220935822 1.0377127691754522e-14 0.027376570284980525
1258.8299560546875 1.1555712223052979 0.17819279432296753 1.0371249283100577e-14 0.0275078962406142
1258.8399658203125 1.0548689365386963 0.1730981022119522 1.0365378497743157e-14 0.027646890837665528
1258.849853515625 1.1586403846740723 0.1784878969192505 1.0359588180515727e-14 0.027791962653811064
1258.85986328125 0.8384026288986206 0.1585083156824112 1.0353736029883147e-14 0.027941219833461428
1258.869873046875 1.092522382736206 0.17433027923107147 1.0347893196612987e-14 0.028098337074719523
1258.8797607421875 0.9712275266647339 0.16870824992656708 1.034213252553871e-14 0.028261481600572895
1258.8897705078125 0.8211916089057922 0.15856395661830902 1.0336310868092231e-14 0.028428524350481734
1258.8997802734375 1.0388085842132568 0.17363061010837555 1.0330501069107014e-14 0.028603558805538453
1258.9097900390625 1.0425838232040405 0.17252559959888458 1.0324703128583058e-14 0.028784515492517048
1258.919677734375 1.0446828603744507 0.1720050722360611 1.0318988197287934e-14 0.02896903960197661
1258.9296875 1.129327654838562 0.17713375389575958 1.0313214820719448e-14 0.029161629990828927
1258.939697265625 0.9230741858482361 0.16633524000644684 1.0307455843711066e-14 0.029359984453521906
1258.9495849609375 1.0125510692596436 0.16948005557060242 1.0301780722964463e-14 0.029561528595583066
1258.9595947265625 0.8413698077201843 0.1602153778076172 1.0296050545076287e-14 0.02977116404750924
1258.9696044921875 1.0782320499420166 0.17592670023441315 1.0290334766748215e-14 0.029986371717321773
1258.9794921875 1.2333858013153076 0.18415476381778717 1.0284703691714869e-14 0.030204349745713916
1258.989501953125 1.0112379789352417 0.1719607710838318 1.0279020100638792e-14 0.030430403023941534
1258.99951171875 0.8742665648460388 0.16405709087848663 1.0273352603188714e-14 0.030661785483877768
1259.0093994140625 0.8785170912742615 0.16310960054397583 1.0267771503099255e-14 0.030895496058237475
1259.0194091796875 0.8616948127746582 0.1617364138364792 1.0262139581032961e-14 0.031137217812723997
1259.0294189453125 1.1004457473754883 0.17661093175411224 1.025652544665856e-14 0.031384007062283094
1259.039306640625 0.9474461674690247 0.16731789708137512 1.0250997709644778e-14 0.03163575665257971
1259.04931640625 0.8449465036392212 0.16142232716083527 1.0245421691753003e-14 0.03188921437050075
1259.059326171875 0.9144344925880432 0.1656283140182495 1.0239865155619015e-14 0.0321505437819844
1259.0692138671875 0.7109211087226868 0.15166513621807098 1.0234396710911541e-14 0.0324165285878599
1259.0792236328125 0.9500715732574463 0.16806219518184662 1.0228880832359021e-14 0.03268374844644769
1259.0892333984375 0.8494272828102112 0.16008181869983673 1.022338697666313e-14 0.032958685658696855
1259.0992431640625 0.7816957831382751 0.15596729516983032 1.0217915143823867e-14 0.0332379662782355
1259.109130859375 0.7450330853462219 0.15533988177776337 1.0212532249444066e-14 0.03351798821047474
1259.119140625 0.7478151321411133 0.15340709686279297 1.0207105309351008e-14 0.03380555950159646
1259.129150390625 0.782505214214325 0.1561836153268814 1.020170293321342e-14 0.03409713373199109
1259.1390380859375 0.7999809384346008 0.15752361714839935 1.0196388648502346e-14 0.03438896490925137
1259.1490478515625 0.7143971920013428 0.15140536427497864 1.0191034553242752e-14 0.03468814736273636
1259.1590576171875 0.7296017408370972 0.15431931614875793 1.0185705021938628e-14 0.03499098367991311
1259.1689453125 0.7163903117179871 0.15055260062217712 1.0180465276126913e-14 0.03529359944486559
1259.178955078125 0.6106030941009521 0.14510871469974518 1.0175187413832571e-14 0.035603345253781046
1259.18896484375 0.663865327835083 0.14869636297225952 1.0169936656592542e-14 0.03591639030843773
1259.1988525390625 0.490868479013443 0.13625772297382355 1.0164775684844921e-14 0.03622873996114142
1259.2088623046875 0.7146393060684204 0.15257158875465393 1.0159579137713516e-14 0.0365479857365173
1259.2188720703125 0.3735032379627228 0.12383485585451126 1.0154411389702318e-14 0.03687017182062907
1259.228759765625 0.4580608010292053 0.13302716612815857 1.0149334274216475e-14 0.0371951668778318
1259.23876953125 0.3044057786464691 0.1171976700425148 1.0144223277412743e-14 0.03751885654894489
1259.248779296875 0.2869502305984497 0.11562417447566986 1.0139142773795112e-14 0.037849103455777966
1259.2586669921875 0.27185001969337463 0.1124640554189682 1.0134154596768731e-14 0.038181803838414026
1259.2686767578125 0.25507888197898865 0.11051727086305618 1.0129135079523302e-14 0.038512737682680445
1259.2786865234375 0.16895729303359985 0.10076260566711426 1.0124146902496921e-14 0.03884996234655035
1259.28857421875 0.20239697396755219 0.10582578927278519 1.0119251052061792e-14 0.03918928217378102
1259.298583984375 0.20328976213932037 0.10489437729120255 1.0114327249539402e-14 0.03952639848340147
1259.30859375 0.08247532695531845 0.08930514007806778 1.0109436481301956e-14 0.039869523423936314
1259.318603515625 0.11697591096162796 0.09435975551605225 1.0104578747349453e-14 0.040214375218372005
1259.3284912109375 0.11649899929761887 0.09518364816904068 1.0099814187021147e-14 0.04055661108346542
1259.3385009765625 0.06493546068668365 0.08691131323575974 1.0095025062737371e-14 0.04090455900349447
1259.3485107421875 0.09975672513246536 0.09247617423534393 1.009027151383738e-14 0.04125387788009448
1259.3583984375 0.013734512031078339 0.07779450714588165 1.0085611138561587e-14 0.0416001685494184
1259.368408203125 0.1338205635547638 0.09729979187250137 1.0080928740429165e-14 0.04195187162095337
1259.37841796875 0.16934970021247864 0.1021040827035904 1.0076282764713475e-14 0.04230458287503977
1259.3883056640625 0.030837712809443474 0.08130984753370285 1.0071730809654931e-14 0.04265387992462166
1259.3983154296875 0.031314678490161896 0.08119086921215057 1.00671593728386e-14 0.04300827134266763
1259.4083251953125 0.08219961076974869 0.09022094309329987 1.0062626899537842e-14 0.04336331934146149
1259.418212890625 0.06616364419460297 0.08727742731571198 1.0058187599861282e-14 0.04371457776474552
1259.42822265625 0.04837255924940109 0.08448716998100281 1.0053733053591671e-14 0.04407059942995862
1259.438232421875 0.13509832322597504 0.09812586009502411 1.0049318317870582e-14 0.044426931465920964
1259.4481201171875 0.06561979651451111 0.08744663745164871 1.004499675577369e-14 0.04478345722780226
1259.4581298828125 0.170166015625 0.10218442976474762 1.004066248818259e-14 0.04513571339540261
1259.4681396484375 0.13454799354076385 0.0983627513051033 1.0036370572238853e-14 0.04549227607664027
1259.47802734375 0.18763518333435059 0.10402864962816238 1.0032170982886366e-14 0.0458486889546759
1259.488037109375 0.15314994752407074 0.10016278177499771 1.002796207617146e-14 0.04620048919951676
1259.498046875 0.1518539935350418 0.10117414593696594 1.0023796368136863e-14 0.04655624568166545
1259.508056640625 0.17075753211975098 0.10234885662794113 1.0019674705815523e-14 0.04691150125603128
1259.5179443359375 0.24003368616104126 0.11032886058092117 1.0015647064151329e-14 0.047261822369987494
1259.5279541015625 0.23935085535049438 0.11190732568502426 1.0011613493256504e-14 0.04761573590940644
1259.5379638671875 0.18712258338928223 0.10519443452358246 1.0007624815107884e-14 0.047968804028847095
1259.5478515625 0.20519711077213287 0.10668090730905533 1.0003730157616408e-14 0.048316617170457876
1259.557861328125 0.24010081589221954 0.11114492267370224 9.999832959026091e-15 0.048667655926604034
1259.56787109375 0.34468480944633484 0.12204014509916306 9.99598319428082e-15 0.04901750554259222
1259.5777587890625 0.26154547929763794 0.1135154515504837 9.992226603159748e-15 0.049361803762858876
1259.5877685546875 0.24019381403923035 0.11179836839437485 9.988470859071622e-15 0.04970893837377225
1259.5977783203125 0.2599473297595978 0.11529676616191864 9.98476339586149e-15 0.05005453488362052
1259.607666015625 0.6030336618423462 0.1481785625219345 9.981149106275556e-15 0.0503943010307567
1259.61767578125 0.5404702425003052 0.14195218682289124 9.977539898887305e-15 0.05073650287333905
1259.627685546875 0.4846978485584259 0.13611024618148804 9.973979819409996e-15 0.05107682341724526
1259.6375732421875 0.5560851097106934 0.14105713367462158 9.970513760589831e-15 0.05141515632056993
1259.6475830078125 0.838255763053894 0.16411083936691284 9.967054478033244e-15 0.05174728702470004
1259.6575927734375 0.6979936361312866 0.15583935379981995 9.963647711519388e-15 0.05208131038932462
1259.66748046875 0.8399044871330261 0.16468577086925507 9.960332424563834e-15 0.05241298854412621
1259.677490234375 1.110672116279602 0.1843140721321106 9.95702984310249e-15 0.05273822494071488
1259.6875 1.2141830921173096 0.1902826428413391 9.953778930650928e-15 0.05306491411240916
1259.6973876953125 0.842077374458313 0.1640600711107254 9.950621191823564e-15 0.05338892403900688
1259.7073974609375 0.8443747162818909 0.16520580649375916 9.94747869958925e-15 0.05370623775570089
1259.7174072265625 1.050799012184143 0.1772354543209076 9.944389570430614e-15 0.05402457794512145
1259.7274169921875 0.9934999346733093 0.17714472115039825 9.941357192479443e-15 0.05433988511343524
1259.7373046875 0.9376255869865417 0.17090578377246857 9.93841544705363e-15 0.054648265269795895
1259.747314453125 1.1799062490463257 0.18609483540058136 9.935493183385602e-15 0.05495721653855043
1259.75732421875 1.089768886566162 0.18137261271476746 9.932628517957988e-15 0.05526278677500383
1259.7672119140625 1.2649738788604736 0.19134511053562164 9.92985448505573e-15 0.055561217433817575
1259.7772216796875 1.0076414346694946 0.17603595554828644 9.927104169075995e-15 0.05585974169675053
1259.7872314453125 0.949099063873291 0.17315806448459625 9.924412298369621e-15 0.05615455358114812
1259.797119140625 0.5917887091636658 0.14506228268146515 9.921810213155656e-15 0.05644200084997835
1259.80712890625 1.203739047050476 0.18873505294322968 9.91923608002895e-15 0.05672907003397267
1259.817138671875 0.9866753816604614 0.17348061501979828 9.916721239208552e-15 0.05701207538875944
1259.8270263671875 1.1129095554351807 0.18136946856975555 9.91429703091351e-15 0.05728752069462747
1259.8370361328125 0.9638136029243469 0.1724330633878708 9.911902468771622e-15 0.05756209627583644
1259.8470458984375 1.0559710264205933 0.17854063212871552 9.909570587067831e-15 0.057832260463984285
1259.85693359375 0.7605410814285278 0.15796738862991333 9.907327643823502e-15 0.05809788654277626
1259.866943359375 1.0738599300384521 0.17953598499298096 9.90511942893001e-15 0.058355718593978596
1259.876953125 0.9541478753089905 0.17307832837104797 9.902973894474615e-15 0.05861199193752793
1259.8868408203125 1.023743748664856 0.17785878479480743 9.900917298478681e-15 0.05886339024172496
1259.8968505859375 0.8978039622306824 0.16920307278633118 9.898898818965374e-15 0.05910681701374543
1259.9068603515625 1.078919529914856 0.1816221922636032 9.896945560989006e-15 0.05934816054122133
1259.916748046875 1.0243359804153442 0.1757936179637909 9.895080394439152e-15 0.05958428510007077
1259.9267578125 0.9690017104148865 0.17301827669143677 9.893256732503714e-15 0.05981227629209615
1259.936767578125 1.0784133672714233 0.1793077439069748 9.891499986171108e-15 0.06003765798023799
1259.94677734375 0.8756239414215088 0.167326420545578 9.889809308408389e-15 0.06025745932665664
1259.9566650390625 0.9813255071640015 0.172455832362175 9.888205875039236e-15 0.060468988973539625
1259.9666748046875 0.9334691762924194 0.17008624970912933 9.88664987551513e-15 0.06067736136314725
1259.9766845703125 0.7704561948776245 0.15849554538726807 9.885162485659751e-15 0.06087980528284827
1259.986572265625 0.8740214705467224 0.1677030771970749 9.883761493164993e-15 0.06107385453234519
1259.99658203125 0.9640746712684631 0.17266851663589478 9.88241132264707e-15 0.06126418760839093
1260.006591796875 0.9800055623054504 0.17398518323898315 9.881131455863768e-15 0.06144824746517725
1260.0164794921875 0.909805953502655 0.16965533792972565 9.879936292375192e-15 0.06162379834429069
1260.0264892578125 0.8928202390670776 0.16826361417770386 9.878797033061135e-15 0.06179505878561677
1260.0364990234375 0.8230572938919067 0.16315367817878723 9.877729771547595e-15 0.06195971166513647
1260.04638671875 0.9127501249313354 0.16802826523780823 9.876745519262885e-15 0.06211764638678357
1260.056396484375 0.9278261065483093 0.17085710167884827 9.875822253350378e-15 0.0622669462866646
1260.06640625 0.8945097327232361 0.1680000275373459 9.874970985238388e-15 0.06241118540059119
1260.0762939453125 0.8563105463981628 0.16694429516792297 9.874203573388175e-15 0.06254838083534087
1260.0863037109375 0.7360266447067261 0.1570933759212494 9.873499689009007e-15 0.0626768693884588
1260.0963134765625 0.7368085384368896 0.15525397658348083 9.872871190562144e-15 0.06279971715686242
1260.106201171875 0.947581946849823 0.17113742232322693 9.87232316024527e-15 0.06291519110525404
1260.1162109375 0.5247226357460022 0.13996556401252747 9.871844586630072e-15 0.06302192133237525
1260.126220703125 0.5241116881370544 0.1399337351322174 9.871442245980126e-15 0.063122423819744
1260.13623046875 0.6561518907546997 0.15197424590587616 9.871116138295433e-15 0.06321524904113945
1260.1461181640625 0.46497640013694763 0.13348157703876495 9.87087049874073e-15 0.06329929765198614
1260.1561279296875 0.7343908548355103 0.16135099530220032 9.870699398085384e-15 0.06337654821425157
1260.1661376953125 0.639299213886261 0.15040327608585358 9.870606224461186e-15 0.06344582704504988
1260.176025390625 0.7880141139030457 0.16541443765163422 9.87059267193403e-15 0.06350633164621536
1260.18603515625 0.5316172242164612 0.1443149745464325 9.870657046438022e-15 0.06355947114131584
1260.196044921875 0.6821799874305725 0.15623286366462708 9.870801042039055e-15 0.06360436364340556
1260.2059326171875 0.5574283003807068 0.1443108320236206 9.871022964671235e-15 0.06364051725540376
1260.2159423828125 0.592490553855896 0.14819876849651337 9.871328743565194e-15 0.06366875892130389
1260.2259521484375 0.36365988850593567 0.12777212262153625 9.871714990589142e-15 0.06368850290484461
1260.23583984375 0.32414981722831726 0.12448012828826904 9.87217831761129e-15 0.06369959101841464
1260.245849609375 0.20980596542358398 0.11084087938070297 9.872728889027006e-15 0.06370222511756782
1260.255859375 0.323661208152771 0.1239166334271431 9.873362469671552e-15 0.0636961536600856
1260.2657470703125 0.320088267326355 0.12387367337942123 9.874070589215456e-15 0.06368131829673301
1260.2757568359375 0.18704181909561157 0.10791752487421036 9.874871035350612e-15 0.0636579885437982
1260.2857666015625 0.2625484764575958 0.11695840954780579 9.875756184780492e-15 0.0636255511081257
1260.295654296875 0.116508349776268 0.09871595352888107 9.876714179043837e-15 0.06358419691385093
1260.3056640625 0.1467660665512085 0.1028461903333664 9.877769582096116e-15 0.06353455036916698
1260.315673828125 0.05787496268749237 0.08931063115596771 9.878911382509015e-15 0.06347534492131672
1260.3255615234375 0.10599467158317566 0.09607070684432983 9.88012518072243e-15 0.06340713520655279
1260.3355712890625 0.08082973957061768 0.09279896318912506 9.881439775856569e-15 0.06333088606348537
1260.3455810546875 0.155121311545372 0.10405950248241425 9.882842462417222e-15 0.06324471231374622
1260.3555908203125 0.090925432741642 0.0938081294298172 9.884334087437337e-15 0.06314949950227654
1260.365478515625 0.10925917327404022 0.09676176309585571 9.885894322126179e-15 0.06304659588364175
1260.37548828125 0.1422177404165268 0.1009398028254509 9.88756297703227e-15 0.06293346723407843
1260.385498046875 0.09008897095918655 0.0928947851061821 9.88932141743077e-15 0.06281136801955685
1260.3953857421875 0.08974918723106384 0.09340611845254898 9.89114762046505e-15 0.06268200398971366
1260.4053955078125 0.07809378951787949 0.09230868518352509 9.893087325914263e-15 0.06254223655490368
1260.4154052734375 0.04950571060180664 0.0853889137506485 9.895118510921778e-15 0.06239367293457492
1260.42529296875 0.12805916368961334 0.10035141557455063 9.897214917466233e-15 0.062238386479611975
1260.435302734375 0.14637866616249084 0.10093153268098831 9.899429061590356e-15 0.062072650437753576
1260.4453125 0.15851488709449768 0.10251139104366302 9.901737226371624e-15 0.06189843617388713
1260.4552001953125 0.17550857365131378 0.10511045902967453 9.904108918623936e-15 0.061715905472483554
1260.4652099609375 0.14047521352767944 0.10024628043174744 9.9066034306536e-15 0.0615275808376873
1260.4752197265625 0.15750451385974884 0.10140924900770187 9.909192810373356e-15 0.061329004924084544
1260.485107421875 0.22841525077819824 0.1100563257932663 9.911844023498262e-15 0.061122658897528215
1260.4951171875 0.17748631536960602 0.10654882341623306 9.914623138598203e-15 0.06091142975074147
1260.505126953125 0.27943170070648193 0.11712712794542313 9.917498815454132e-15 0.06069035919695
1260.5150146484375 0.23714077472686768 0.11401329189538956 9.920434631649315e-15 0.06046230765069573
1260.5250244140625 0.12181341648101807 0.09786626696586609 9.923503432017217e-15 0.060230482682808624
1260.5350341796875 0.28494441509246826 0.11949912458658218 9.926670488207001e-15 0.059989525419938086
1260.5450439453125 0.33890053629875183 0.12393736094236374 9.929935800218666e-15 0.05974263190458141
1260.554931640625 0.17431938648223877 0.10445596277713776 9.933257863437798e-15 0.05949334855205572
1260.56494140625 0.22298908233642578 0.1101468950510025 9.936720534126173e-15 0.059235980279819175
1260.574951171875 0.41600659489631653 0.13030590116977692 9.940283154702325e-15 0.05897408162027728
1260.5848388671875 0.46908652782440186 0.13347956538200378 9.943900832420048e-15 0.058711463380447915
1260.5948486328125 0.43454277515411377 0.13023661077022552 9.947664199804699e-15 0.05844224685416992
1260.6048583984375 0.4657951295375824 0.13478496670722961 9.95152921114302e-15 0.058170305064270504
1260.61474609375 0.5732907652854919 0.14249108731746674 9.955446738524071e-15 0.05789970109719807
1260.624755859375 0.6946035027503967 0.15288154780864716 9.959515037769734e-15 0.057624501075628276
1260.634765625 0.9391260743141174 0.16955533623695374 9.963686675034961e-15 0.05734887142521681
1260.6446533203125 0.8176655173301697 0.16018176078796387 9.967909134277024e-15 0.057077055616150736
1260.6546630859375 0.7116633653640747 0.15310171246528625 9.972287447581381e-15 0.05680329715048058
1260.6646728515625 0.8677686452865601 0.16412591934204102 9.976769945938251e-15 0.05653197713556931
1260.674560546875 0.9192928075790405 0.16810870170593262 9.981302419239009e-15 0.05626421293392376
1260.6845703125 0.6913019418716431 0.15340015292167664 9.985994981766798e-15 0.056004363270356114
1260.694580078125 0.8155555725097656 0.16059745848178864 9.99079427044594e-15 0.05574727678625848
1260.7044677734375 0.7625520825386047 0.1567641794681549 9.995640145937183e-15 0.05549752656893109
1260.7144775390625 0.9333711266517639 0.16949526965618134 1.0000652886919034e-14 0.05525944463434424
1260.7244873046875 0.8818503022193909 0.1662205457687378 1.0005773201085186e-14 0.05502866104273236
1260.734375 0.8294119238853455 0.16255463659763336 1.0010937560964595e-14 0.05480980364723938
1260.744384765625 0.9313021302223206 0.1695975512266159 1.0016273868532297e-14 0.05460698361869112
1260.75439453125 0.8620994687080383 0.1651354283094406 1.0021720290383142e-14 0.0544169869874013
1260.764404296875 0.8143145442008972 0.15870070457458496 1.0027275979484183e-14 0.05424431041479043
1260.7742919921875 1.0176265239715576 0.17486929893493652 1.003287317319964e-14 0.05409268365501856
1260.7843017578125 0.896816611289978 0.16657060384750366 1.0038649937899914e-14 0.05396042469077814
1260.7943115234375 1.1048026084899902 0.17940767109394073 1.0044538510949226e-14 0.0538516977623063
1260.80419921875 1.051846981048584 0.17543767392635345 1.0050464353448217e-14 0.05376960002949276
1260.814208984375 1.0514405965805054 0.1753242462873459 1.0056576543195604e-14 0.05371440759711527
1260.82421875 1.1366126537322998 0.1814815104007721 1.0062801388324976e-14 0.0536896770292859
1260.8341064453125 1.1538360118865967 0.18157020211219788 1.0069061808838133e-14 0.0536975748396464
1260.8441162109375 1.0652750730514526 0.17682605981826782 1.0075513658797369e-14 0.053740750087542186
1260.8541259765625 1.3055273294448853 0.19121502339839935 1.0082080705237431e-14 0.05382187094210192
1260.864013671875 1.030781865119934 0.17480753362178802 1.008867993892949e-14 0.05394175028067345
1260.8740234375 0.9957518577575684 0.17189374566078186 1.0095476531298258e-14 0.05410589884649015
1260.884033203125 1.1300092935562134 0.18153201043605804 1.01023891671808e-14 0.05431565800259209
1260.8939208984375 1.0636252164840698 0.17589612305164337 1.0109332296249444e-14 0.05457356598822021
1260.9039306640625 0.9907343983650208 0.17283909022808075 1.0116477866192481e-14 0.05487805284375511
1260.9139404296875 0.9926902651786804 0.17137295007705688 1.0123742020748134e-14 0.055239061710195964
1260.923828125 1.073359727859497 0.17772889137268066 1.0131033280358099e-14 0.055655544641112824
1260.933837890625 1.1272788047790527 0.17935073375701904 1.0138532910073089e-14 0.05612361488210504
1260.94384765625 1.040832757949829 0.17393790185451508 1.0146151971433641e-14 0.056657023483184674
1260.953857421875 1.2098057270050049 0.1844543069601059 1.015389215850565e-14 0.057252409732087374
1260.9637451171875 1.0554273128509521 0.17511208355426788 1.0161655215467236e-14 0.05790329518690076
1260.9737548828125 0.9528732895851135 0.16803096234798431 1.0169635112863319e-14 0.05862755239772911
1260.9837646484375 0.9997876286506653 0.17229652404785156 1.017773613597086e-14 0.05941920486228518
1260.99365234375 1.0683870315551758 0.17602112889289856 1.0185859181935028e-14 0.06026887319714889
1261.003662109375 1.0013386011123657 0.17063172161579132 1.0194204150531377e-14 0.06119886337328651
1261.013671875 1.0129766464233398 0.17317120730876923 1.0202671938905079e-14 0.06220040414230893
1261.0235595703125 1.0490641593933105 0.17409586906433105 1.021115836200362e-14 0.06326099793486267
1261.0335693359375 1.1116833686828613 0.17971841990947723 1.0219873483997919e-14 0.0644077916147482
1261.0435791015625 1.0144954919815063 0.17101562023162842 1.0228713119835465e-14 0.06562896796460785
1261.053466796875 1.0122761726379395 0.17217788100242615 1.0237568002266061e-14 0.06690891379726087
1261.0634765625 0.9613828063011169 0.16791090369224548 1.0246657512823047e-14 0.06827989582377476
1261.073486328125 1.0772868394851685 0.17626436054706573 1.0255873231289174e-14 0.06972696089364182
1261.0833740234375 1.0294511318206787 0.17040106654167175 1.026510165524951e-14 0.0712505381794612
1261.0933837890625 1.0290772914886475 0.17027117311954498 1.0274569789533918e-14 0.0728309644050141
1261.1033935546875 0.9745761752128601 0.16849520802497864 1.028416667282631e-14 0.07450747582672812
1261.11328125 0.9408165812492371 0.16636160016059875 1.029377287348112e-14 0.07626125891272721
1261.123291015625 1.0410938262939453 0.17223280668258667 1.0303624713690635e-14 0.07806959476236511
1261.13330078125 0.8022162914276123 0.15741415321826935 1.0313606996974027e-14 0.07997730784442246
1261.1431884765625 1.0685839653015137 0.17521445453166962 1.032359520948805e-14 0.08196258225252942
1261.1531982421875 0.9874423146247864 0.16895554959774017 1.0333836684853302e-14 0.0839998569812165
1261.1632080078125 1.0730481147766113 0.17102062702178955 1.0344209450325378e-14 0.08613950313057132
1261.1732177734375 0.8156537413597107 0.1583072394132614 1.0354714352937226e-14 0.08835687678746493
1261.18310546875 0.9497851133346558 0.16578617691993713 1.036522010258202e-14 0.09062359888173993
1261.193115234375 0.7814454436302185 0.15480753779411316 1.0375988432440465e-14 0.09299571653883956
1261.203125 1.14998459815979 0.1775209605693817 1.038688889943868e-14 0.09544580071313111
1261.2130126953125 1.2286423444747925 0.18200601637363434 1.0397788519403948e-14 0.09794268562145846
1261.2230224609375 1.0267918109893799 0.17134279012680054 1.0408956648813496e-14 0.10054820022125233
1261.2330322265625 1.0108321905136108 0.17012985050678253 1.042025860942871e-14 0.1032321249374772
1261.242919921875 1.0759925842285156 0.17366190254688263 1.0431556334879188e-14 0.10596048218432629
1261.2529296875 1.1748201847076416 0.1791248619556427 1.0443128499004577e-14 0.10880090322947202
1261.262939453125 1.0902938842773438 0.17363709211349487 1.0454837035434473e-14 0.11172050392259109
1261.2728271484375 1.1549803018569946 0.17783008515834808 1.0466537948567844e-14 0.11468248258252407
1261.2828369140625 0.8391021490097046 0.15824370086193085 1.0478518382573809e-14 0.11776035474736306
1261.2928466796875 0.9887688755989075 0.16742999851703644 1.049063857701607e-14 0.12091844953417369
1261.302734375 0.9699798822402954 0.16641877591609955 1.0502746065964123e-14 0.12415723476827054
1261.312744140625 0.81964111328125 0.15748518705368042 1.0515141546114243e-14 0.12743615412391499
1261.32275390625 0.9832569360733032 0.1681337207555771 1.0527676786700659e-14 0.13083671091604387
1261.3326416015625 0.7367734909057617 0.1502411663532257 1.0540195933661078e-14 0.13431953667274768
1261.3426513671875 0.9659505486488342 0.16464293003082275 1.0553010695120088e-14 0.13784113342530185
1261.3526611328125 1.0805046558380127 0.1716388761997223 1.0565966064048343e-14 0.14148931839073617
1261.362548828125 0.9957454204559326 0.16696806252002716 1.0578902798251757e-14 0.14522151375697628
1261.37255859375 1.1579293012619019 0.1766335666179657 1.0592140229151448e-14 0.14899167216063713
1261.382568359375 1.0438838005065918 0.1679297387599945 1.0605519961586277e-14 0.15289349097948066
1261.392578125 0.9289340972900391 0.16063210368156433 1.0619043689622139e-14 0.1568818502232957
1261.4024658203125 1.2165004014968872 0.18049076199531555 1.0632543700735478e-14 0.160907296201502
1261.4124755859375 1.0704567432403564 0.1714598387479782 1.0646354572940459e-14 0.16507014577373824
1261.4224853515625 0.9562836289405823 0.16359937191009521 1.0660309440746474e-14 0.16932217885722825
1261.432373046875 1.2166401147842407 0.178195983171463 1.0674236356465229e-14 0.17361090579438565
1261.4423828125 0.9362642168998718 0.16228382289409637 1.0688481756572152e-14 0.17804329726373577
1261.452392578125 1.0969264507293701 0.17190130054950714 1.0702872846346002e-14 0.18256784928974953
1261.4622802734375 0.950738251209259 0.16213467717170715 1.0717232595900805e-14 0.18712894058734503
1261.4722900390625 0.9016659259796143 0.15911537408828735 1.0731916759074405e-14 0.1918402897473193
1261.4822998046875 0.8645610213279724 0.1583484262228012 1.0746748305980828e-14 0.19664736290199814
1261.4921875 0.9621413946151733 0.16364586353302002 1.0761545124536413e-14 0.2015512132939862
1261.502197265625 0.9616996049880981 0.1620837152004242 1.0776673132974375e-14 0.20649174311382876
1261.51220703125 1.072354793548584 0.16934671998023987 1.0791951066244001e-14 0.2115922213506881
1261.5220947265625 1.1191458702087402 0.17141972482204437 1.0807189188965106e-14 0.2167934663668223
1261.5321044921875 0.9885246753692627 0.16467402875423431 1.0822766124865112e-14 0.2220317680052627
1261.5421142578125 0.9569559693336487 0.16142867505550385 1.083849383262973e-14 0.22743763824116384
1261.552001953125 0.8893522024154663 0.15798912942409515 1.0854178341714038e-14 0.23294877081916887
1261.56201171875 1.1787652969360352 0.17298422753810883 1.0870208440240826e-14 0.2384972478193688
1261.572021484375 0.8390862345695496 0.15484875440597534 1.0886391004698119e-14 0.24422201847558303
1261.58203125 0.9652546048164368 0.16272179782390594 1.0902726882118866e-14 0.2500563214887931
1261.5919189453125 0.9657799005508423 0.16034060716629028 1.0919015325694566e-14 0.25592905428439006
1261.6019287109375 0.9326533675193787 0.1584613025188446 1.0935656982009271e-14 0.2619867741354396
