wave flux_norm flux_err cont_fit cont_err
1251.3045654296875 1.0258898735046387 0.2065127044916153 5.830059166282622e-15 0.0405421631943228
1251.3145751953125 0.9591203331947327 0.20266258716583252 5.822739954585397e-15 0.039802942117889005
1251.324462890625 0.8752202391624451 0.19745224714279175 5.815597349257675e-15 0.03906755944279434
1251.33447265625 0.8780860304832458 0.19828584790229797 5.8084547439299535e-15 0.03834515837429676
1251.344482421875 0.8530109524726868 0.1961175948381424 5.801401077061693e-15 0.037644211402927445
1251.3543701171875 1.175811529159546 0.21888738870620728 5.794519357881726e-15 0.03694741101360575
1251.3643798828125 0.8471135497093201 0.19713042676448822 5.787639756284126e-15 0.036263396386926876
1251.3743896484375 1.0820518732070923 0.21136997640132904 5.780847822596568e-15 0.03560024878620974
1251.38427734375 1.0032398700714111 0.20781777799129486 5.7742236014325654e-15 0.034941532321973855
1251.394287109375 0.9114845395088196 0.20419009029865265 5.7676036154332994e-15 0.03429548809390076
1251.404296875 1.471936583518982 0.24108512699604034 5.761070026794653e-15 0.033669715702572135
1251.4141845703125 0.9286339282989502 0.2020070105791092 5.754700339031301e-15 0.03304873265122582
1251.4241943359375 0.8579360246658325 0.1999901682138443 5.748337004015053e-15 0.032440306361807524
1251.4342041015625 1.082044243812561 0.21566714346408844 5.742058372293531e-15 0.031851614066169494
1251.444091796875 1.119241714477539 0.21942099928855896 5.735939829799039e-15 0.03126808418503604
1251.4541015625 1.239208459854126 0.22775378823280334 5.729829334117547e-15 0.030697060935930585
1251.464111328125 1.1252508163452148 0.21851645410060883 5.723802694697832e-15 0.030145238793933223
1251.4739990234375 1.0809696912765503 0.21479828655719757 5.717931909340413e-15 0.029599032416551804
1251.4840087890625 1.2147235870361328 0.22575481235980988 5.71207128837836e-15 0.029065262532991933
1251.4940185546875 0.9911408424377441 0.21007263660430908 5.706293253128665e-15 0.028543962736594364
1251.5040283203125 0.9223833084106445 0.20587319135665894 5.700597803591327e-15 0.028041221476183882
1251.513916015625 0.958381712436676 0.20811910927295685 5.695052278885653e-15 0.02754465994588285
1251.52392578125 0.8302793502807617 0.19812987744808197 5.689519883190662e-15 0.027060539616656627
1251.533935546875 0.9666631817817688 0.21006901562213898 5.684068379142133e-15 0.026594552824692294
1251.5438232421875 1.1324405670166016 0.21976889669895172 5.678763411793479e-15 0.02613517888799578
1251.5538330078125 1.1776087284088135 0.22609476745128632 5.6734724204884554e-15 0.025688266998078118
1251.5638427734375 0.8397414088249207 0.2002837359905243 5.668262320829894e-15 0.02525903145053904
1251.57373046875 1.0749956369400024 0.2167842984199524 5.6631936756735245e-15 0.0248368766496107
1251.583740234375 1.1569957733154297 0.22142496705055237 5.658141547659626e-15 0.02442717049523264
1251.59375 1.117608904838562 0.2212321162223816 5.65316904074277e-15 0.024034694191557973
1251.6036376953125 0.948240339756012 0.20867031812667847 5.648334176679842e-15 0.023649742549113742
1251.6136474609375 1.1084219217300415 0.22104963660240173 5.643517100308807e-15 0.02327723410472219
1251.6236572265625 0.8020870685577393 0.19585242867469788 5.6387787980018665e-15 0.02292148428383932
1251.633544921875 0.7853613495826721 0.19718825817108154 5.6341739033841185e-15 0.022573678945051526
1251.6435546875 0.9651129841804504 0.21184369921684265 5.629589337557105e-15 0.022238266575908328
1251.653564453125 0.9167220592498779 0.20797160267829895 5.625081851728291e-15 0.021919093417902272
1251.6634521484375 0.8588791489601135 0.2053510993719101 5.620703961940407e-15 0.021608237486262435
1251.6734619140625 1.0952562093734741 0.22074110805988312 5.616348095009152e-15 0.021309680795737355
1251.6834716796875 1.0664855241775513 0.22127531468868256 5.612068037526676e-15 0.021026790471354247
1251.693359375 1.177822470664978 0.2251633256673813 5.607914187953341e-15 0.020752540675230257
1251.703369140625 1.11446213722229 0.2222394198179245 5.603783631786055e-15 0.02049039579605786
1251.71337890625 1.017385721206665 0.21693848073482513 5.599727614518128e-15 0.02024030157784181
1251.723388671875 1.1364564895629883 0.22345690429210663 5.595746136149559e-15 0.020005001453120747
1251.7332763671875 0.8614451289176941 0.20544393360614777 5.5918857834924476e-15 0.01977858214477514
1251.7432861328125 0.902305543422699 0.2081187516450882 5.588050841823754e-15 0.019563913570370114
1251.7532958984375 0.8625497221946716 0.20146776735782623 5.584289168504997e-15 0.01936327051158633
1251.76318359375 1.1254565715789795 0.22015000879764557 5.580644809249436e-15 0.01917157805863427
1251.773193359375 0.7662451267242432 0.19288639724254608 5.57702797856466e-15 0.018991224993996168
1251.783203125 1.0136827230453491 0.2124996781349182 5.573482722163927e-15 0.0188240452239998
1251.7930908203125 0.9835776686668396 0.20879995822906494 5.570050968178126e-15 0.01866573782232946
1251.8031005859375 0.7641804814338684 0.19356580078601837 5.566648436829006e-15 0.018518251695634032
1251.8131103515625 1.1140216588974 0.21875005960464478 5.563316632730981e-15 0.01838298406582352
1251.822998046875 0.9192101955413818 0.20525085926055908 5.560094942916099e-15 0.018256398116716768
1251.8330078125 1.1795285940170288 0.22263894975185394 5.556902899254371e-15 0.0181399919320026
1251.843017578125 1.0578968524932861 0.2134760618209839 5.553780735810792e-15 0.018034777216109157
1251.8529052734375 1.1035608053207397 0.21669335663318634 5.550765298518567e-15 0.01793790670247522
1251.8629150390625 1.0604828596115112 0.21372710168361664 5.54778120144539e-15 0.01785048891367503
1251.8729248046875 1.0606749057769775 0.21449753642082214 5.5448657140409405e-15 0.01777315313558939
1251.8828125 1.1691546440124512 0.22186259925365448 5.542052717623109e-15 0.017703727113996322
1251.892822265625 0.9354661107063293 0.20610858500003815 5.539273179006694e-15 0.017642934808692307
1251.90283203125 0.956353485584259 0.20818307995796204 5.536560979509586e-15 0.017590493466386987
1251.912841796875 0.8510350584983826 0.19830453395843506 5.533916119131784e-15 0.017546604367310533
1251.9227294921875 0.9134431481361389 0.20428919792175293 5.5313690910593905e-15 0.017509892984720672
1251.9327392578125 0.892584502696991 0.20393399894237518 5.528857214854308e-15 0.017480647013706923
1251.9427490234375 0.890955924987793 0.20296984910964966 5.5264109837026374e-15 0.017458796676851025
1251.95263671875 1.0653834342956543 0.2159382402896881 5.5240596202410595e-15 0.017443500663496175
1251.962646484375 0.7448247075080872 0.1910310536623001 5.52174425567974e-15 0.017434771893550968
1251.97265625 0.8518012166023254 0.19892720878124237 5.519493689138885e-15 0.01743230148436175
1251.9825439453125 0.9822470545768738 0.20907969772815704 5.51733417863986e-15 0.017435730011960412
1251.9925537109375 1.1968610286712646 0.22398710250854492 5.515211937590515e-15 0.017444830385435487
1252.0025634765625 0.8977218270301819 0.20381788909435272 5.513153647528687e-15 0.01745909933096122
1252.012451171875 1.1349010467529297 0.21977461874485016 5.5111830253768996e-15 0.017478603654014994
1252.0224609375 1.0060961246490479 0.21141929924488068 5.5092509432242125e-15 0.017502911404008965
1252.032470703125 1.1566237211227417 0.22083915770053864 5.507381541509622e-15 0.0175313670585864
1252.0423583984375 1.0438408851623535 0.21556316316127777 5.505596419573284e-15 0.017564399718885314
1252.0523681640625 0.7282910346984863 0.1908920258283615 5.503850684668993e-15 0.017601415178894603
1252.0623779296875 0.9448481798171997 0.20743703842163086 5.502167206686325e-15 0.017641635955775285
1252.072265625 0.7499701380729675 0.19326171278953552 5.500564196833646e-15 0.017685803643967844
1252.082275390625 0.9025357961654663 0.2041686624288559 5.4990018445624355e-15 0.017733193477505915
1252.09228515625 1.2477383613586426 0.22786006331443787 5.497500478663427e-15 0.017783567151673493
1252.1021728515625 1.0924766063690186 0.21834582090377808 5.496076616279093e-15 0.01783602705123182
1252.1121826171875 0.9191583395004272 0.20565162599086761 5.494694682025647e-15 0.0178916444797641
1252.1221923828125 0.74815434217453 0.1909678429365158 5.49337204007851e-15 0.01794957399128356
1252.1322021484375 1.1605148315429688 0.22247333824634552 5.49210869043768e-15 0.01800886013773293
1252.14208984375 1.0939596891403198 0.21805773675441742 5.490918185630314e-15 0.018070766024641936
1252.152099609375 0.9244735836982727 0.20591139793395996 5.489771303019732e-15 0.018134379546266115
1252.162109375 1.0818673372268677 0.21496888995170593 5.48868286568251e-15 0.018198713378401635
1252.1719970703125 0.5984693169593811 0.18094651401042938 5.487663885046963e-15 0.018265172861900783
1252.1820068359375 1.073105812072754 0.21702933311462402 5.486689373641147e-15 0.01833280740201691
1252.1920166015625 1.1794782876968384 0.22449900209903717 5.485771613442797e-15 0.018400608415562663
1252.201904296875 0.9679701328277588 0.21002799272537231 5.48492076884728e-15 0.018470094968833877
1252.2119140625 1.118127703666687 0.2205638885498047 5.484115240514441e-15 0.018540281307462846
1252.221923828125 0.9487471580505371 0.20684011280536652 5.483365616356121e-15 0.01861016657607129
1252.2318115234375 0.9256590604782104 0.20644402503967285 5.4826790961523715e-15 0.018681334548246803
1252.2418212890625 0.8596698045730591 0.20351412892341614 5.4820395862771945e-15 0.018752799599012715
1252.2518310546875 0.7746495008468628 0.19586846232414246 5.481454286510642e-15 0.018823561588535015
1252.26171875 1.1396551132202148 0.22211208939552307 5.480929549599818e-15 0.018895255597836755
1252.271728515625 1.0137968063354492 0.21257375180721283 5.48045224653404e-15 0.018966888689068585
1252.28173828125 1.2704724073410034 0.2297918051481247 5.480028306543939e-15 0.019037493793335233
1252.2916259765625 1.0985960960388184 0.218452587723732 5.479661964794252e-15 0.019108705948572263
1252.3016357421875 0.9900752902030945 0.21107026934623718 5.479343480406084e-15 0.01917956337870078
1252.3116455078125 0.9292792081832886 0.20611198246479034 5.479077512060646e-15 0.01924997158805634
1252.3216552734375 1.2262917757034302 0.22723881900310516 5.478864059757938e-15 0.019318999092043442
1252.33154296875 0.9912143349647522 0.21182166039943695 5.4787035470144334e-15 0.019388266323890558
1252.341552734375 1.0577961206436157 0.21617238223552704 5.4785921621818695e-15 0.019456846522658017
1252.3515625 0.9466674327850342 0.20880171656608582 5.4785320228426145e-15 0.019523842562841075
1252.3614501953125 1.0780564546585083 0.21482962369918823 5.478522281963721e-15 0.019590839770762137
1252.3714599609375 1.098818063735962 0.21883434057235718 5.478562092512242e-15 0.019656946105951454
1252.3814697265625 1.0969781875610352 0.2181766927242279 5.4786523015211246e-15 0.019721311065188832
1252.391357421875 0.8342556953430176 0.19845889508724213 5.47878952085858e-15 0.019785465716347417
1252.4013671875 0.9903279542922974 0.2102038711309433 5.47897756217287e-15 0.0198485612061233
1252.411376953125 0.9452500343322754 0.2093087136745453 5.4792147313981014e-15 0.019909794181940596
1252.4212646484375 1.0060337781906128 0.21293310821056366 5.47949594633659e-15 0.019970632340577294
1252.4312744140625 1.1613671779632568 0.22330014407634735 5.479828830284861e-15 0.020030270629791166
1252.4412841796875 0.9900173544883728 0.2099536955356598 5.480209148078178e-15 0.020087962598812403
1252.451171875 1.2030895948410034 0.22389867901802063 5.480631394002384e-15 0.020145097395325943
1252.461181640625 0.9893283247947693 0.20963025093078613 5.481105732452847e-15 0.02020091557203608
1252.47119140625 0.8844656348228455 0.20242978632450104 5.4816262341989344e-15 0.020254732731648035
1252.4810791015625 1.0936208963394165 0.21832355856895447 5.4821861229770695e-15 0.020307848597497912
1252.4910888671875 1.0537313222885132 0.21478748321533203 5.482798527797934e-15 0.020359559154936674
1252.5010986328125 0.7732123136520386 0.19396206736564636 5.483455825365004e-15 0.02040983867329184
1252.510986328125 0.8132893443107605 0.19837342202663422 5.4841499688652786e-15 0.020458083348254122
1252.52099609375 1.1822272539138794 0.2245716154575348 5.484896628408283e-15 0.020505457005027358
1252.531005859375 0.8995375633239746 0.2031010091304779 5.4856881806974924e-15 0.020551338843192206
1252.541015625 0.9905262589454651 0.21118462085723877 5.486523355183485e-15 0.02059517868218957
1252.5509033203125 0.8789100050926208 0.2018098086118698 5.487391140437947e-15 0.020638046746766735
1252.5609130859375 0.816121518611908 0.19591297209262848 5.48831271228456e-15 0.020679372448691436
1252.5709228515625 0.9644339680671692 0.20882222056388855 5.4892774828114825e-15 0.020718673683093814
1252.580810546875 1.1152180433273315 0.21899300813674927 5.490271899491559e-15 0.02075690962384319
1252.5908203125 0.8562912344932556 0.20214712619781494 5.49132052628026e-15 0.020793573615893665
1252.600830078125 0.8575855493545532 0.19856572151184082 5.492410657683376e-15 0.020828242189844942
1252.6107177734375 0.7718731164932251 0.19473667442798615 5.493528741173752e-15 0.020861763949446045
1252.6207275390625 0.9216191172599792 0.20564541220664978 5.494700611256278e-15 0.020893697983133275
1252.6307373046875 0.8513003587722778 0.20152851939201355 5.495913562436746e-15 0.020923679477232678
1252.640625 0.5984835624694824 0.17974238097667694 5.4971515010891585e-15 0.020952446162281254
1252.650634765625 0.8769116997718811 0.20260967314243317 5.4984440733666685e-15 0.02097961874120831
1252.66064453125 0.9169828295707703 0.20576827228069305 5.4997764561926996e-15 0.02100489270765311
1252.6705322265625 0.7494956851005554 0.19352932274341583 5.501130861875359e-15 0.02102889362963791
1252.6805419921875 0.811789870262146 0.19659774005413055 5.50254032469959e-15 0.02105130466001959
1252.6905517578125 0.8335953950881958 0.20000359416007996 5.503988751039395e-15 0.021071881443577477
1252.700439453125 0.7219782471656799 0.19010448455810547 5.505456659136987e-15 0.021091138852652666
1252.71044921875 0.6390439867973328 0.18450374901294708 5.506980047892624e-15 0.02110881682283656
1252.720458984375 0.5973300933837891 0.17974112927913666 5.50854070609794e-15 0.021124921616523403
1252.73046875 0.5742518901824951 0.17755688726902008 5.510138633752935e-15 0.02113929311923138
1252.7403564453125 0.5328637957572937 0.1742037683725357 5.511752655033928e-15 0.021152292096640067
1252.7503662109375 0.5739743709564209 0.17816667258739471 5.5134230040059136e-15 0.021163742322929703
1252.7603759765625 0.3594634234905243 0.15725383162498474 5.515128928361684e-15 0.02117354096998065
1252.770263671875 0.35830268263816833 0.15701152384281158 5.516848828761084e-15 0.021181941000191037
1252.7802734375 0.48484012484550476 0.1704712212085724 5.518624633335002e-15 0.02118882065573912
1252.790283203125 0.4876137375831604 0.16985784471035004 5.520435589776232e-15 0.021194137543335788
1252.8001708984375 0.35835880041122437 0.15742646157741547 5.5222579811622496e-15 0.021198032904194634
1252.8101806640625 0.2290443331003189 0.14288672804832458 5.524137123755733e-15 0.021200447460294255
1252.8201904296875 0.3809848129749298 0.15838202834129333 5.52604930063416e-15 0.021201390960644537
1252.830078125 0.2917446196079254 0.15002791583538055 5.52797121839148e-15 0.021200901066387938
1252.840087890625 0.6160513758659363 0.1794014573097229 5.529949463839792e-15 0.02119897087725636
1252.85009765625 0.31437990069389343 0.15181007981300354 5.5319598965401e-15 0.021195668446377255
1252.8599853515625 0.528337299823761 0.17383843660354614 5.53397752902046e-15 0.021190924534999277
1252.8699951171875 0.4202944338321686 0.1639418751001358 5.536051912708286e-15 0.021184791505058552
1252.8800048828125 0.5707235336303711 0.1760738492012024 5.5381572130986864e-15 0.02117738307447279
1252.889892578125 0.7195501327514648 0.18947729468345642 5.540268019203244e-15 0.021168537202427284
1252.89990234375 0.6588281393051147 0.18398720026016235 5.542434729482321e-15 0.021158352667244664
1252.909912109375 0.8027827739715576 0.19369320571422577 5.544631932947498e-15 0.021146849027483466
1252.9197998046875 0.7404623627662659 0.19094935059547424 5.546831677511518e-15 0.021134209747100785
1252.9298095703125 0.7620465159416199 0.19242219626903534 5.549088173283003e-15 0.021120141490368064
1252.9398193359375 0.8689740300178528 0.20066210627555847 5.551373891691169e-15 0.021104813709797717
1252.9498291015625 0.8242918848991394 0.1967100352048874 5.553687985703068e-15 0.021088457043395976
1252.959716796875 0.9111433625221252 0.20339207351207733 5.556002079714966e-15 0.021070687020074017
1252.9697265625 0.9098091721534729 0.20263361930847168 5.558372924934331e-15 0.02105172160932778
1252.979736328125 0.6965954303741455 0.18722495436668396 5.560770875208008e-15 0.021031833042065715
1252.9896240234375 0.738037645816803 0.190437451004982 5.5631671314157905e-15 0.021010555175196517
1252.9996337890625 0.9893696904182434 0.2092827409505844 5.565619291798092e-15 0.02098814670372645
1253.0096435546875 0.9951741695404053 0.20936822891235352 5.5680981337182314e-15 0.020964925033665545
1253.01953125 0.910415530204773 0.20175090432167053 5.570572740473635e-15 0.020940339638190038
1253.029541015625 1.032580018043518 0.21093744039535522 5.573103251403557e-15 0.0209146967377365
1253.03955078125 1.0554466247558594 0.21279264986515045 5.575659173321897e-15 0.02088835072102368
1253.0494384765625 1.0767476558685303 0.21433964371681213 5.578208742493132e-15 0.020860675380988236
1253.0594482421875 1.0541925430297852 0.2133716493844986 5.58081463935536e-15 0.020832013665449962
1253.0694580078125 1.245684027671814 0.2254503071308136 5.583444676656585e-15 0.020802761301865695
1253.079345703125 1.159326195716858 0.2199794501066208 5.586065820111863e-15 0.020772217199504443
1253.08935546875 0.9690005779266357 0.2058209776878357 5.588743291258134e-15 0.02074076615307223
1253.099365234375 1.035335659980774 0.20827259123325348 5.5914440558104544e-15 0.02070883311131906
1253.1092529296875 1.075628399848938 0.2140001654624939 5.594134232450934e-15 0.02067565622571483
1253.1192626953125 1.2616254091262817 0.22585058212280273 5.596879889749459e-15 0.02064165155395596
1253.1292724609375 0.9666027426719666 0.20509791374206543 5.599647993421086e-15 0.020606845561145243
1253.1392822265625 1.2435555458068848 0.22459417581558228 5.602437696432868e-15 0.02057170666273436
1253.149169921875 0.8594890832901001 0.198429137468338 5.605214270433968e-15 0.020535390659688887
1253.1591796875 1.156235694885254 0.21841706335544586 5.608046325093112e-15 0.0204983569597872
1253.169189453125 0.8354939222335815 0.19775766134262085 5.610898708542991e-15 0.020461098689310855
1253.1790771484375 1.0038156509399414 0.20902091264724731 5.613736692432767e-15 0.020422723516157162
1253.1890869140625 0.8389963507652283 0.196671262383461 5.61662930994764e-15 0.020383715681792026
1253.1990966796875 1.0884637832641602 0.2131623774766922 5.6195414092203005e-15 0.02034459329418068
1253.208984375 0.9845802187919617 0.206041619181633 5.622436991350489e-15 0.02030441636672366
1253.218994140625 0.9199100136756897 0.20157894492149353 5.6253867835893024e-15 0.02026369580534764
1253.22900390625 0.8730909824371338 0.1978963315486908 5.628355210552955e-15 0.020222966182051685
1253.2388916015625 1.0013147592544556 0.20782433450222015 5.631305426308242e-15 0.020181254275372946
1253.2489013671875 1.1688342094421387 0.21913538873195648 5.634309428655679e-15 0.020139085904884113
1253.2589111328125 1.0407934188842773 0.21139538288116455 5.637330795178535e-15 0.020097014072087187
1253.268798828125 1.421129584312439 0.2341962605714798 5.640331832910657e-15 0.020054031731771838
1253.27880859375 0.9149520993232727 0.20276334881782532 5.64338665723493e-15 0.020010686603540197
1253.288818359375 0.9363593459129333 0.20173293352127075 5.6464575751852e-15 0.019967543368119487
1253.2987060546875 0.9764648675918579 0.20613209903240204 5.649506893795316e-15 0.019923565814305853
1253.3087158203125 1.1459481716156006 0.21623951196670532 5.652608728448161e-15 0.019879316418411855
1253.3187255859375 0.8953065276145935 0.1973326951265335 5.6557262332105306e-15 0.019834828466399265
1253.32861328125 0.957428514957428 0.2027110904455185 5.658820021050377e-15 0.019790675498431005
1253.338623046875 1.2697899341583252 0.22470702230930328 5.661966324932953e-15 0.019745800394602473
1253.3486328125 0.8070588707923889 0.19334174692630768 5.665126604859159e-15 0.019700778226254233
1253.358642578125 1.209594964981079 0.21919721364974976 5.668300437312521e-15 0.019656191623741503
1253.3685302734375 0.9100731015205383 0.20086368918418884 5.671448858777465e-15 0.019610969455137222
1253.3785400390625 0.9525008201599121 0.20405718684196472 5.674648525735718e-15 0.01956569258672758
1253.3885498046875 0.9714305400848389 0.20557859539985657 5.67786089818818e-15 0.01952094612202725
1253.3984375 1.178829550743103 0.21936921775341034 5.68104616558633e-15 0.019475656734443465
1253.408447265625 1.0588816404342651 0.20846615731716156 5.6842826784777884e-15 0.01943040372897842
1253.41845703125 1.0985615253448486 0.21263040602207184 5.6875302027975614e-15 0.019385773292788427
1253.4283447265625 1.139405369758606 0.2162676304578781 5.690749351513601e-15 0.019340692633645667
1253.4383544921875 1.07205069065094 0.2107483446598053 5.694018898690003e-15 0.019295741740792592
1253.4483642578125 0.8254573345184326 0.19374492764472961 5.697298186745298e-15 0.019251500503346775
1253.458251953125 0.8848634958267212 0.1976342797279358 5.700547828647439e-15 0.019206903387896095
1253.46826171875 0.9672626256942749 0.20369231700897217 5.703847021976995e-15 0.01916252877221194
1253.478271484375 0.8643206357955933 0.19689933955669403 5.707155109152496e-15 0.019118944461479524
1253.4881591796875 0.7600441575050354 0.1893402636051178 5.7104318561089495e-15 0.019075102860823354
1253.4981689453125 0.8022783994674683 0.19154435396194458 5.71375730745987e-15 0.019031573423793857
1253.5081787109375 0.799725353717804 0.19011251628398895 5.717090805623789e-15 0.01898891126692327
1253.51806640625 0.8820793032646179 0.1970791071653366 5.720391269502766e-15 0.018946089530516096
1253.528076171875 0.7192830443382263 0.18503566086292267 5.7237400142597355e-15 0.01890366638043783
1253.5380859375 0.7586545348167419 0.18773102760314941 5.7270955352802834e-15 0.018861671800192967
1253.548095703125 1.1774213314056396 0.21589967608451843 5.730457832564409e-15 0.018820637398471105
1253.5579833984375 0.9702714085578918 0.2017458826303482 5.733784977981224e-15 0.01877957505527183
1253.5679931640625 0.8398706912994385 0.19384095072746277 5.737159133726612e-15 0.018739023875514942
1253.5780029296875 1.2976728677749634 0.22359980642795563 5.7405387951861564e-15 0.018699493928016755
1253.587890625 0.9005844593048096 0.19780676066875458 5.743882457745443e-15 0.018660034661537945
1253.597900390625 0.7778002023696899 0.1884094774723053 5.747271860083881e-15 0.018621165394317133
1253.60791015625 1.0215964317321777 0.20608022809028625 5.750665921103529e-15 0.01858337277396728
1253.6177978515625 0.5721438527107239 0.17114879190921783 5.7540227126734976e-15 0.018545746737128554
1253.6278076171875 0.7341904640197754 0.18564605712890625 5.757424396989671e-15 0.018508783114518167
1253.6378173828125 0.7969240546226501 0.19015224277973175 5.7608290459211595e-15 0.0184729446275115
1253.647705078125 0.7752045392990112 0.18655483424663544 5.764195154853548e-15 0.01843736702722116
1253.65771484375 0.81743985414505 0.1892583817243576 5.7676057330156676e-15 0.018402519228922602
1253.667724609375 0.9208129644393921 0.19732896983623505 5.771018428760155e-15 0.018368834703764575
1253.6776123046875 0.6109410524368286 0.1750631332397461 5.774390890439648e-15 0.018335502948788805
1253.6876220703125 0.5475053787231445 0.1696195900440216 5.777806550799451e-15 0.018302961260372834
1253.6976318359375 0.6100547313690186 0.17386217415332794 5.781223481708675e-15 0.018271615008119114
1253.70751953125 0.4866040050983429 0.16415917873382568 5.784599331519957e-15 0.01824070565608316
1253.717529296875 0.5270883440971375 0.16764216125011444 5.788017109462128e-15 0.018210643328844277
1253.7275390625 0.6248452067375183 0.17613664269447327 5.791434887404299e-15 0.018181444231644896
1253.7374267578125 0.5665022730827332 0.1717342883348465 5.794810737215581e-15 0.01815346392325688
1253.7474365234375 0.4056485891342163 0.15459603071212769 5.7982272446083314e-15 0.018126028256266982
1253.7574462890625 0.2773808240890503 0.14337216317653656 5.801642904968134e-15 0.01809950020611838
1253.7674560546875 0.42357125878334045 0.15566816926002502 5.805056447745569e-15 0.01807420079856239
1253.77734375 0.6080611944198608 0.172768235206604 5.808427215359168e-15 0.018049514782045993
1253.787353515625 0.38295021653175354 0.15188269317150116 5.81183694648834e-15 0.01802577440770973
1253.79736328125 0.42190253734588623 0.15677927434444427 5.81524413651867e-15 0.0180032600727517
1253.8072509765625 0.5016577839851379 0.16420911252498627 5.81860685731927e-15 0.017981424995301313
1253.8172607421875 0.5430358052253723 0.16831479966640472 5.822007694602496e-15 0.017960560355373977
1253.8272705078125 0.524300217628479 0.16408075392246246 5.825404720237459e-15 0.017940910034263558
1253.837158203125 0.7477312088012695 0.1839507520198822 5.8287564296097445e-15 0.017921996203234578
1253.84716796875 0.7451775074005127 0.18411566317081451 5.832144984915235e-15 0.01790407045222471
1253.857177734375 0.6650627851486206 0.1776743084192276 5.835528458023043e-15 0.017887338019831
1253.8670654296875 0.7054725289344788 0.1818288415670395 5.8388657678352246e-15 0.017871386645468515
1253.8770751953125 0.8847217559814453 0.19578734040260315 5.842239076547665e-15 0.017856431691918622
1253.8870849609375 0.8843435645103455 0.19382233917713165 5.845606032513001e-15 0.01784263790926504
1253.89697265625 0.8040817379951477 0.18946167826652527 5.84892555463329e-15 0.01782966322365709
1253.906982421875 0.9472472667694092 0.19885258376598358 5.852279805104417e-15 0.017817683338110044
1253.9169921875 1.0447449684143066 0.20618413388729095 5.855626855795493e-15 0.01780682216069805
1253.9268798828125 0.8024367094039917 0.18916232883930206 5.8589256256085746e-15 0.017796806537653687
1253.9368896484375 0.9829598069190979 0.20065556466579437 5.862257429706599e-15 0.017787772895057848
1253.9468994140625 0.8012808561325073 0.18937598168849945 5.865581186991625e-15 0.017779714651905424
1253.9569091796875 0.7999176383018494 0.18783773481845856 5.868896050430705e-15 0.017772704290525413
1253.966796875 0.8650948405265808 0.19292868673801422 5.872161785958844e-15 0.017766560295824917
1253.976806640625 0.8843881487846375 0.1935158520936966 5.875458861706031e-15 0.017761366799690908
1253.98681640625 1.1244056224822998 0.21037375926971436 5.878746196574325e-15 0.017757156441383214
1253.9967041015625 1.0036078691482544 0.20213627815246582 5.881983556498731e-15 0.017753815859014598
1254.0067138671875 1.1047966480255127 0.20867370069026947 5.885250562576291e-15 0.017751387940500428
1254.0167236328125 1.2231864929199219 0.2168675810098648 5.88850698074201e-15 0.017749871335324106
1254.026611328125 0.8019626140594482 0.1861024796962738 5.891712576930894e-15 0.0177492158330383
1254.03662109375 0.8041067123413086 0.18486008048057556 5.894946125207037e-15 0.017749428392059168
1254.046630859375 0.8823614120483398 0.19328199326992035 5.898168238538393e-15 0.017750472444041505
1254.0565185546875 0.6944540739059448 0.17908607423305511 5.9013386828599655e-15 0.017752356692859957
1254.0665283203125 0.8203405141830444 0.18869249522686005 5.904535808719377e-15 0.017755055427335315
1254.0765380859375 1.0983461141586304 0.20836575329303741 5.907719805568106e-15 0.017758500112683467
1254.08642578125 1.0793042182922363 0.20601263642311096 5.910852133407052e-15 0.017762753625810934
1254.096435546875 1.140834093093872 0.21101048588752747 5.9140094487179426e-15 0.017767757881507314
1254.1064453125 1.0395740270614624 0.20365598797798157 5.91715236446873e-15 0.01777341495396998
1254.1163330078125 0.7940354943275452 0.18773235380649567 5.920243187693261e-15 0.017779840625379434
1254.1263427734375 1.0807584524154663 0.20442013442516327 5.9233568808073674e-15 0.017786946757488258
1254.1363525390625 1.1760265827178955 0.2110888957977295 5.926455750844897e-15 0.01779470539720817
1254.146240234375 0.896294355392456 0.19356340169906616 5.92950125780675e-15 0.017802986372863275
1254.15625 0.9774881601333618 0.19876737892627716 5.9325687876252316e-15 0.017811965561825002
1254.166259765625 0.8004488945007324 0.18476472795009613 5.935620223817715e-15 0.017821518889669565
1254.17626953125 1.074197769165039 0.206213116645813 5.938654719351254e-15 0.01783148925412446
1254.1861572265625 1.1731994152069092 0.21288730204105377 5.9416354282926416e-15 0.017842095385001415
1254.1961669921875 1.0345418453216553 0.20315873622894287 5.944635618991816e-15 0.017853189722960457
1254.2061767578125 1.2529765367507935 0.2164558470249176 5.947618021999099e-15 0.017864594280742028
1254.216064453125 1.0942277908325195 0.20521818101406097 5.950546214897757e-15 0.017876563694314018
1254.22607421875 0.9310812950134277 0.1958443820476532 5.953491771971834e-15 0.017888927189591345
1254.236083984375 1.0302634239196777 0.20166561007499695 5.956418694321071e-15 0.017901495097115486
1254.2459716796875 0.9719080924987793 0.19819484651088715 5.95929098304521e-15 0.017914546096865266
1254.2559814453125 0.7997435331344604 0.18699055910110474 5.9621793653953474e-15 0.01792789555213955
1254.2659912109375 0.9759522080421448 0.19930849969387054 5.9650474189547505e-15 0.01794134147760183
1254.27587890625 1.0170984268188477 0.19915185868740082 5.967860838889056e-15 0.01795518305221207
1254.285888671875 1.1920411586761475 0.21229174733161926 5.9706882348669905e-15 0.017969222419773945
1254.2958984375 1.1108473539352417 0.20746883749961853 5.973494455021244e-15 0.01798325198747951
1254.3057861328125 1.1618574857711792 0.20977091789245605 5.976245194517452e-15 0.01799758214510823
1254.3157958984375 0.8576971292495728 0.19184035062789917 5.979008215991396e-15 0.018012006797723287
1254.3258056640625 0.9151896238327026 0.19334293901920319 5.981749214608711e-15 0.018026315236882553
1254.335693359375 0.87962806224823 0.19256338477134705 5.984434309051507e-15 0.018040826378939778
1254.345703125 0.9627320766448975 0.19828031957149506 5.987129991406144e-15 0.018055327312501045
1254.355712890625 0.9973385334014893 0.19854579865932465 5.989801956838257e-15 0.018069784530844287
1254.36572265625 1.2395259141921997 0.21546563506126404 5.9924506288643216e-15 0.01808398717100376
1254.3756103515625 1.061564326286316 0.2054988592863083 5.995042973199393e-15 0.018098250682725397
1254.3856201171875 0.8971713185310364 0.19304430484771729 5.997643364347464e-15 0.01811236479724028
1254.3956298828125 0.8686051964759827 0.19104906916618347 6.000218768023591e-15 0.018126126184631483
1254.405517578125 1.0964415073394775 0.2084561139345169 6.002737844008725e-15 0.01813983827617386
1254.41552734375 0.8957390189170837 0.19305799901485443 6.00526284922449e-15 0.018153297330897513
1254.425537109375 0.7271960377693176 0.1797112077474594 6.00776159641889e-15 0.018166308434716377
1254.4354248046875 0.9575837850570679 0.1985030621290207 6.010204439438772e-15 0.018179159055293312
1254.4454345703125 0.8563008904457092 0.18899407982826233 6.012650670590442e-15 0.01819165145814751
1254.4554443359375 1.059022068977356 0.20462806522846222 6.0150697966878004e-15 0.018203608900724606
1254.46533203125 1.2088364362716675 0.2144070416688919 6.01743301861064e-15 0.018215291529027743
1254.475341796875 0.5670290589332581 0.16668389737606049 6.019797087566427e-15 0.0182265160988799
1254.4853515625 1.0531798601150513 0.20334254205226898 6.022133204434954e-15 0.01823712023949531
1254.4952392578125 0.8305119872093201 0.18758337199687958 6.024412993612489e-15 0.01824733645317499
1254.5052490234375 0.8910596370697021 0.19221064448356628 6.02669235927355e-15 0.018256996225765
1254.5152587890625 1.1741142272949219 0.20960161089897156 6.028942078781458e-15 0.018265962905528742
1254.525146484375 0.9355871081352234 0.19614578783512115 6.031135470598373e-15 0.018274424256811063
1254.53515625 1.169574499130249 0.21090209484100342 6.033325897799972e-15 0.018282236569301787
1254.545166015625 0.9601612091064453 0.1987936794757843 6.0354862553319445e-15 0.018289368436296867
1254.5550537109375 0.7136546969413757 0.17925983667373657 6.0375898616564505e-15 0.018295717818322725
1254.5650634765625 1.1084744930267334 0.20518964529037476 6.039688809299747e-15 0.018301412486470665
1254.5750732421875 0.8490351438522339 0.18766699731349945 6.041755993207521e-15 0.018306340940480243
1254.5850830078125 1.0093834400177002 0.20003129541873932 6.043791413379773e-15 0.018310430099653833
1254.594970703125 1.089648962020874 0.2062242180109024 6.045770082344559e-15 0.018313753741287003
1254.60498046875 1.1337679624557495 0.20899643003940582 6.04774112801282e-15 0.018316230061719195
1254.614990234375 1.0353120565414429 0.20213602483272552 6.0496791393961375e-15 0.018317820942566315
1254.6248779296875 1.013959527015686 0.20119425654411316 6.051560399571989e-15 0.018318539552975608
1254.6348876953125 1.0244532823562622 0.20079518854618073 6.053431918868948e-15 0.01831833976507773
1254.6448974609375 1.0747160911560059 0.20522935688495636 6.055269133331542e-15 0.018317215329360686
1254.65478515625 1.051997184753418 0.20221009850502014 6.0570500201031444e-15 0.01831511855268763
1254.664794921875 0.8831097483634949 0.19048896431922913 6.0588186248970114e-15 0.01831203603397174
1254.6748046875 0.9579051733016968 0.19583353400230408 6.060551654307094e-15 0.018308004638595124
1254.6846923828125 0.9936527609825134 0.19992437958717346 6.062228779542657e-15 0.018302905839641195
1254.6947021484375 0.9461743235588074 0.19489243626594543 6.063891081701644e-15 0.01829676601459798
1254.7047119140625 0.9791345596313477 0.1957174837589264 6.0655169614438984e-15 0.018289661359783837
1254.714599609375 0.9252922534942627 0.19309101998806 6.067086937011634e-15 0.018281403639880407
1254.724609375 0.9057738780975342 0.1928248405456543 6.0686395484039514e-15 0.01827205683522786
1254.734619140625 0.8236525654792786 0.18682335317134857 6.070154466830116e-15 0.01826174413376764
1254.7445068359375 1.040725588798523 0.20152197778224945 6.0716143281147085e-15 0.018250197675399076
1254.7545166015625 1.2145767211914062 0.21103182435035706 6.073053860608567e-15 0.018237531164868686
1254.7645263671875 1.3532363176345825 0.22082175314426422 6.0744552766197994e-15 0.018223731645208727
1254.7745361328125 0.9938924908638 0.19707956910133362 6.075817305598984e-15 0.018208983390467674
1254.784423828125 0.8562178015708923 0.18646132946014404 6.077124700953071e-15 0.018192914902495368
1254.79443359375 0.8547471165657043 0.18834134936332703 6.078408379384635e-15 0.01817569801742364
1254.804443359375 1.1504682302474976 0.20658843219280243 6.079652247267678e-15 0.01815756079396147
1254.8143310546875 1.125997543334961 0.202002614736557 6.080841481525623e-15 0.018138052406549924
1254.8243408203125 0.8954078555107117 0.18918538093566895 6.082004881278677e-15 0.018117393073736877
1254.8343505859375 0.6586554646492004 0.17161622643470764 6.083126776417315e-15 0.018095856309080754
1254.84423828125 0.810607373714447 0.18531189858913422 6.084194461447329e-15 0.01807291424298493
1254.854248046875 1.2630311250686646 0.21385818719863892 6.08523377087361e-15 0.01804883313030311
1254.8642578125 0.9508864283561707 0.19321252405643463 6.086231152169002e-15 0.01802393444717878
1254.8741455078125 1.1481870412826538 0.2040696144104004 6.08717432335577e-15 0.017997612144863857
1254.8841552734375 0.9545510411262512 0.19377130270004272 6.088086154323489e-15 0.017970179947992125
1254.8941650390625 1.0215023756027222 0.19889391958713531 6.088955210127372e-15 0.017942005247011866
1254.904052734375 0.8965904116630554 0.19007016718387604 6.0897704793391044e-15 0.017912409851092444
1254.9140625 1.2158434391021729 0.2114616185426712 6.0905518672329465e-15 0.017881753895364956
1254.924072265625 1.0722085237503052 0.20279431343078613 6.091288785897058e-15 0.017850449684654886
1254.9339599609375 0.8586630821228027 0.18834982812404633 6.091973188518439e-15 0.01781774650066302
1254.9439697265625 0.9995710849761963 0.1985040009021759 6.092620745206615e-15 0.017784052243160913
1254.9539794921875 0.9507662057876587 0.19515712559223175 6.093222985632113e-15 0.017749395571838
1254.9638671875 1.081496238708496 0.2035333514213562 6.093772286498407e-15 0.017714245456366465
1254.973876953125 0.8429569005966187 0.18425391614437103 6.094283047365602e-15 0.017677767598775627
1254.98388671875 1.0614521503448486 0.20258355140686035 6.0947467979042234e-15 0.017640427595139094
1254.993896484375 1.383420705795288 0.22324605286121368 6.0951635381142726e-15 0.017602735244216534
1255.0037841796875 1.108227014541626 0.20326533913612366 6.095528609314539e-15 0.017563799827494283
1255.0137939453125 0.7907420992851257 0.18473131954669952 6.0958509053509694e-15 0.0175241297306967
1255.0238037109375 1.0823047161102295 0.20437483489513397 6.096124920509406e-15 0.017484267197601367
1255.03369140625 1.0511775016784668 0.20152881741523743 6.096347690174534e-15 0.017443281210618184
1255.043701171875 1.3622692823410034 0.221310555934906 6.096525143576984e-15 0.01740171424165672
1255.0537109375 1.0380322933197021 0.199165478348732 6.096653045552019e-15 0.01736014057866671
1255.0635986328125 1.2873810529708862 0.2141927182674408 6.096730972583167e-15 0.01731759487570879
1255.0736083984375 1.051351547241211 0.20105057954788208 6.096759771703373e-15 0.01727465361497083
1255.0836181640625 1.2773427963256836 0.21518266201019287 6.096738595879692e-15 0.017231913172546152
1255.093505859375 0.9593939185142517 0.19582097232341766 6.0966674451121226e-15 0.017188392787036138
1255.103515625 1.144058108329773 0.20683512091636658 6.096545048851244e-15 0.0171446938110997
1255.113525390625 1.1755945682525635 0.2102908343076706 6.0963709835805836e-15 0.017101432308293786
1255.1234130859375 1.0161746740341187 0.19880589842796326 6.096148213915456e-15 0.01705762204301339
1255.1334228515625 0.8998249173164368 0.18988272547721863 6.09587081062523e-15 0.0170138856214804
1255.1434326171875 1.3271582126617432 0.217124342918396 6.095540467775801e-15 0.01697084627279069
1255.1533203125 1.0099025964736938 0.1999860405921936 6.095162691081325e-15 0.01692753727955815
1255.163330078125 1.0181866884231567 0.19792678952217102 6.094726892629963e-15 0.016884590829411347
1255.17333984375 0.8505287170410156 0.18795183300971985 6.0942377311029236e-15 0.01684211329771704
1255.183349609375 1.065799355506897 0.20291142165660858 6.09369435946726e-15 0.0168007205284745
1255.1932373046875 1.028658390045166 0.1979096382856369 6.093103977503024e-15 0.01675950314818114
1255.2032470703125 1.2289936542510986 0.21092167496681213 6.0924521856501115e-15 0.016719096063836134
1255.2132568359375 0.8755698204040527 0.18867190182209015 6.091744913139154e-15 0.016680095464878274
1255.22314453125 0.7387014031410217 0.17731404304504395 6.090991900849045e-15 0.0166416637131086
1255.233154296875 1.006038784980774 0.1995588093996048 6.090174090538471e-15 0.016604419375122807
1255.2431640625 1.0001581907272339 0.19831836223602295 6.089299952536905e-15 0.0165689283317773
1255.2530517578125 0.9316602945327759 0.19281277060508728 6.08838049827266e-15 0.016534451810785708
1255.2630615234375 1.0663323402404785 0.20333321392536163 6.087393281372635e-15 0.016501580956990905
1255.2730712890625 1.0538601875305176 0.20240448415279388 6.086348889748671e-15 0.01647083148056086
1255.282958984375 0.6794736385345459 0.17502158880233765 6.085260452411449e-15 0.016441593179475546
1255.29296875 0.8193232417106628 0.18730852007865906 6.084100440790184e-15 0.0164144132244381
1255.302978515625 1.0101981163024902 0.19961538910865784 6.0828824074120325e-15 0.01638974040457881
1255.3128662109375 0.933701753616333 0.19430193305015564 6.081621175353571e-15 0.01636712800856985
1255.3228759765625 0.6166719198226929 0.1732954978942871 6.080285404395751e-15 0.016347057490015162
1255.3328857421875 1.3207677602767944 0.2226279377937317 6.078890341131623e-15 0.016329894749939067
1255.3427734375 1.103502631187439 0.21008379757404327 6.077453349736606e-15 0.016315383863619103
1255.352783203125 0.8458799719810486 0.19149260222911835 6.075938854826915e-15 0.016303927302057413
1255.36279296875 0.8543437719345093 0.19337423145771027 6.074363373545022e-15 0.016295701751681824
1255.3726806640625 1.0630778074264526 0.20713619887828827 6.072747234681661e-15 0.016290920793348134
1255.3826904296875 0.9595851898193359 0.20016717910766602 6.0710497806553635e-15 0.01628964455317786
1255.3927001953125 1.0146974325180054 0.20389732718467712 6.069290493223916e-15 0.016292131384149335
1255.4027099609375 1.1112852096557617 0.21102041006088257 6.067468948870846e-15 0.016298459326173374
1255.41259765625 1.1478511095046997 0.21399036049842834 6.065608441002202e-15 0.016308961872061326
1255.422607421875 0.7543813586235046 0.18446727097034454 6.063662382805885e-15 0.016323766109662803
1255.4326171875 1.0944311618804932 0.21045257151126862 6.061653220654998e-15 0.016342785137847947
1255.4425048828125 1.1376243829727173 0.21340355277061462 6.059605518505011e-15 0.016366665628661917
1255.4525146484375 0.8330807089805603 0.19164328277111053 6.057469301412035e-15 0.01639537652759256
1255.4625244140625 0.8920880556106567 0.19549041986465454 6.055268286298595e-15 0.016428644525726215
1255.472412109375 1.061025619506836 0.2078823298215866 6.053030848768423e-15 0.016467461337410547
1255.482421875 0.9242676496505737 0.1980379819869995 6.050701084647e-15 0.016511613937957612
1255.492431640625 0.9587963223457336 0.20021061599254608 6.048305675472165e-15 0.01656062225066808
1255.5023193359375 0.8696939945220947 0.19397705793380737 6.045874690913545e-15 0.016615850449768134
1255.5123291015625 1.0553621053695679 0.20675963163375854 6.043347568115412e-15 0.01667688132953756
1255.5223388671875 0.8042992949485779 0.18901997804641724 6.0407543767473926e-15 0.016743007814992186
1255.5322265625 0.9023536443710327 0.19690921902656555 6.038126457028536e-15 0.016815998778353432
1255.542236328125 1.193508505821228 0.21651525795459747 6.035399434454851e-15 0.01689520970430503
1255.55224609375 1.3574771881103516 0.2259790599346161 6.032604649245385e-15 0.01697968551316068
1255.5621337890625 1.0130077600479126 0.20358920097351074 6.0297772532674505e-15 0.017071627052374413
1255.5721435546875 0.9358774423599243 0.19817689061164856 6.0268465192699506e-15 0.017170140270810465
1255.5821533203125 0.9146201014518738 0.19821904599666595 6.023847175603723e-15 0.017275336969005538
1255.5921630859375 0.9338436126708984 0.19823475182056427 6.0207787987522944e-15 0.01738589528550487
1255.60205078125 1.0512219667434692 0.20796655118465424 6.017679081681817e-15 0.017504633516792684
1255.612060546875 0.9084937572479248 0.1973128616809845 6.014471791427039e-15 0.01763031503446627
1255.6220703125 0.888208270072937 0.1965542435646057 6.011193773921165e-15 0.017761338974986777
1255.6319580078125 0.9970722794532776 0.20646408200263977 6.007886957295084e-15 0.017901002464496465
1255.6419677734375 1.0484009981155396 0.20886218547821045 6.0044683323199656e-15 0.018047792613364446
1255.6519775390625 0.8890742063522339 0.1969839632511139 6.000978133060804e-15 0.018199821511286247
1255.661865234375 1.1526944637298584 0.21635814011096954 5.9974599817143835e-15 0.018360881719466225
1255.671875 1.1769747734069824 0.21831844747066498 5.99382705740361e-15 0.01852916952509321
1255.681884765625 0.9353377223014832 0.19931603968143463 5.990121288259372e-15 0.01870252102906971
1255.6917724609375 0.924735963344574 0.19896690547466278 5.986388837577296e-15 0.018885221706503637
1255.7017822265625 0.9825389981269836 0.20159663259983063 5.9825378022826045e-15 0.01907518493303441
1255.7117919921875 0.9209091663360596 0.1976500004529953 5.978613075121502e-15 0.01926995855722643
1255.7216796875 0.7882232666015625 0.1856377124786377 5.974663360488455e-15 0.019474335351718712
1255.731689453125 1.099716067314148 0.2096162885427475 5.97059124959453e-15 0.01968594087971404
1255.74169921875 0.8900606036186218 0.1957215815782547 5.966444176284773e-15 0.01990204291845672
1255.7515869140625 0.7998229265213013 0.18572497367858887 5.962273809568966e-15 0.02012794360569173
1255.7615966796875 1.1679925918579102 0.2122238129377365 5.957976811427545e-15 0.02036097658313534
1255.7716064453125 0.8781046867370605 0.19126884639263153 5.9536044273538185e-15 0.020601118451910597
1255.781494140625 0.8362123370170593 0.18990987539291382 5.949210020423463e-15 0.020845248970462322
1255.79150390625 0.842416524887085 0.18919548392295837 5.944685593935704e-15 0.021099352347096915
1255.801513671875 1.1740312576293945 0.21117407083511353 5.940083663933272e-15 0.02136040345847632
1255.8115234375 1.0773158073425293 0.2057984322309494 5.935404653932639e-15 0.021625037574468098
1255.8214111328125 1.1404865980148315 0.20953086018562317 5.930706162174219e-15 0.02189971837679059
1255.8314208984375 1.0745398998260498 0.20691928267478943 5.925872568660713e-15 0.022181160128506818
1255.8414306640625 1.1203621625900269 0.20852962136268616 5.920959777566638e-15 0.022465746110283808
1255.851318359375 1.0608484745025635 0.20425714552402496 5.916030045813618e-15 0.02276042153622507
1255.861328125 1.139814019203186 0.21029488742351532 5.910960553624301e-15 0.023061646735964683
1255.871337890625 1.2483696937561035 0.21602192521095276 5.905811440337942e-15 0.0233655587029563
1255.8812255859375 1.0636897087097168 0.20472994446754456 5.900646656942059e-15 0.023679580392490324
