wave flux_norm flux_err cont_fit cont_err
1251.3023681640625 1.1752245426177979 0.18146298825740814 4.750349656549354e-15 0.037285843828403484
1251.3123779296875 0.8858972787857056 0.16166017949581146 4.749309500090126e-15 0.036592609849258155
1251.3223876953125 1.046473503112793 0.17236946523189545 4.748271884729739e-15 0.03591869439598389
1251.332275390625 0.8689528703689575 0.16259144246578217 4.747249515962403e-15 0.035247430871506294
1251.34228515625 0.7698072195053101 0.15672211349010468 4.7462169827997e-15 0.03458724853980697
1251.352294921875 0.9313459992408752 0.1671646684408188 4.745187414252313e-15 0.03394603799854414
1251.3621826171875 0.9653735160827637 0.16865652799606323 4.744172668781502e-15 0.03330798066123647
1251.3721923828125 1.0124139785766602 0.17170676589012146 4.743148182431798e-15 0.032681091943851596
1251.3822021484375 0.9164100885391235 0.16615590453147888 4.742126660697409e-15 0.03207287723378597
1251.3922119140625 1.0944421291351318 0.17627689242362976 4.741107680061862e-15 0.03146833065357683
1251.402099609375 1.0958657264709473 0.17634856700897217 4.740103946019366e-15 0.03087509360896646
1251.412109375 0.9154225587844849 0.16645611822605133 4.73909089461445e-15 0.030293233785913722
1251.422119140625 1.0956209897994995 0.17617884278297424 4.7380803843083755e-15 0.029729666634478104
1251.4320068359375 0.7704482674598694 0.15705770254135132 4.737084697078878e-15 0.02917058551002794
1251.4420166015625 1.0932419300079346 0.17660582065582275 4.7360801160034344e-15 0.028623046113408757
1251.4520263671875 0.9813485741615295 0.17042577266693115 4.7350780760268326e-15 0.028093594407124188
1251.4619140625 1.1744446754455566 0.18184158205986023 4.734091282643281e-15 0.027569259174008622
1251.471923828125 0.9500274062156677 0.16897167265415192 4.73309517189731e-15 0.027056696204528267
1251.48193359375 0.8545005321502686 0.16140936315059662 4.732102025766655e-15 0.026562020493869163
1251.4918212890625 0.9664153456687927 0.16987212002277374 4.7311241262290495e-15 0.02607313980724434
1251.5018310546875 1.0321149826049805 0.1729334443807602 4.730137332845498e-15 0.025596287941513265
1251.5118408203125 0.9512960910797119 0.1687398999929428 4.729153080560789e-15 0.025137166891131667
1251.521728515625 0.9693542718887329 0.16884829103946686 4.72818407486913e-15 0.0246845355832693
1251.53173828125 1.0357469320297241 0.1733313947916031 4.727206175331525e-15 0.02424424090623085
1251.541748046875 0.8880319595336914 0.16476593911647797 4.726231240409235e-15 0.02382150315260371
1251.5516357421875 1.1669188737869263 0.18050941824913025 4.725271552079996e-15 0.023406000292294716
1251.5616455078125 0.9391031265258789 0.16729670763015747 4.724302969904811e-15 0.023003107184217747
1251.5716552734375 1.1012951135635376 0.17718544602394104 4.723337775861414e-15 0.022617613045205046
1251.5816650390625 0.9532121419906616 0.16841712594032288 4.7223755464333335e-15 0.022240076549249938
1251.591552734375 1.1658611297607422 0.18137720227241516 4.721428563598303e-15 0.021875454460791796
1251.6015625 0.9046444892883301 0.16594518721103668 4.720472686917327e-15 0.021523802957024853
1251.611572265625 1.0612348318099976 0.1758498251438141 4.719520621884613e-15 0.021189276175631024
1251.6214599609375 0.7409041523933411 0.1565050631761551 4.718582956412002e-15 0.02086366341689949
1251.6314697265625 1.0036890506744385 0.17298747599124908 4.717637244126393e-15 0.020551259162493424
1251.6414794921875 0.9710046052932739 0.1716441661119461 4.7166949199725725e-15 0.020255670928045522
1251.6513671875 0.8932549357414246 0.1665908247232437 4.715767418895329e-15 0.019969666334849874
1251.661376953125 0.8866496682167053 0.16658854484558105 4.714831871005087e-15 0.01969699165413877
1251.67138671875 0.9585257768630981 0.17095847427845 4.713899711246633e-15 0.019440753587828083
1251.6812744140625 1.1973164081573486 0.18746963143348694 4.712982374564757e-15 0.01919463272915573
1251.6912841796875 1.069896936416626 0.17908012866973877 4.7120569910698816e-15 0.01896187268832553
1251.7012939453125 1.0611302852630615 0.1784389615058899 4.711135419223269e-15 0.018745015587054357
1251.711181640625 0.9799957871437073 0.1753704845905304 4.710228670453233e-15 0.01853868901813625
1251.72119140625 1.0543923377990723 0.17969630658626556 4.7093138748701985e-15 0.018345565695636216
1251.731201171875 0.9999500513076782 0.17555060982704163 4.7084028909354265e-15 0.01816768446747389
1251.7410888671875 1.0580265522003174 0.17921334505081177 4.707506306560758e-15 0.0180005451871258
1251.7510986328125 1.0976961851119995 0.18243351578712463 4.7066025224060375e-15 0.017846299083644088
1251.7611083984375 1.0014415979385376 0.1756044179201126 4.705702126383106e-15 0.01770644756846289
1251.77099609375 0.9177630543708801 0.17193551361560822 4.704816553436752e-15 0.017577363911233636
1251.781005859375 0.9732894897460938 0.17467258870601654 4.703923780710346e-15 0.017460653269644178
1251.791015625 0.9644725322723389 0.17493006587028503 4.7030348196322024e-15 0.017357312653309163
1251.801025390625 0.9317504167556763 0.17104282975196838 4.702149246685848e-15 0.017264549539437197
1251.8109130859375 0.9046714901924133 0.17041854560375214 4.701278496816071e-15 0.017183466109246318
1251.8209228515625 0.9809449315071106 0.1751956045627594 4.7004005471662415e-15 0.017113786617593326
1251.8309326171875 1.0729252099990845 0.18163812160491943 4.699526832681149e-15 0.017055866539313284
1251.8408203125 1.3070728778839111 0.19607695937156677 4.698667094239686e-15 0.017007967693112268
1251.850830078125 1.0901741981506348 0.18353506922721863 4.697801003051118e-15 0.0169705539854654
1251.86083984375 0.8291083574295044 0.16504916548728943 4.696938723510813e-15 0.0169435621362113
1251.8707275390625 1.1437546014785767 0.18448875844478607 4.696090420014138e-15 0.016925980537629906
1251.8807373046875 1.083034873008728 0.18303686380386353 4.6952357637703585e-15 0.01691784801360982
1251.8907470703125 1.0718275308609009 0.18135769665241241 4.694385342691315e-15 0.016918733076937517
1251.900634765625 0.7916043996810913 0.16154593229293823 4.693549321172375e-15 0.01692828993198248
1251.91064453125 1.0757557153701782 0.18360188603401184 4.692706523389857e-15 0.016946188201562386
1251.920654296875 1.0727953910827637 0.1835656464099884 4.691867960772075e-15 0.016971689428619662
1251.9305419921875 1.1781771183013916 0.18838651478290558 4.691043797714397e-15 0.0170050451952144
1251.9405517578125 1.1311196088790894 0.18500535190105438 4.690213281909614e-15 0.01704561066721753
1251.9505615234375 1.131770133972168 0.18126888573169708 4.6893870012695675e-15 0.0170923938534303
1251.96044921875 1.0222654342651367 0.17873205244541168 4.688574696673151e-15 0.0171461778929001
1251.970458984375 0.9466661214828491 0.1738874763250351 4.6877568863625766e-15 0.01720606060166692
1251.98046875 0.9816115498542786 0.1760413646697998 4.686942887700265e-15 0.01727084217132481
1251.9903564453125 0.7866755127906799 0.1624094396829605 4.686143288598057e-15 0.01734177627710274
1252.0003662109375 1.0054991245269775 0.1782754361629486 4.685337760265218e-15 0.01741774057997878
1252.0103759765625 1.068501591682434 0.18155363202095032 4.684536890613589e-15 0.01749840427588558
1252.0203857421875 0.9074678421020508 0.16994906961917877 4.683739832610223e-15 0.01758237115599163
1252.0302734375 1.089714527130127 0.1829650104045868 4.68295717416696e-15 0.01767139765298518
1252.040283203125 1.1097311973571777 0.18156711757183075 4.682168586493066e-15 0.01776415881955409
1252.05029296875 0.9235279560089111 0.1726449877023697 4.681385081016856e-15 0.017859161153147115
1252.0601806640625 0.7478967905044556 0.15905199944972992 4.680615128067802e-15 0.017958462972221416
1252.0701904296875 1.159861445426941 0.18508115410804749 4.679839669404591e-15 0.018060637552043436
1252.0802001953125 1.069783091545105 0.18012988567352295 4.679069292939063e-15 0.0181641184083564
1252.090087890625 1.0293399095535278 0.17673107981681824 4.678312469000691e-15 0.018271207294214976
1252.10009765625 1.0643641948699951 0.17776113748550415 4.677550562864636e-15 0.018380390114102977
1252.110107421875 1.0427793264389038 0.17739933729171753 4.6767933154097906e-15 0.018490067347996988
1252.1199951171875 1.1749416589736938 0.1835007667541504 4.676049620482101e-15 0.018602720667420275
1252.1300048828125 0.7732418775558472 0.15688960254192352 4.675301266873202e-15 0.01871679233754759
1252.1400146484375 0.8990722298622131 0.16729064285755157 4.674557571945513e-15 0.018830659515930447
1252.14990234375 1.1424545049667358 0.18358954787254333 4.673827853061453e-15 0.0189469433840911
1252.159912109375 1.0983308553695679 0.1807553619146347 4.673093475496184e-15 0.019064055663547904
1252.169921875 0.7572340965270996 0.15693627297878265 4.6723633330956506e-15 0.019180373667759806
1252.1798095703125 1.1677582263946533 0.18296411633491516 4.671647166738747e-15 0.01929860464139378
1252.1898193359375 1.030088186264038 0.17532548308372498 4.670926765217107e-15 0.01941715752372746
1252.1998291015625 0.9603595733642578 0.1706981360912323 4.670211445893151e-15 0.01953442369029813
1252.2098388671875 1.0883879661560059 0.17883552610874176 4.669500361733931e-15 0.019653163735462706
1252.2197265625 0.9388135075569153 0.17055125534534454 4.668802830101867e-15 0.019771787756329
1252.229736328125 0.9820544719696045 0.1734979748725891 4.6681014868215406e-15 0.019890163269499106
1252.23974609375 0.9952242970466614 0.17425373196601868 4.667404802222424e-15 0.020006737515200136
1252.2496337890625 0.8749070763587952 0.16627386212348938 4.666721670150463e-15 0.020124267605850763
1252.2596435546875 0.7560569047927856 0.15473748743534088 4.66603472643024e-15 0.020241206078157714
1252.2696533203125 0.7893173694610596 0.15992936491966248 4.6653528649077e-15 0.020356031148496972
1252.279541015625 0.8849744200706482 0.16553884744644165 4.664684132395843e-15 0.020471482960556113
1252.28955078125 0.9832499027252197 0.17202667891979218 4.664012011752197e-15 0.02058604841157579
1252.299560546875 0.9493677020072937 0.17080537974834442 4.663344973306234e-15 0.0206982634038721
1252.3094482421875 0.9672325849533081 0.17133358120918274 4.662691063870954e-15 0.020810813672726365
1252.3194580078125 1.1191127300262451 0.17947594821453094 4.662033766303884e-15 0.02092223222871327
1252.3294677734375 0.8705902099609375 0.1646660417318344 4.6613815509344986e-15 0.021031109859242246
1252.33935546875 1.0487301349639893 0.1769876331090927 4.660742464575795e-15 0.021140069676306644
1252.349365234375 0.9158738255500793 0.1682615876197815 4.6601004136017764e-15 0.02124769102956707
1252.359375 1.0345228910446167 0.1747608184814453 4.659463444825441e-15 0.021352630877544517
1252.3692626953125 0.8541287779808044 0.1643807291984558 4.6588396050597884e-15 0.02145742814096483
1252.3792724609375 0.8676007986068726 0.1655089259147644 4.658213224195294e-15 0.021560723392999675
1252.3892822265625 0.8011507391929626 0.1615479737520218 4.657591502012009e-15 0.021661234580354297
1252.399169921875 1.1337019205093384 0.1813051998615265 4.656982908839407e-15 0.02176140405742813
1252.4091796875 0.88666170835495 0.16595463454723358 4.656372198084437e-15 0.021859932196698427
1252.419189453125 0.9159301519393921 0.16892418265342712 4.655766146010676e-15 0.021955613604869795
1252.42919921875 1.1652448177337646 0.1827210783958435 4.6551660231675465e-15 0.022050774873730684
1252.4390869140625 1.001339077949524 0.17292729020118713 4.654578182302152e-15 0.02214418802290268
1252.4490966796875 1.083480954170227 0.17879435420036316 4.6539882238543894e-15 0.022235825977980767
1252.4591064453125 1.0187126398086548 0.17474272847175598 4.653403771120784e-15 0.02232457106692394
1252.468994140625 0.8512204885482788 0.16379304230213165 4.652832023881387e-15 0.022412590873632173
1252.47900390625 0.8366441130638123 0.16330586373806 4.6522581590596225e-15 0.022498754662698534
1252.489013671875 1.148792028427124 0.1831221580505371 4.651689799952015e-15 0.02258202557174099
1252.4989013671875 0.9503350853919983 0.17074671387672424 4.651134146338616e-15 0.022664436812585387
1252.5089111328125 0.9831896424293518 0.17294718325138092 4.650576798659323e-15 0.022744934683446943
1252.5189208984375 1.0676904916763306 0.17803266644477844 4.6500249566941865e-15 0.02282255340695926
1252.52880859375 0.9228048324584961 0.1675543338060379 4.6494853967067856e-15 0.02289919552540748
1252.538818359375 0.7711108922958374 0.15770535171031952 4.648944566169964e-15 0.0229738813913207
1252.548828125 0.821826159954071 0.16187195479869843 4.648409241347299e-15 0.023045723345378286
1252.5587158203125 0.9531769752502441 0.17058798670768738 4.6478861985023694e-15 0.023116485430567896
1252.5687255859375 0.9854812622070312 0.17122012376785278 4.647362308624493e-15 0.023185260621372272
1252.5787353515625 0.7875930070877075 0.15990103781223297 4.646843924460773e-15 0.02325124218467379
1252.588623046875 1.0024616718292236 0.17396394908428192 4.646337398758315e-15 0.023316051007761688
1252.5986328125 0.9213777780532837 0.1692337840795517 4.645830449539383e-15 0.02337885726376556
1252.608642578125 0.9364610910415649 0.170193612575531 4.645329429551082e-15 0.02343893073018509
1252.6185302734375 0.9036561250686646 0.1676974594593048 4.644839844507569e-15 0.02349775445256889
1252.6285400390625 0.7873926758766174 0.15977177023887634 4.644349835947583e-15 0.023554569467878796
1252.6385498046875 0.953629195690155 0.17077140510082245 4.6438661801347005e-15 0.023609377301261295
1252.6485595703125 0.8057777881622314 0.1612376570701599 4.6433880300359755e-15 0.023661549388311512
1252.658447265625 0.9866459965705872 0.17261534929275513 4.642921314882038e-15 0.02371237740929445
1252.66845703125 0.7874520421028137 0.16028213500976562 4.642455023244575e-15 0.023761208621910328
1252.678466796875 0.6556476950645447 0.1502845287322998 4.6419942373212685e-15 0.02380748591057955
1252.6883544921875 0.6734369397163391 0.15179109573364258 4.641545309859224e-15 0.023852359000775245
1252.6983642578125 0.754577100276947 0.1573657989501953 4.641096382397179e-15 0.023895251576242633
1252.7083740234375 0.5571079254150391 0.14305491745471954 4.6406538076822386e-15 0.02393568139012309
1252.71826171875 0.5072934627532959 0.1387242078781128 4.6402222443956125e-15 0.02397465744248499
1252.728271484375 0.6230023503303528 0.14812926948070526 4.639791528141934e-15 0.0240116748222185
1252.73828125 0.5555049180984497 0.14322598278522491 4.639366741118886e-15 0.024046325900686054
1252.7481689453125 0.6743408441543579 0.15090613067150116 4.6389533890406256e-15 0.02407948071062407
1252.7581787109375 0.5738864541053772 0.14364685118198395 4.638540883995313e-15 0.02411070513761824
1252.7681884765625 0.5726361274719238 0.14380206167697906 4.638134308180631e-15 0.024139670109929415
1252.778076171875 0.4575818181037903 0.1336367428302765 4.637738743794263e-15 0.02416709778031967
1252.7880859375 0.39274153113365173 0.12745456397533417 4.637344449957316e-15 0.02419263226837973
1252.798095703125 0.39103761315345764 0.12796394526958466 4.6369565088674736e-15 0.024216011506679586
1252.8079833984375 0.4411591589450836 0.1327729970216751 4.6365795792059454e-15 0.024237825723260307
1252.8179931640625 0.5906365513801575 0.14424191415309906 4.636203920093838e-15 0.024257790181966925
1252.8280029296875 0.7087432742118835 0.15248006582260132 4.635834613728835e-15 0.024275706338009986
1252.8380126953125 0.5914831757545471 0.1451004147529602 4.635471660110937e-15 0.024292034057224684
1252.847900390625 0.8196331262588501 0.16302475333213806 4.635119294404879e-15 0.02430655760293224
1252.85791015625 0.7242249846458435 0.15501685440540314 4.634768622764716e-15 0.02431929002675608
1252.867919921875 0.7891728281974792 0.16052892804145813 4.6344247273881305e-15 0.024330129440451875
1252.8778076171875 0.6416075229644775 0.14948353171348572 4.634090996406912e-15 0.024339356955723673
1252.8878173828125 0.9061354398727417 0.1679753214120865 4.633759806524536e-15 0.024346847001868024
1252.8978271484375 0.5234419703483582 0.13975436985492706 4.633434969389264e-15 0.02435255679237229
1252.90771484375 0.6078320741653442 0.1468869000673294 4.633120296649359e-15 0.024356645195560998
1252.917724609375 0.891329288482666 0.16663268208503723 4.632808588524769e-15 0.024359051215220855
1252.927734375 0.656377375125885 0.1510070562362671 4.6325028096308105e-15 0.02435979593929685
1252.9376220703125 0.5905246734619141 0.1463448852300644 4.632207618648692e-15 0.024358915530817087
1252.9476318359375 0.7245633006095886 0.15591104328632355 4.6319153922818896e-15 0.024356413675168574
1252.9576416015625 0.6397225856781006 0.15030528604984283 4.631629518662191e-15 0.024352365440885426
1252.967529296875 0.9061777591705322 0.16848360002040863 4.63135380943786e-15 0.024346694625932686
1252.9775390625 0.6928229331970215 0.15309953689575195 4.631081064828844e-15 0.02433946139499774
1252.987548828125 0.6915459036827087 0.15300750732421875 4.630815096483406e-15 0.02433080236552082
1252.9974365234375 0.8924304842948914 0.1669577807188034 4.630558869016862e-15 0.024320527908154158
1253.0074462890625 0.8255234956741333 0.16274778544902802 4.6303060296821064e-15 0.024308756484634614
1253.0174560546875 0.9924253821372986 0.17182819545269012 4.630060390127403e-15 0.0242956818580408
1253.02734375 0.9716109037399292 0.17281286418437958 4.629824067935119e-15 0.024281000159354835
1253.037353515625 0.8058789372444153 0.16074712574481964 4.6295915573910974e-15 0.02426488817298981
1253.04736328125 0.726582407951355 0.15493731200695038 4.629365823110654e-15 0.024247594815833485
1253.057373046875 0.8746871948242188 0.16547971963882446 4.6291472886102625e-15 0.024228709579015434
1253.0672607421875 0.9261102676391602 0.16769465804100037 4.628938071472291e-15 0.024208466313220715
1253.0772705078125 0.8918724656105042 0.16671687364578247 4.6287326659825816e-15 0.02418688838395885
1253.0872802734375 0.8399308919906616 0.16358092427253723 4.628534460272924e-15 0.02416428476480266
1253.09716796875 0.9906284213066101 0.17349474132061005 4.628345571925686e-15 0.024140121368584885
1253.107177734375 0.9905973076820374 0.17328041791915894 4.6281613422596585e-15 0.024114696286207517
1253.1171875 0.9744533896446228 0.17267806828022003 4.627983888857209e-15 0.02408836777503062
1253.1270751953125 0.8909754753112793 0.166921928524971 4.627815329300705e-15 0.024060506704140793
1253.1370849609375 0.8760006427764893 0.16626738011837006 4.627651851941885e-15 0.02403145868966831
1253.1470947265625 1.3054879903793335 0.19125622510910034 4.627495574363117e-15 0.024001626211019884
1253.156982421875 0.7576133012771606 0.1575479358434677 4.6273481906302944e-15 0.023970294199463633
1253.1669921875 0.9410882592201233 0.16899462044239044 4.627205889095156e-15 0.023937851530487775
1253.177001953125 0.8265431523323059 0.16285285353660583 4.627070787340069e-15 0.02390474222247859
1253.1868896484375 0.9380081295967102 0.1704707145690918 4.626944155914454e-15 0.02387016974389213
1253.1968994140625 1.1109082698822021 0.18010030686855316 4.62682345371947e-15 0.02383456858229689
1253.2069091796875 0.8252385258674622 0.16288980841636658 4.626709527788065e-15 0.02379841198634784
1253.216796875 0.8416294455528259 0.16424277424812317 4.626604495702605e-15 0.023760838376444028
1253.226806640625 0.9924706220626831 0.1727549284696579 4.626505392847776e-15 0.023722313152781022
1253.23681640625 0.9776813387870789 0.17139819264411926 4.626413066256526e-15 0.023683351102881715
1253.246826171875 1.2244720458984375 0.18709492683410645 4.6263283629618e-15 0.023643014872545214
1253.2567138671875 1.0084086656570435 0.17442657053470612 4.626252129996547e-15 0.02360181082708462
1253.2667236328125 1.058532476425171 0.17754653096199036 4.626181826261925e-15 0.023559762639986465
1253.2767333984375 0.9916090965270996 0.17387878894805908 4.6261191458238284e-15 0.02351743100381588
1253.28662109375 1.025607705116272 0.17512357234954834 4.6260645121987305e-15 0.023473791549372607
1253.296630859375 0.9914265871047974 0.17267440259456635 4.626016654837211e-15 0.02342939327655285
1253.306640625 1.0389293432235718 0.17643451690673828 4.6259759972557424e-15 0.023384821534608805
1253.3165283203125 0.8252147436141968 0.16193445026874542 4.625943386487273e-15 0.023338997876719426
1253.3265380859375 0.9072993993759155 0.16856160759925842 4.625917551982382e-15 0.023292498781511368
1253.3365478515625 0.9920105338096619 0.17328332364559174 4.625899340774016e-15 0.023245933934035113
1253.346435546875 0.9413378834724426 0.16984392702579498 4.625888752862175e-15 0.023198176751904144
1253.3564453125 0.8579248189926147 0.16545410454273224 4.62588578824686e-15 0.023149830807363984
1253.366455078125 1.0257586240768433 0.17552100121974945 4.625890023411596e-15 0.02310152022489535
1253.3763427734375 1.1913502216339111 0.18517839908599854 4.625902305389331e-15 0.023052085530295252
1253.3863525390625 0.9232142567634583 0.16903521120548248 4.625921787147118e-15 0.02300214311337312
1253.3963623046875 1.0562154054641724 0.17734840512275696 4.625949315717904e-15 0.022952340069914014
1253.40625 1.0392569303512573 0.17595452070236206 4.625983620552268e-15 0.02290147636688575
1253.416259765625 1.0079319477081299 0.17442870140075684 4.626026395716104e-15 0.022850194002990192
1253.42626953125 1.156960368156433 0.18359263241291046 4.626076794176466e-15 0.02279914802882476
1253.4361572265625 0.8916059732437134 0.16684186458587646 4.626133968900405e-15 0.022747111591191912
1253.4461669921875 0.9760141968727112 0.1712791621685028 4.626200037470291e-15 0.02269473726493912
1253.4561767578125 0.7765835523605347 0.15758083760738373 4.626273729336702e-15 0.022642698503498128
1253.4661865234375 1.0197254419326782 0.17580647766590118 4.626355044499639e-15 0.022589740812276347
1253.47607421875 0.8599280118942261 0.16374817490577698 4.626443559442627e-15 0.022536529074219998
1253.486083984375 0.8894832730293274 0.16759556531906128 4.6265405447150874e-15 0.0224830931409165
1253.49609375 0.9255164265632629 0.16853059828281403 4.626645576800547e-15 0.022430116648322045
1253.5059814453125 0.9229210019111633 0.16974274814128876 4.6267573851495845e-15 0.022376316222927187
1253.5159912109375 0.773555338382721 0.16011551022529602 4.626878087344568e-15 0.022322373837625937
1253.5260009765625 0.90913987159729 0.1679551601409912 4.627006836352551e-15 0.022268978366412326
1253.535888671875 1.0247538089752197 0.17507319152355194 4.627142361624112e-15 0.022214834121516345
1253.5458984375 0.943244457244873 0.1695406138896942 4.627287204258092e-15 0.022160631257097947
1253.555908203125 0.8243834972381592 0.16289588809013367 4.6274400937050715e-15 0.022107054636805817
1253.5657958984375 0.8402839303016663 0.16394396126270294 4.627598912382682e-15 0.02205280979684929
1253.5758056640625 0.9071629643440247 0.16776947677135468 4.627767895455659e-15 0.02199858237945316
1253.5858154296875 0.8752849102020264 0.16562695801258087 4.627944925341635e-15 0.0219450587899896
1253.595703125 0.7414885759353638 0.15643486380577087 4.628127884458242e-15 0.0218909436718153
1253.605712890625 1.0587798357009888 0.17771264910697937 4.6283214314866896e-15 0.021836926386124264
1253.61572265625 0.8905107378959656 0.1669236570596695 4.628523025328136e-15 0.021783684487545772
1253.6256103515625 0.7243393659591675 0.15558244287967682 4.62873012488374e-15 0.021729928567198277
1253.6356201171875 0.6406702995300293 0.15012606978416443 4.628948235867658e-15 0.021676343743274287
1253.6456298828125 0.5084129571914673 0.13844920694828033 4.629174393664575e-15 0.021623600158571715
1253.655517578125 0.576058566570282 0.14480066299438477 4.629406057175649e-15 0.021570423599157222
1253.66552734375 0.5087871551513672 0.13928256928920746 4.629648732115037e-15 0.02151748456516036
1253.675537109375 0.4592207074165344 0.1349198967218399 4.629899877383898e-15 0.02146545123091198
1253.685546875 0.4904121160507202 0.13826735317707062 4.6301594929822314e-15 0.021413059541067266
1253.6954345703125 0.3089675307273865 0.12109436839818954 4.6304241907782484e-15 0.021360973667630293
1253.7054443359375 0.46024084091186523 0.13465340435504913 4.630700323519053e-15 0.021309216724340038
1253.7154541015625 0.26077499985694885 0.1153419241309166 4.630984926589331e-15 0.02125843488151165
1253.725341796875 0.37724485993385315 0.1264597326517105 4.631274611857292e-15 0.02120739329515209
1253.7353515625 0.5107716917991638 0.1380457878112793 4.631576155586514e-15 0.021156742446876133
1253.745361328125 0.4256437420845032 0.13116297125816345 4.631886169645209e-15 0.02110711063304853
1253.7552490234375 0.32672572135925293 0.12122868746519089 4.632200842385114e-15 0.02105729265887943
1253.7652587890625 0.3598018288612366 0.1257670372724533 4.632528220619228e-15 0.02100791960316231
1253.7752685546875 0.37862148880958557 0.12625452876091003 4.632863645666341e-15 0.02095960713790073
1253.78515625 0.4097619950771332 0.13027535378932953 4.633203729394663e-15 0.020911173194958114
1253.795166015625 0.47514092922210693 0.1366637945175171 4.633556518617195e-15 0.02086323963390046
1253.80517578125 0.6389320492744446 0.1504959762096405 4.6339182016856724e-15 0.02081639223717499
1253.8150634765625 0.7602136731147766 0.15615186095237732 4.634284119918886e-15 0.020769493537236717
1253.8250732421875 0.6414996385574341 0.1496330201625824 4.634662743646309e-15 0.020723135666352945
1253.8350830078125 0.7929142713546753 0.15989412367343903 4.635050261219678e-15 0.020677890210315804
1253.844970703125 0.6248288750648499 0.14897838234901428 4.635442013957783e-15 0.020632650172111147
1253.85498046875 0.7264642119407654 0.15491053462028503 4.6358468957065704e-15 0.020587994564442987
1253.864990234375 1.0232865810394287 0.174835205078125 4.636261094817778e-15 0.02054446507514438
1253.875 1.0886726379394531 0.1796126514673233 4.636683764258458e-15 0.020500997318199796
1253.8848876953125 0.9070645570755005 0.16861404478549957 4.6371098218309266e-15 0.02045814150089468
1253.8948974609375 0.9741897583007812 0.17099110782146454 4.637550278963499e-15 0.02041591197055095
1253.9049072265625 0.6754565238952637 0.1519850194454193 4.637999629942017e-15 0.020374813706243892
1253.914794921875 0.8402242064476013 0.16233707964420319 4.638452369052325e-15 0.020333845855261663
1253.9248046875 0.9424472451210022 0.16970065236091614 4.6389195077227354e-15 0.020293522371711337
1253.934814453125 0.9556053876876831 0.1711176037788391 4.639395540239092e-15 0.02025432962691378
1253.9447021484375 0.9560365080833435 0.1712241768836975 4.639874537370765e-15 0.020215305723727057
1253.9547119140625 0.9543793797492981 0.1712140589952469 4.6403687810954875e-15 0.020176941011869152
1253.9647216796875 1.0230039358139038 0.173837810754776 4.6408719186661566e-15 0.020139697989858533
1253.974609375 1.0225744247436523 0.17549213767051697 4.641377597335667e-15 0.02010265693614185
1253.984619140625 0.7408971786499023 0.15664909780025482 4.6418989461147024e-15 0.020066285006566167
1253.99462890625 0.9573290348052979 0.1709132343530655 4.6424291887396836e-15 0.02003101124542898
1254.0045166015625 0.9719290137290955 0.17265494167804718 4.6429619724635066e-15 0.019995967483109608
1254.0145263671875 1.0563312768936157 0.17715203762054443 4.643510849813327e-15 0.019961592204404157
1254.0245361328125 0.8757586479187012 0.16520340740680695 4.644068621009094e-15 0.019928288100330323
1254.034423828125 1.1219757795333862 0.18062032759189606 4.6446285097872294e-15 0.019895232498120596
1254.04443359375 0.8083621859550476 0.16044317185878754 4.645204492191362e-15 0.019862837173018347
1254.054443359375 0.8900740742683411 0.16671885550022125 4.645790215474389e-15 0.019831480044723734
1254.0643310546875 0.8718149065971375 0.16527904570102692 4.6463776328233095e-15 0.01980038141864254
1254.0743408203125 1.1399401426315308 0.18098662793636322 4.646981567314702e-15 0.019769925278819857
1254.0843505859375 1.072849154472351 0.1772981584072113 4.647594819168514e-15 0.01974046666855676
1254.0943603515625 1.0047513246536255 0.17393739521503448 4.648217388384746e-15 0.019711267196609445
1254.104248046875 0.8889837265014648 0.1666097491979599 4.648842075183346e-15 0.019682687738051794
1254.1142578125 1.0047667026519775 0.1728561371564865 4.6494832791244174e-15 0.01965471799969848
1254.124267578125 1.0722944736480713 0.17750456929206848 4.650134223944382e-15 0.019627676814588636
1254.1341552734375 0.8384092450141907 0.16337113082408905 4.650786439313768e-15 0.019600887368443322
1254.1441650390625 0.8241400122642517 0.1617460399866104 4.651456442375046e-15 0.01957467312387174
1254.1541748046875 0.9207562804222107 0.1683686524629593 4.652135762798744e-15 0.019549330210710963
1254.1640625 1.054320216178894 0.17549271881580353 4.6528159302553895e-15 0.019524221260751224
1254.174072265625 0.8701875805854797 0.1658295840024948 4.653514308920401e-15 0.0194996464222841
1254.18408203125 1.1399658918380737 0.1809028685092926 4.6542220049478316e-15 0.019475881410314057
1254.1939697265625 1.252846360206604 0.18865777552127838 4.6549309715246835e-15 0.01945232265843279
1254.2039794921875 1.034369945526123 0.17624858021736145 4.655658149309901e-15 0.01942924976967533
1254.2139892578125 0.8880030512809753 0.16616952419281006 4.656394644457539e-15 0.019406920279766118
1254.223876953125 1.1186083555221558 0.18086962401866913 4.657131986638124e-15 0.019384761543858386
1254.23388671875 1.021801471710205 0.17414650321006775 4.657887963543548e-15 0.01936303595425274
1254.243896484375 1.2116745710372925 0.18688426911830902 4.658653681327866e-15 0.01934197912853163
1254.2537841796875 0.9204608201980591 0.16581949591636658 4.659419822628658e-15 0.019321053046872847
1254.2637939453125 0.8833770751953125 0.16643182933330536 4.660205022170762e-15 0.01930049806473302
1254.2738037109375 1.0833590030670166 0.17803476750850677 4.6609999625917605e-15 0.01928053952411592
1254.28369140625 1.0974836349487305 0.17987526953220367 4.661795326529232e-15 0.019260658775884492
1254.293701171875 1.0811210870742798 0.17814451456069946 4.662609748708017e-15 0.019241085528820527
1254.3037109375 1.034111738204956 0.17456915974617004 4.663434335282169e-15 0.019221796289232734
1254.313720703125 1.0819453001022339 0.17737826704978943 4.664268662735215e-15 0.01920299740198114
1254.3236083984375 0.9008780717849731 0.16668473184108734 4.66510299018826e-15 0.0191842005741342
1254.3336181640625 1.0352672338485718 0.17511971294879913 4.665957222915566e-15 0.019165616168963673
1254.3436279296875 1.017084002494812 0.17431284487247467 4.666821620038239e-15 0.019147440870069893
1254.353515625 1.014844536781311 0.17468176782131195 4.667685170127965e-15 0.019129203043396003
1254.363525390625 1.1963855028152466 0.18499773740768433 4.668569049008425e-15 0.019111102618974928
1254.37353515625 1.1171749830245972 0.17802339792251587 4.6694635158007255e-15 0.019093331079031488
1254.3834228515625 0.9380485415458679 0.16798415780067444 4.670356712043605e-15 0.019075426911243552
1254.3934326171875 1.1333751678466797 0.17976848781108856 4.671271084110166e-15 0.019057580213310388
1254.4034423828125 0.9339122772216797 0.16907180845737457 4.672195620572094e-15 0.01903998640727478
1254.413330078125 0.9694275856018066 0.17084239423274994 4.6731188864846014e-15 0.01902217890667811
1254.42333984375 1.1135673522949219 0.18042069673538208 4.67406332822079e-15 0.019004350811263268
1254.433349609375 1.1343204975128174 0.18074007332324982 4.675018357868819e-15 0.018986693062331077
1254.4432373046875 0.9979774355888367 0.17237114906311035 4.675971693450954e-15 0.018968742114620178
1254.4532470703125 1.09903085231781 0.1789313107728958 4.676947051889717e-15 0.018950691766368235
1254.4632568359375 0.851609468460083 0.16319333016872406 4.6779325747238476e-15 0.01893273462177984
1254.47314453125 0.982490599155426 0.17244470119476318 4.6789164034920835e-15 0.018914399529004013
1254.483154296875 0.7674839496612549 0.1570121943950653 4.679922255116948e-15 0.018895883884271294
1254.4931640625 1.2293156385421753 0.18612752854824066 4.680938694653653e-15 0.018877385495816162
1254.503173828125 0.8815403580665588 0.1654234379529953 4.681965722102199e-15 0.018858426015945076
1254.5130615234375 0.8494802117347717 0.16345424950122833 4.682990208451903e-15 0.018839201348874037
1254.5230712890625 1.2622805833816528 0.18802441656589508 4.6840379882076566e-15 0.018819687778189986
1254.5330810546875 1.264491081237793 0.18754874169826508 4.685095932358777e-15 0.018800102181487147
1254.54296875 0.8335214853286743 0.1617928147315979 4.686151335411056e-15 0.018779934246304045
1254.552978515625 0.8170633316040039 0.16027459502220154 4.6872300318693844e-15 0.01875939731928512
1254.56298828125 0.7674845457077026 0.15767276287078857 4.688319739756027e-15 0.018738726272001478
1254.5728759765625 1.0100756883621216 0.17405520379543304 4.689406059510881e-15 0.018717381948407226
1254.5828857421875 0.8804774284362793 0.1650211215019226 4.690516519704731e-15 0.018695595143948165
1254.5928955078125 0.996760368347168 0.1718670278787613 4.691637567810422e-15 0.018673614361488934
1254.602783203125 1.0933449268341064 0.17825305461883545 4.692755227784324e-15 0.01865087368817691
1254.61279296875 1.1897090673446655 0.1842653900384903 4.693897451713697e-15 0.01862761738976643
1254.622802734375 0.9747191071510315 0.17190226912498474 4.69505026355491e-15 0.0186041173065279
1254.6326904296875 1.2108639478683472 0.1840096414089203 4.696199687264334e-15 0.018579771462804626
1254.6427001953125 1.4565831422805786 0.1977081447839737 4.697373674929228e-15 0.018554843240878704
1254.6527099609375 1.1246248483657837 0.18018531799316406 4.698558674022437e-15 0.01852962923143294
1254.66259765625 0.9446818828582764 0.16929008066654205 4.699739861467383e-15 0.018503482799534874
1254.672607421875 0.9918367862701416 0.17192508280277252 4.700946036384273e-15 0.018476697176384654
1254.6826171875 0.9947341680526733 0.17149952054023743 4.702163222729478e-15 0.018449588360826948
1254.6925048828125 0.995272159576416 0.17122989892959595 4.703376173909946e-15 0.0184214707901181
1254.7025146484375 1.0118755102157593 0.17173661291599274 4.704614959595305e-15 0.01839265657166057
1254.7125244140625 0.9438980221748352 0.16853982210159302 4.705864756708979e-15 0.018363496895327135
1254.7225341796875 1.1569474935531616 0.1806269735097885 4.7071251417344934e-15 0.018333254588703298
1254.732421875 0.8123106956481934 0.16037940979003906 4.7083812915952716e-15 0.018302272141415117
1254.742431640625 1.1053317785263062 0.1783873289823532 4.7096636994774146e-15 0.01827053586967205
1254.75244140625 0.9750125408172607 0.17061734199523926 4.710957118787872e-15 0.018238436817590728
1254.7623291015625 0.8441616892814636 0.16219064593315125 4.712245455900646e-15 0.018205168004217398
1254.7723388671875 0.8776344060897827 0.1637212336063385 4.713560898067732e-15 0.018171115315648165
1254.7823486328125 1.025256633758545 0.17327159643173218 4.714886928146658e-15 0.018136698676765057
1254.792236328125 1.104512333869934 0.17781402170658112 4.716208299544375e-15 0.01810106036842158
1254.80224609375 0.9064061045646667 0.16651511192321777 4.717556775996404e-15 0.018064617672128518
1254.812255859375 1.0871336460113525 0.17654620110988617 4.718916263876747e-15 0.01802782202636574
1254.8221435546875 0.7424979209899902 0.15494775772094727 4.720270246042933e-15 0.01798976444333659
1254.8321533203125 0.954651415348053 0.16920322179794312 4.721651756779905e-15 0.017950894842896255
1254.8421630859375 0.9710081815719604 0.17037607729434967 4.723045125978138e-15 0.01791169902498653
1254.85205078125 0.9071275591850281 0.16577517986297607 4.724432142429267e-15 0.017871214913903952
1254.862060546875 0.7762555480003357 0.15784607827663422 4.725847534484129e-15 0.01782992150322192
1254.8720703125 1.168099045753479 0.1816605180501938 4.727273937967305e-15 0.017788346788841076
1254.8819580078125 0.8733787536621094 0.1636202037334442 4.7286944122198506e-15 0.017745467606340572
1254.8919677734375 0.9878366589546204 0.17043299973011017 4.730143685592603e-15 0.01770180527321155
1254.9019775390625 1.0360735654830933 0.17428536713123322 4.731603970393669e-15 0.017657917070517972
1254.9119873046875 1.1323626041412354 0.17998436093330383 4.733076113655997e-15 0.017612734012983536
1254.921875 0.8873138427734375 0.16435277462005615 4.734541480654747e-15 0.01756680475198118
1254.931884765625 1.0043230056762695 0.17132079601287842 4.736036070290177e-15 0.01752015059712333
1254.94189453125 1.1185401678085327 0.1779654324054718 4.737542094870395e-15 0.01747337419914117
1254.9517822265625 1.1355202198028564 0.17896680533885956 4.739040919670562e-15 0.01742534303977968
1254.9617919921875 0.8073192238807678 0.158278226852417 4.740569814140356e-15 0.017376653284885156
1254.9718017578125 0.823890745639801 0.15995952486991882 4.7421105670714114e-15 0.01732793999055675
1254.981689453125 1.01944100856781 0.17303137481212616 4.743643696705942e-15 0.017278028481514645
1254.99169921875 1.083137035369873 0.1761128306388855 4.7452068960100995e-15 0.017227552448404418
1255.001708984375 0.9373040795326233 0.16751568019390106 4.746781953775519e-15 0.017177171152065986
1255.0115966796875 0.9381926655769348 0.16657938063144684 4.748349388244413e-15 0.01712567841412683
1255.0216064453125 1.2346619367599487 0.18464955687522888 4.749947739415882e-15 0.017073737308356755
1255.0316162109375 1.0529664754867554 0.17483550310134888 4.751557525532139e-15 0.017022033188574502
1255.04150390625 0.8599188327789307 0.1610182523727417 4.7531592648353965e-15 0.016969335168912168
1255.051513671875 0.8747418522834778 0.1632375419139862 4.7547927678741764e-15 0.01691633352831537
1255.0615234375 0.9010180830955505 0.16342510282993317 4.756437705857744e-15 0.01686373115110731
1255.0714111328125 1.0205116271972656 0.17240160703659058 4.7580741735118396e-15 0.01681028903388074
1255.0814208984375 1.005598545074463 0.17062543332576752 4.759742404901457e-15 0.016756716924252534
1255.0914306640625 1.2332826852798462 0.1849799007177353 4.761422494752336e-15 0.016703734060462473
1255.101318359375 0.8866860270500183 0.16211125254631042 4.763094114273742e-15 0.016650100311647233
1255.111328125 1.1753288507461548 0.18172161281108856 4.764797921047144e-15 0.016596545615042563
1255.121337890625 1.2473106384277344 0.18578198552131653 4.766513586281808e-15 0.016543795003600762
1255.13134765625 0.8280299305915833 0.15990136563777924 4.768241109977733e-15 0.016490629084481265
1255.1412353515625 1.1326191425323486 0.17803214490413666 4.769959316311238e-15 0.016437781386836846
1255.1512451171875 0.9832835793495178 0.16810698807239532 4.77171098044616e-15 0.01638534618160176
1255.1612548828125 0.9853286147117615 0.17023061215877533 4.77347407952587e-15 0.016334043559461792
1255.171142578125 0.9012113809585571 0.1645575910806656 4.77522786124316e-15 0.016282707133144936
1255.18115234375 0.8805503845214844 0.1635681390762329 4.777015100761867e-15 0.01623207470287739
1255.191162109375 0.7799723744392395 0.15726979076862335 4.7788146222583084e-15 0.01618285595019845
1255.2010498046875 1.0962347984313965 0.17645715177059174 4.780603979359383e-15 0.01613394458037363
1255.2110595703125 0.943858802318573 0.16665588319301605 4.782427641294822e-15 0.016086072399028994
1255.2210693359375 0.9005137085914612 0.16437141597270966 4.784263161691522e-15 0.01603992143498579
1255.23095703125 0.6756191849708557 0.14871348440647125 4.786088094176381e-15 0.01599447533835783
1255.240966796875 1.0635985136032104 0.1736922264099121 4.7879481785285515e-15 0.015950442062695254
1255.2509765625 0.9010013937950134 0.16410678625106812 4.7898201213419835e-15 0.015908462970159284
1255.2608642578125 0.9977421164512634 0.1693861335515976 4.791681476243575e-15 0.015867640528051015
1255.2708740234375 0.9841755628585815 0.16893638670444489 4.793577983012477e-15 0.0158286431814943
1255.2808837890625 1.026330590248108 0.17076431214809418 4.795486348242641e-15 0.015792059810229606
1255.290771484375 0.8188722729682922 0.158649742603302 4.7973841255609644e-15 0.01575713492702551
1255.30078125 0.8841497302055359 0.16417574882507324 4.799317054746599e-15 0.015724489831234072
1255.310791015625 0.9426290392875671 0.16583234071731567 4.801262689426442e-15 0.015694636890992618
1255.3206787109375 0.8636135458946228 0.15927620232105255 4.803196889161497e-15 0.015666998479135774
1255.3306884765625 1.093748688697815 0.17671287059783936 4.8051670877968106e-15 0.01564212648524885
1255.3406982421875 1.143073558807373 0.17891839146614075 4.807149568409859e-15 0.015620439743047514
1255.3507080078125 0.7992229461669922 0.15727689862251282 4.809144754517117e-15 0.015601571788640585
1255.360595703125 1.2833466529846191 0.18599766492843628 4.811127658646639e-15 0.015585985120197614
1255.37060546875 0.8820630311965942 0.16295397281646729 4.8131478322258406e-15 0.015573857956880991
1255.380615234375 0.8196101784706116 0.15900854766368866 4.815180287782777e-15 0.015565448047287645
1255.3905029296875 1.0571197271347046 0.17407789826393127 4.817200461361979e-15 0.015560726978799918
1255.4005126953125 1.213678240776062 0.18277660012245178 4.8192579043908595e-15 0.01556000474063887
1255.4105224609375 0.892055869102478 0.16295263171195984 4.821328052913949e-15 0.015563393773461803
1255.42041015625 0.9772589206695557 0.16845068335533142 4.823385072426356e-15 0.015571157921909488
1255.430419921875 1.1855270862579346 0.18055930733680725 4.825480631937863e-15 0.015583463343987247
1255.4404296875 0.9656871557235718 0.16848531365394592 4.8275884734271055e-15 0.015600254607214
1255.4503173828125 0.9296957850456238 0.16516564786434174 4.8296831859056654e-15 0.015622121977659574
1255.4603271484375 0.8745081424713135 0.16059650480747223 4.831816438383325e-15 0.015649065925792426
1255.4703369140625 0.8076056838035583 0.1563507616519928 4.833962396355194e-15 0.015680836020026682
1255.480224609375 1.1301157474517822 0.17559023201465607 4.836094378283433e-15 0.015718386744065626
1255.490234375 1.0683549642562866 0.17269770801067352 4.838266170760193e-15 0.015761521657875956
1255.500244140625 1.0641977787017822 0.1718216836452484 4.8404502452146884e-15 0.015809778191269212
1255.5101318359375 1.1106570959091187 0.17472052574157715 4.842620343625554e-15 0.01586450020214445
1255.5201416015625 1.0686171054840088 0.17212720215320587 4.8448302525849404e-15 0.01592528108926929
1255.5301513671875 0.9867343902587891 0.1682266891002655 4.847052867038536e-15 0.01599141357128415
1255.5401611328125 0.8396510481834412 0.15837432444095612 4.8492886105028134e-15 0.01606466997144478
1255.550048828125 0.8997994065284729 0.1626025140285492 4.851509530890514e-15 0.016144402197834428
1255.56005859375 1.1390262842178345 0.17710387706756592 4.853771108859683e-15 0.016230740421201786
1255.570068359375 0.951144814491272 0.16354788839817047 4.856045392323061e-15 0.016322624915714994
1255.5799560546875 0.8850672245025635 0.16073617339134216 4.858304852709862e-15 0.016422434072868596
1255.5899658203125 0.803909182548523 0.1555645614862442 4.860604970678131e-15 0.016529178034099586
1255.5999755859375 1.1829313039779663 0.17948217689990997 4.862918641173556e-15 0.01664151970348407
1255.60986328125 0.7247301340103149 0.15150418877601624 4.865216641559457e-15 0.01676231881302589
1255.619873046875 0.9051802158355713 0.16275669634342194 4.867556146559773e-15 0.01689030665174195
1255.6298828125 0.8826309442520142 0.16284695267677307 4.869908780570772e-15 0.017023856938215242
1255.6397705078125 0.9700714349746704 0.1665358692407608 4.872245320955773e-15 0.017166329335001358
1255.6497802734375 1.0486056804656982 0.17134548723697662 4.874624212988137e-15 0.017316165034190333
1255.6597900390625 1.140679121017456 0.17751480638980865 4.877016234031183e-15 0.017471446512867674
1255.669677734375 0.7494063973426819 0.1519290655851364 4.879392161448231e-15 0.017636043985476822
1255.6796875 1.0063036680221558 0.1691538244485855 4.881810440512642e-15 0.017808102233224685
1255.689697265625 0.9992249608039856 0.1690131425857544 4.8842422721042094e-15 0.0179854089269548
1255.6995849609375 0.713379442691803 0.1506340652704239 4.8866571630368314e-15 0.018172352193168675
1255.7095947265625 0.9949173331260681 0.16914214193820953 4.889115252649763e-15 0.018366788217711875
1255.7196044921875 0.7525883316993713 0.15459534525871277 4.8915868947898514e-15 0.01856620157560385
1255.7294921875 1.0579429864883423 0.17327527701854706 4.8940415962709944e-15 0.018775506192140263
1255.739501953125 0.9322667121887207 0.1647532880306244 4.896539496432447e-15 0.018992269957780555
1255.74951171875 1.2120702266693115 0.18216297030448914 4.89905137263753e-15 0.01921368123598247
1255.759521484375 0.9530599117279053 0.1663806438446045 4.901576377853295e-15 0.019445182706048725
1255.7694091796875 1.0164296627044678 0.17096318304538727 4.904084018893641e-15 0.019684049845703044
1255.7794189453125 0.9582903385162354 0.16683749854564667 4.906635705647245e-15 0.01993023826161828
1255.7894287109375 0.9326716065406799 0.16267062723636627 4.909201368444478e-15 0.02018056517440155
1255.79931640625 1.0168421268463135 0.1688985973596573 4.9117488200333456e-15 0.020441175735954945
1255.809326171875 1.0975770950317383 0.17405258119106293 4.914341164368417e-15 0.020708949242952884
1255.8193359375 0.8942416906356812 0.16143852472305298 4.916947061230645e-15 0.02098044618260503
1255.8292236328125 1.2503995895385742 0.1821383684873581 4.919534746884507e-15 0.02126231713729667
1255.8392333984375 0.7551896572113037 0.15198561549186707 4.922168172317521e-15 0.021551172613448657
1255.8492431640625 0.9905170202255249 0.16578824818134308 4.924814726761217e-15 0.021843306268295868
1255.859130859375 0.7019129991531372 0.1483059823513031 4.927443069996547e-15 0.022145864728749708
1255.869140625 0.9003300666809082 0.16095282137393951 4.930117153011029e-15 0.02245521984731856
1255.879150390625 0.9868426322937012 0.16864442825317383 4.9328047885526666e-15 0.02276739539152926
