wave flux_norm flux_err cont_fit cont_err
1248.09130859375 0.8388919234275818 0.1550389677286148 1.084766211725081e-14 0.05053394946575554
1248.1011962890625 0.8855645060539246 0.15872320532798767 1.084490756610634e-14 0.04946702526072986
1248.1112060546875 0.9809512495994568 0.16478201746940613 1.0842162332324289e-14 0.048408933210207845
1248.1212158203125 1.0944961309432983 0.170406311750412 1.08394594501896e-14 0.0473726250435984
1248.131103515625 1.3645641803741455 0.1854305863380432 1.083683110695427e-14 0.046370063931008274
1248.14111328125 0.7127494215965271 0.14583957195281982 1.083421208108136e-14 0.04537618235612474
1248.151123046875 1.047034740447998 0.16852225363254547 1.0831634559822865e-14 0.04440320541263799
1248.1611328125 0.6492646932601929 0.1421586275100708 1.0829099390211733e-14 0.04346235354895137
1248.1710205078125 0.9847697019577026 0.1639302521944046 1.082663537136817e-14 0.04253014378276876
1248.1810302734375 1.0332283973693848 0.1663675457239151 1.0824181516919974e-14 0.041617989994491275
1248.1910400390625 0.9213761687278748 0.1593227982521057 1.0821769167086194e-14 0.040736468850573845
1248.200927734375 1.066139817237854 0.16809304058551788 1.0819425426921141e-14 0.0398635777739158
1248.2109375 1.0010179281234741 0.16516482830047607 1.081709354521735e-14 0.03901006893839401
1248.220947265625 0.8907306790351868 0.15682408213615417 1.0814802321095027e-14 0.03818573787069711
1248.2308349609375 0.8899216651916504 0.1584746241569519 1.081257716554259e-14 0.03737008762760522
1248.2408447265625 1.0169694423675537 0.16644905507564545 1.0810364715484362e-14 0.036573206359283
1248.2508544921875 0.9060021042823792 0.15968775749206543 1.0808191228941708e-14 0.03580422789479262
1248.2607421875 0.9548848271369934 0.16218465566635132 1.0806082963935992e-14 0.035044016431414936
1248.270751953125 0.8276897668838501 0.1551961749792099 1.0803987404424484e-14 0.034302014560362824
1248.28076171875 0.8619387149810791 0.15536774694919586 1.0801930808428551e-14 0.033578003518102924
1248.2906494140625 0.989514946937561 0.1640920490026474 1.0799936892870714e-14 0.03288034862456094
1248.3006591796875 0.8907031416893005 0.1598411500453949 1.0797956529840034e-14 0.03219165600712165
1248.3106689453125 0.8580120801925659 0.15808573365211487 1.0796013436259033e-14 0.031520508167489567
1248.320556640625 0.9235695004463196 0.16175104677677155 1.079413217608318e-14 0.030874614050546152
1248.33056640625 1.0211411714553833 0.16655106842517853 1.0792264468434485e-14 0.03023789823775504
1248.340576171875 0.9571616649627686 0.16205395758152008 1.0790434030235468e-14 0.029618252910172362
1248.3504638671875 1.278630018234253 0.18090102076530457 1.0788662037309812e-14 0.02902285123237981
1248.3604736328125 1.1169378757476807 0.17241309583187103 1.0786905290977207e-14 0.028436852477121112
1248.3704833984375 0.9569175243377686 0.16329263150691986 1.0785184967061334e-14 0.02786755397775636
1248.3804931640625 0.8444320559501648 0.15662172436714172 1.0783501065562192e-14 0.0273214927303208
1248.390380859375 0.796902060508728 0.15272480249404907 1.0781872221204622e-14 0.02678506229180178
1248.400390625 1.020298957824707 0.16576358675956726 1.078025947047305e-14 0.026264971582692042
1248.410400390625 0.9404895305633545 0.16184885799884796 1.077868314215821e-14 0.025767161258854095
1248.4202880859375 1.131609559059143 0.17328739166259766 1.0777159329886099e-14 0.025279217619254765
1248.4302978515625 0.9399412870407104 0.16248677670955658 1.0775652458272934e-14 0.024807225119179637
1248.4403076171875 1.1328896284103394 0.17355036735534668 1.0774180315010606e-14 0.024356581662348654
1248.4501953125 1.0539615154266357 0.16769486665725708 1.0772760687791007e-14 0.023916002905348094
1248.460205078125 0.9238218069076538 0.16166462004184723 1.0771357154197407e-14 0.02349102790600097
1248.47021484375 0.9718587398529053 0.1649899035692215 1.0769987501921697e-14 0.023086395068880314
1248.4801025390625 0.9890103340148926 0.16515053808689117 1.0768667824589875e-14 0.022691999474623293
1248.4901123046875 0.8784739971160889 0.15708348155021667 1.0767365934949945e-14 0.02231278594166412
1248.5001220703125 1.0536894798278809 0.16832372546195984 1.0766097079594958e-14 0.021948565784752353
1248.510009765625 1.0515525341033936 0.17018316686153412 1.0764876505117964e-14 0.02160339730113806
1248.52001953125 0.9574359059333801 0.16345345973968506 1.0763672871299916e-14 0.0212685465274146
1248.530029296875 0.9109495282173157 0.15879525244235992 1.0762503118799758e-14 0.020948205636945917
1248.5399169921875 0.8935495018959045 0.15839698910713196 1.0761379106078751e-14 0.02064582115283813
1248.5499267578125 1.005275011062622 0.16640165448188782 1.0760272881049637e-14 0.02035372855791037
1248.5599365234375 1.1662282943725586 0.17517806589603424 1.0759198843272519e-14 0.02007553858971635
1248.5699462890625 0.7664580345153809 0.14944574236869812 1.0758156145714449e-14 0.019814172907158277
1248.579833984375 1.2610838413238525 0.182169109582901 1.0757157493869636e-14 0.019562949069788314
1248.58984375 1.0865966081619263 0.17098268866539001 1.0756177476749663e-14 0.019324913449544557
1248.599853515625 0.9099752902984619 0.1599947214126587 1.0755228799848738e-14 0.019102490435376616
1248.6097412109375 1.1193138360977173 0.1724286824464798 1.0754321627562229e-14 0.018889919503718603
1248.6197509765625 1.133479356765747 0.17391902208328247 1.0753433090000559e-14 0.018689731281188487
1248.6297607421875 0.748026967048645 0.14957857131958008 1.0752575892657937e-14 0.018503861493443394
1248.6396484375 1.1960431337356567 0.17845608294010162 1.075175765883089e-14 0.018327415363136406
1248.649658203125 1.1343964338302612 0.1736983358860016 1.0750959753794576e-14 0.018162447909844344
1248.65966796875 1.2945966720581055 0.18322278559207916 1.075019064787847e-14 0.018010444061258152
1248.6695556640625 0.7480406165122986 0.1500185877084732 1.0749460505477936e-14 0.01786732005059888
1248.6795654296875 0.9890941381454468 0.16639098525047302 1.074874984483519e-14 0.01773466710179593
1248.6895751953125 1.0710804462432861 0.17061559855937958 1.074806798331265e-14 0.017612151044898536
1248.699462890625 1.121949553489685 0.1725659966468811 1.0747422544206842e-14 0.01750072426057398
1248.70947265625 1.05540931224823 0.16988779604434967 1.0746797433891769e-14 0.017397278539723466
1248.719482421875 1.0580072402954102 0.16837278008460999 1.0746201122696902e-14 0.017302887888431207
1248.7293701171875 0.8150198459625244 0.15480394661426544 1.0745638692819925e-14 0.01721817827243795
1248.7393798828125 0.8316611051559448 0.15433023869991302 1.0745096591733682e-14 0.017140690482297993
1248.7493896484375 1.1047641038894653 0.1718502640724182 1.0744582442734699e-14 0.017071152778984015
1248.75927734375 1.0411098003387451 0.16811953485012054 1.0744100480987711e-14 0.01700991276309046
1248.769287109375 0.7677663564682007 0.15060855448246002 1.0743639695064405e-14 0.01695508931546877
1248.779296875 1.0556421279907227 0.16996072232723236 1.074320601419541e-14 0.01690712227461908
1248.789306640625 1.0551408529281616 0.16973139345645905 1.0742798591347781e-14 0.016866119249061676
1248.7991943359375 0.8795786499977112 0.15834294259548187 1.0742421661686253e-14 0.01683071565293407
1248.8092041015625 0.8477861285209656 0.1561642587184906 1.0742065907848406e-14 0.016801106334259353
1248.8192138671875 1.1553186178207397 0.173079714179039 1.0741735564998977e-14 0.016777211266967965
1248.8291015625 1.0708703994750977 0.17063939571380615 1.0741434868302702e-14 0.016758107471453985
1248.839111328125 0.8639872670173645 0.15718357264995575 1.0741155347430108e-14 0.016743794303133448
1248.84912109375 1.165894865989685 0.17701494693756104 1.0740900390512984e-14 0.016734044557642335
1248.8590087890625 1.104744553565979 0.1728663444519043 1.074067338568312e-14 0.01672831034028687
1248.8690185546875 0.913108229637146 0.16046419739723206 1.0740467556676937e-14 0.016726435164989895
1248.8790283203125 1.0402227640151978 0.16902890801429749 1.0740286291626225e-14 0.01672808588698095
1248.888916015625 1.154360294342041 0.17533990740776062 1.0740131284596877e-14 0.0167330222594053
1248.89892578125 1.0253942012786865 0.1681281477212906 1.0739997453391211e-14 0.01674097366431324
1248.908935546875 1.1051939725875854 0.1730986088514328 1.0739886492075121e-14 0.01675167465669832
1248.9188232421875 1.1369825601577759 0.17388249933719635 1.0739800941747448e-14 0.01676470087745148
1248.9288330078125 0.8824440240859985 0.15749260783195496 1.0739736567243457e-14 0.016780131075420004
1248.9388427734375 0.8163337707519531 0.15395212173461914 1.0739695062629041e-14 0.016797587374834305
1248.94873046875 0.912717342376709 0.16125844419002533 1.0739676427904202e-14 0.016816601193618216
1248.958740234375 0.8803369998931885 0.15835104882717133 1.073967981603599e-14 0.016837434050460783
1248.96875 0.8813267946243286 0.15820196270942688 1.0739705227024408e-14 0.01685965925062532
1248.9786376953125 0.7347656488418579 0.15021789073944092 1.073975096680356e-14 0.016882789181799196
1248.9886474609375 1.0261456966400146 0.16682133078575134 1.0739819576472288e-14 0.016907216080412943
1248.9986572265625 0.9608969688415527 0.16369567811489105 1.0739910208997644e-14 0.0169324845885711
1249.0086669921875 1.0897136926651 0.1717088371515274 1.0740021170313734e-14 0.016958113111998227
1249.0185546875 0.8666152954101562 0.15652582049369812 1.0740150766354664e-14 0.01698457483197889
1249.028564453125 0.7847103476524353 0.15215501189231873 1.074030323228517e-14 0.017011412094486814
1249.03857421875 0.8322134613990784 0.15608075261116028 1.074047602700641e-14 0.017038153508697536
1249.0484619140625 0.8668184876441956 0.15538732707500458 1.0740666609419542e-14 0.017065327764041658
1249.0584716796875 0.9128880500793457 0.16120322048664093 1.0740879214689303e-14 0.01709248525123465
1249.0684814453125 0.8168637752532959 0.15473094582557678 1.074111130171685e-14 0.017119176608822496
1249.078369140625 0.9295668601989746 0.16213801503181458 1.0741360329403343e-14 0.017145953808076066
1249.08837890625 1.0889370441436768 0.17062801122665405 1.0741630532913517e-14 0.01717238417423649
1249.098388671875 0.830625057220459 0.15601885318756104 1.0741920218181478e-14 0.017198372813563165
1249.1082763671875 1.0551337003707886 0.16840733587741852 1.074222515004249e-14 0.01722352177288805
1249.1182861328125 1.1344406604766846 0.17421908676624298 1.0742551257727183e-14 0.017248368304449025
1249.1282958984375 0.8625518083572388 0.15801571309566498 1.0742896000136715e-14 0.017272523619646228
1249.13818359375 1.0063936710357666 0.1667652577161789 1.0743255142106351e-14 0.01729563179603566
1249.148193359375 0.9751598238945007 0.16478769481182098 1.0743635459899668e-14 0.01731819887811237
1249.158203125 1.1189206838607788 0.17260780930519104 1.0744033565384878e-14 0.01733987431626236
1249.1680908203125 1.0079851150512695 0.16543994843959808 1.0744443529331349e-14 0.017360353189573793
1249.1781005859375 1.0070604085922241 0.16538485884666443 1.0744875516134449e-14 0.017380090066935753
1249.1881103515625 1.0051301717758179 0.16759715974330902 1.0745324443596493e-14 0.017398778034588176
1249.1981201171875 0.8946421146392822 0.15795059502124786 1.0745789464684536e-14 0.017416166546034336
1249.2080078125 0.9103403687477112 0.16010810434818268 1.0746265497200893e-14 0.017432647380495134
1249.218017578125 1.0374162197113037 0.16836942732334137 1.0746762705540931e-14 0.017447962206418942
1249.22802734375 1.0058462619781494 0.16563817858695984 1.0747276007506967e-14 0.017461914759200753
1249.2379150390625 0.8612115979194641 0.15685883164405823 1.0747798626835423e-14 0.017474823650328555
1249.2479248046875 0.8793219327926636 0.15787720680236816 1.0748343269020508e-14 0.01748648193349716
1249.2579345703125 0.9411556124687195 0.16211947798728943 1.0748902310765696e-14 0.017496753945852452
1249.267822265625 1.021621584892273 0.16793279349803925 1.0749468975807409e-14 0.01750587142502344
1249.27783203125 0.909426748752594 0.16121430695056915 1.075005766370575e-14 0.017513686506219452
1249.287841796875 1.0405704975128174 0.1669328361749649 1.0750660751164196e-14 0.017520116133729374
1249.2977294921875 0.9746785163879395 0.16346922516822815 1.0751270614886219e-14 0.01752530969564655
1249.3077392578125 1.135184645652771 0.17283210158348083 1.0751900807398976e-14 0.017529171658745873
1249.3177490234375 0.9895303845405579 0.1659124195575714 1.0752545399471836e-14 0.017531698707739577
1249.32763671875 0.956703782081604 0.16314098238945007 1.075319507374238e-14 0.017532884485597946
1249.337646484375 0.8948352336883545 0.15876014530658722 1.0753865923836606e-14 0.0175327557503528
1249.34765625 0.8456949591636658 0.15605482459068298 1.0754550326457987e-14 0.01753129393355963
1249.3575439453125 0.9101662635803223 0.16003471612930298 1.0755238117211158e-14 0.017528545174804
1249.3675537109375 0.750173807144165 0.14898790419101715 1.075594708378801e-14 0.017524448900035038
1249.3775634765625 0.7968844175338745 0.15320466458797455 1.0756667908826123e-14 0.017519040111401794
1249.387451171875 0.894647479057312 0.15819641947746277 1.0757392121996025e-14 0.01751241859703223
1249.3974609375 0.7658732533454895 0.15065903961658478 1.0758136663956662e-14 0.017504434952186225
1249.407470703125 0.7821590304374695 0.15109974145889282 1.075889306437856e-14 0.01749517336379507
1249.41748046875 0.8138433694839478 0.1536964327096939 1.0759660476228772e-14 0.01748478943830628
1249.4273681640625 0.8796383738517761 0.15736201405525208 1.076042958214488e-14 0.017473042292244733
1249.4373779296875 1.0376379489898682 0.16863077878952026 1.0761218169818773e-14 0.01746007107747799
1249.4473876953125 0.8610554933547974 0.15754762291908264 1.0762017768920981e-14 0.017446076989757926
1249.457275390625 0.7001427412033081 0.1469172239303589 1.076281736802319e-14 0.017430734797981767
1249.46728515625 0.7965671420097351 0.15322566032409668 1.0763637295916131e-14 0.017414235936374662
1249.477294921875 0.9086480140686035 0.1607775092124939 1.076446738820444e-14 0.017396824354709486
1249.4871826171875 1.034896969795227 0.16869890689849854 1.0765295786426855e-14 0.01737809757468152
1249.4971923828125 0.7340942025184631 0.14827999472618103 1.0766144513440004e-14 0.017358287933493644
1249.5072021484375 0.7665372490882874 0.14966678619384766 1.0767001710782625e-14 0.017337425930427617
1249.51708984375 1.2305091619491577 0.1791275590658188 1.0767857214059352e-14 0.017315813495575667
1249.527099609375 0.9401590824127197 0.16213248670101166 1.0768732199093866e-14 0.017292945614453277
1249.537109375 0.9560297131538391 0.16259406507015228 1.0769615654457852e-14 0.017269114972333615
1249.5469970703125 0.8126341104507446 0.15305352210998535 1.077049572169005e-14 0.017244663716523747
1249.5570068359375 0.6022608876228333 0.1401803195476532 1.0771394423647086e-14 0.017219018105334893
1249.5670166015625 0.7966164350509644 0.15320773422718048 1.0772301595933596e-14 0.017192510784747792
1249.576904296875 0.9883006811141968 0.16490420699119568 1.0773203686022421e-14 0.017165512115042712
1249.5869140625 0.7306888699531555 0.1496606171131134 1.0774125257869034e-14 0.017137395977461917
1249.596923828125 0.7628213167190552 0.15135329961776733 1.0775053605979225e-14 0.017108524120559996
1249.60693359375 0.6854535937309265 0.14340612292289734 1.0775987883320046e-14 0.01707929957632126
1249.6168212890625 0.5091698169708252 0.13045570254325867 1.0776917925496132e-14 0.017049040516339868
1249.6268310546875 0.7326836585998535 0.14721496403217316 1.0777864908331162e-14 0.017018141117511095
1249.6368408203125 0.6531668901443481 0.14161457121372223 1.0778817820396823e-14 0.016987028461504038
1249.646728515625 0.4922444820404053 0.1298484057188034 1.0779764803231853e-14 0.01695497516821648
1249.65673828125 0.6666562557220459 0.14455175399780273 1.0780729573758776e-14 0.016922403210799165
1249.666748046875 0.8613455891609192 0.15754446387290955 1.0781698579450435e-14 0.016889758926677507
1249.6766357421875 0.7847287058830261 0.1535893827676773 1.0782661655911463e-14 0.01685627933922327
1249.6866455078125 0.8685103058815002 0.1589045375585556 1.0783640825998489e-14 0.01682240721061859
1249.6966552734375 0.8477526903152466 0.1556110978126526 1.0784624231250251e-14 0.016788605117976845
1249.70654296875 0.7020602226257324 0.14613188803195953 1.0785600013205488e-14 0.016754079485278156
1249.716552734375 0.8965650200843811 0.16092409193515778 1.0786591888786723e-14 0.016719293227096237
1249.7265625 1.015305995941162 0.16816458106040955 1.0787587999532694e-14 0.016684289570599368
1249.7364501953125 0.7788716554641724 0.15005777776241302 1.0788574792916245e-14 0.01664954150108732
1249.7464599609375 1.0303417444229126 0.16751010715961456 1.0789576832892847e-14 0.016614237369133502
1249.7564697265625 0.8073055148124695 0.15524515509605408 1.0790582261001238e-14 0.016578850108465593
1249.766357421875 0.9340199828147888 0.1627938598394394 1.0791578371747209e-14 0.01654385801031557
1249.7763671875 1.0949424505233765 0.173098623752594 1.079258972908623e-14 0.01650844198634079
1249.786376953125 1.0274405479431152 0.16848790645599365 1.0793602780491147e-14 0.016473078145224362
1249.7962646484375 0.9174161553382874 0.16165691614151 1.0794605667500696e-14 0.016438244748471352
1249.8062744140625 0.9986840486526489 0.16635090112686157 1.0795622954070348e-14 0.016403125595190273
1249.8162841796875 1.1977876424789429 0.1761792004108429 1.0796641934705895e-14 0.01636819697266938
1249.8262939453125 0.9918527007102966 0.16546787321567535 1.079766176237439e-14 0.0163339269869179
1249.836181640625 0.8416845798492432 0.15547163784503937 1.079867057861457e-14 0.0162995162670152
1249.84619140625 1.1809875965118408 0.17595519125461578 1.0799692100348958e-14 0.01626543305311855
1249.856201171875 0.8158292174339294 0.1561577171087265 1.0800715316149241e-14 0.016232131210097565
1249.8660888671875 0.9881973266601562 0.16435830295085907 1.0801725826455316e-14 0.016198836280180245
1249.8760986328125 1.0196609497070312 0.16600170731544495 1.0802749042255599e-14 0.016166004074896306
1249.8861083984375 1.0465941429138184 0.1672055721282959 1.0803772258055882e-14 0.016134069904007686
1249.89599609375 0.8982282876968384 0.16167022287845612 1.0804782768361956e-14 0.016102291176493998
1249.906005859375 0.9675166606903076 0.16225899755954742 1.0805805137129292e-14 0.016071109078297355
1249.916015625 1.0640268325805664 0.16927629709243774 1.0806826658863681e-14 0.01604093298872596
1249.9259033203125 1.0098732709884644 0.1657927930355072 1.0807834628070914e-14 0.016011062736463525
1249.9359130859375 1.0511163473129272 0.16896851360797882 1.080885360870646e-14 0.015981914922488367
1249.9459228515625 0.9774569272994995 0.1638348549604416 1.080987174230906e-14 0.015953531819686173
1249.955810546875 1.0243242979049683 0.16771039366722107 1.0810875476351556e-14 0.015926284809828044
1249.9658203125 0.9297058582305908 0.16205742955207825 1.081188937478942e-14 0.015899540886091332
1249.975830078125 0.8508830666542053 0.15625761449337006 1.0812900732128441e-14 0.015873680864997776
1249.9857177734375 1.3031209707260132 0.1832653433084488 1.081389768990736e-14 0.0158490389168877
1249.9957275390625 1.0935951471328735 0.17265687882900238 1.0814903965048698e-14 0.015825046245928908
1250.0057373046875 0.9904066324234009 0.1668364554643631 1.0815907699091194e-14 0.015802045443685093
1250.0157470703125 0.9295046925544739 0.16252057254314423 1.0816908045001902e-14 0.01578033641244774
1250.025634765625 0.8239480257034302 0.1555376648902893 1.0817893144319558e-14 0.015759412760612285
1250.03564453125 1.099023699760437 0.17052170634269714 1.081888586693374e-14 0.015739584046259827
1250.045654296875 0.9553055763244629 0.1616600751876831 1.0819875201416133e-14 0.01572110055242162
1250.0555419921875 1.0734208822250366 0.16981598734855652 1.0820848442272529e-14 0.015703536481668546
1250.0655517578125 0.8079794645309448 0.15509755909442902 1.0821829306425449e-14 0.01568715448042822
1250.0755615234375 1.0522109270095825 0.17060701549053192 1.0822805088380686e-14 0.015672159637830394
1250.08544921875 1.1145713329315186 0.17207758128643036 1.0823764776709925e-14 0.015658205710506357
1250.095458984375 0.972119152545929 0.1671484112739563 1.0824731241302742e-14 0.01564551006095863
1250.10546875 0.9865959882736206 0.16521935164928436 1.0825691776664929e-14 0.015634225678642515
1250.1153564453125 1.079363465309143 0.1685623824596405 1.082663537136817e-14 0.015624092832894693
1250.1253662109375 0.9959353804588318 0.16489030420780182 1.0827584048269095e-14 0.015615280669778728
1250.1353759765625 0.87801593542099 0.1581534743309021 1.0828527642972336e-14 0.015607804162519149
1250.145263671875 0.9265297651290894 0.16187424957752228 1.0829453449983685e-14 0.015601743692364618
1250.1552734375 0.798764705657959 0.15133990347385406 1.083038349215977e-14 0.015596965547045101
1250.165283203125 1.0229003429412842 0.16831254959106445 1.0831306758072277e-14 0.015593561926076159
1250.1751708984375 0.8232198357582092 0.15242785215377808 1.0832212236292892e-14 0.015591561366479696
1250.1851806640625 0.9438369274139404 0.16126739978790283 1.0833121102645296e-14 0.015590918961150668
1250.1951904296875 0.7912711501121521 0.15140509605407715 1.0834023192734122e-14 0.015591675700599253
1250.205078125 1.0726656913757324 0.17080041766166687 1.0834905801065161e-14 0.015593800769744837
1250.215087890625 1.0297539234161377 0.16661158204078674 1.0835791797527989e-14 0.015597348880044154
1250.22509765625 0.9663894176483154 0.16275043785572052 1.0836669323661344e-14 0.015602299450538953
1250.235107421875 0.9318183660507202 0.16263259947299957 1.0837539226498175e-14 0.015608566757151686
1250.2449951171875 1.0617009401321411 0.16870446503162384 1.083838880054427e-14 0.015616301308932852
1250.2550048828125 1.0303364992141724 0.1663753241300583 1.0839240068656261e-14 0.01562542767052093
1250.2650146484375 0.7267125248908997 0.14766593277454376 1.084008286643878e-14 0.01563580186872108
1250.27490234375 1.2179912328720093 0.17797112464904785 1.0840905335430563e-14 0.01564766957459397
1250.284912109375 1.043623447418213 0.16808508336544037 1.0841728651455294e-14 0.015660900731127473
1250.294921875 0.9629600048065186 0.16381266713142395 1.0842541803084658e-14 0.015675293039205288
1250.3048095703125 0.9628913402557373 0.163211852312088 1.0843334625923289e-14 0.015691189302327834
1250.3148193359375 1.1392855644226074 0.1727190762758255 1.0844127448761919e-14 0.015708399689668247
1250.3248291015625 1.0431121587753296 0.16761744022369385 1.0844910107205182e-14 0.015726672552170078
1250.334716796875 0.9348313808441162 0.15975001454353333 1.084567243685771e-14 0.015746437836255768
1250.3447265625 1.1240756511688232 0.17203448712825775 1.0846432225411397e-14 0.01576745496975892
1250.354736328125 0.8852702379226685 0.1578654795885086 1.084718100253677e-14 0.01578969850807254
1250.3646240234375 0.9957748055458069 0.1641249656677246 1.0847908603838462e-14 0.015812848969991307
1250.3746337890625 1.1224391460418701 0.17130716145038605 1.0848634511074259e-14 0.01583744958064384
1250.3846435546875 0.8704161047935486 0.15581677854061127 1.0849347712815847e-14 0.015863192354247498
1250.39453125 0.9330539107322693 0.16057461500167847 1.0850039738733754e-14 0.015889711468569614
1250.404541015625 1.1534152030944824 0.17432455718517303 1.0850727529486924e-14 0.015917627902920926
1250.41455078125 1.0889902114868164 0.17171147465705872 1.0851403461778833e-14 0.01594658881915534
1250.4244384765625 0.5678510069847107 0.13565222918987274 1.0852057371214113e-14 0.01597618407000168
1250.4344482421875 0.6479573845863342 0.1412949413061142 1.0852707045484657e-14 0.01600710959956848
1250.4444580078125 0.7738622426986694 0.1511000543832779 1.0853342320195098e-14 0.016038965959314557
1250.4544677734375 0.9320101737976074 0.16120481491088867 1.0853964042378383e-14 0.0160713099348382
1250.46435546875 1.0126371383666992 0.16583096981048584 1.0854564588737986e-14 0.016104898803682467
1250.474365234375 0.8535149097442627 0.15521478652954102 1.0855158358834011e-14 0.016139296042444722
1250.484375 0.7431426644325256 0.14758963882923126 1.0855736882336986e-14 0.016174025068364
1250.4942626953125 0.9014391303062439 0.15746557712554932 1.085629423001628e-14 0.01620990123921477
1250.5042724609375 0.7749459743499756 0.14969822764396667 1.0856843954399047e-14 0.016246452095789513
1250.5142822265625 0.8515433073043823 0.1562073677778244 1.0857377585155818e-14 0.016283175831319077
1250.524169921875 0.6460108160972595 0.14129602909088135 1.0857890040088906e-14 0.01632093339375346
1250.5341796875 0.5989484190940857 0.13738477230072021 1.0858393177659575e-14 0.016359228084056755
1250.544189453125 0.5040120482444763 0.13046006858348846 1.0858880221604247e-14 0.01639800809191836
1250.5540771484375 0.5675365328788757 0.1344318389892578 1.0859346089725237e-14 0.01643674691404265
1250.5640869140625 0.5831900238990784 0.13737735152244568 1.0859800099384965e-14 0.016476351225259103
1250.5740966796875 0.7419793009757996 0.1485912948846817 1.0860238015418695e-14 0.016516295086994988
1250.583984375 0.5970730781555176 0.13848020136356354 1.0860653908595797e-14 0.01655603595742887
1250.593994140625 0.39381566643714905 0.12046156078577042 1.0861057943311637e-14 0.016596503105534583
1250.60400390625 0.5355008244514465 0.13112471997737885 1.0861444190335585e-14 0.01663715935671793
1250.6138916015625 0.5043370723724365 0.12955451011657715 1.0861808414502905e-14 0.01667745322342862
1250.6239013671875 0.5031961798667908 0.12947599589824677 1.0862159933176015e-14 0.016718329007869445
1250.6339111328125 0.3771967887878418 0.11570388823747635 1.0862492817124286e-14 0.01675923841698277
1250.6439208984375 0.6331066489219666 0.13903771340847015 1.0862807066347718e-14 0.01679963187911
1250.65380859375 0.583379328250885 0.13698622584342957 1.0863100139747468e-14 0.016840456045003813
1250.663818359375 0.5992469191551208 0.13714417815208435 1.086337711952122e-14 0.01688115816063409
1250.673828125 0.6945394277572632 0.14471367001533508 1.0863635464570132e-14 0.016921194931799506
1250.6837158203125 0.7266189455986023 0.14647673070430756 1.0863870939729469e-14 0.01696150635801097
1250.6937255859375 0.8039336204528809 0.15179890394210815 1.0864090321262808e-14 0.01700154192354177
1250.7037353515625 0.7247167825698853 0.1454702913761139 1.086429022103836e-14 0.017040773287784042
1250.713623046875 0.7572711110115051 0.1478676199913025 1.0864467250924336e-14 0.017080115292505933
1250.7236328125 0.8521294593811035 0.1551090031862259 1.0864627340151367e-14 0.01711903455567988
1250.733642578125 0.7086507678031921 0.1459541618824005 1.086476540652177e-14 0.01715701400828201
1250.7435302734375 0.963130533695221 0.16301965713500977 1.086488229706849e-14 0.017194945726104662
1250.7535400390625 1.0589905977249146 0.16754837334156036 1.0864979705857425e-14 0.017232307958142956
1250.7635498046875 0.8680368661880493 0.15624690055847168 1.0865055938822678e-14 0.0172690524278702
1250.7734375 0.9155713319778442 0.15952321887016296 1.0865109301898355e-14 0.017304697903614212
1250.783447265625 0.9321913123130798 0.15936926007270813 1.0865142336183298e-14 0.01734007921924941
1250.79345703125 0.9633951187133789 0.16199631989002228 1.0865153347611612e-14 0.01737470637930681
1250.8033447265625 0.9141415953636169 0.15992586314678192 1.0865142336183298e-14 0.01740813023889635
1250.8133544921875 1.1367932558059692 0.17303353548049927 1.0865108454865408e-14 0.017441130258243683
1250.8233642578125 1.0404144525527954 0.16781166195869446 1.0865052550690889e-14 0.017473249413281357
1250.833251953125 0.7896924614906311 0.1507675051689148 1.0864973776626794e-14 0.017504068619664907
1250.84326171875 0.9320334196090698 0.16038258373737335 1.0864871285640176e-14 0.017534313595203556
1250.853271484375 0.8364747166633606 0.15513929724693298 1.0864745924763983e-14 0.017563556468544225
1250.86328125 0.7577718496322632 0.14916008710861206 1.0864596846965266e-14 0.017591425002991292
1250.8731689453125 0.9630571007728577 0.16148525476455688 1.086442574630992e-14 0.017618570372662182
1250.8831787109375 1.2013641595840454 0.17696012556552887 1.086422838763321e-14 0.01764461023763938
1250.8931884765625 1.123207449913025 0.17076358199119568 1.086400646500103e-14 0.017669212950853965
1250.903076171875 1.1223750114440918 0.17251019179821014 1.0863763366545168e-14 0.017692955759905257
1250.9130859375 0.7895815372467041 0.15167827904224396 1.0863492316002046e-14 0.017715499427561676
1250.923095703125 0.8852949738502502 0.1569194197654724 1.0863195854470507e-14 0.01773656340238701
1250.9329833984375 1.0423686504364014 0.16708505153656006 1.0862879064148234e-14 0.01775664166709169
1250.9429931640625 0.9493948817253113 0.16119657456874847 1.086253178063986e-14 0.017775444188415354
1250.9530029296875 0.9661654233932495 0.1606072634458542 1.0862159086143068e-14 0.01779294885715334
1250.962890625 1.0575147867202759 0.16881272196769714 1.0861765215822595e-14 0.01780894653690029
1250.972900390625 0.8065760135650635 0.152028426527977 1.086134085231602e-14 0.017823813769855562
1250.98291015625 1.0283650159835815 0.16645286977291107 1.0860889383755134e-14 0.017837333091780865
1250.9927978515625 0.8855515122413635 0.15740539133548737 1.0860416739370566e-14 0.017849348690844816
1251.0028076171875 1.1234537363052368 0.1720009744167328 1.0859911907734002e-14 0.01786014872488764
1251.0128173828125 0.9629726409912109 0.1629454344511032 1.085937912401018e-14 0.017869567818243465
1251.022705078125 1.201704740524292 0.1762470155954361 1.085882685852857e-14 0.017877512664101595
1251.03271484375 0.8687885999679565 0.1564367562532425 1.0858239017663175e-14 0.017884177810332358
1251.042724609375 0.9952326416969299 0.16448625922203064 1.0857624071743469e-14 0.017889456398221995
1251.052734375 0.9684298634529114 0.16256828606128693 1.0856980326703555e-14 0.017893313917999764
1251.0626220703125 1.1260284185409546 0.17157278954982758 1.0856316252872908e-14 0.01789585244346169
1251.0726318359375 1.0535897016525269 0.16849085688591003 1.0855615756625529e-14 0.017897026356273497
1251.0826416015625 0.9924771189689636 0.16614677011966705 1.0854885614224995e-14 0.017896861262088826
1251.092529296875 0.944529116153717 0.16200290620326996 1.0854135990066675e-14 0.017895368598062837
1251.1025390625 0.9545642137527466 0.1626208871603012 1.0853348249425729e-14 0.017892564199587995
1251.112548828125 0.9346157908439636 0.1600254476070404 1.0852530862631628e-14 0.01788853128195041
1251.1224365234375 0.8621811270713806 0.15666992962360382 1.0851693147046794e-14 0.017883199128146083
1251.1324462890625 0.9195358157157898 0.16031429171562195 1.0850815620913438e-14 0.017876641585626695
1251.1424560546875 1.0387986898422241 0.16857172548770905 1.0849907601593982e-14 0.017868999650036202
1251.15234375 1.0211384296417236 0.16715121269226074 1.0848980947549686e-14 0.017860126289863117
1251.162353515625 1.0991567373275757 0.17169179022312164 1.084801109482508e-14 0.01785015553429492
1251.17236328125 0.8141985535621643 0.1535528004169464 1.0847010748914372e-14 0.017839137430355555
1251.1822509765625 1.1931499242782593 0.178461492061615 1.0845991768278825e-14 0.01782728294318757
1251.1922607421875 1.0641205310821533 0.17086905241012573 1.0844928741930021e-14 0.01781435995967492
1251.2022705078125 0.9546049237251282 0.1615617722272873 1.0843833528329221e-14 0.01780057638605819
1251.212158203125 0.9704161286354065 0.16234508156776428 1.0842720527036529e-14 0.017786188012589518
1251.22216796875 1.0846644639968872 0.17121900618076324 1.0841561785964685e-14 0.017770915464589355
1251.232177734375 0.912201464176178 0.1583050787448883 1.0840370010607898e-14 0.01775501751237475
1251.2420654296875 1.3124394416809082 0.1842733919620514 1.083916044755922e-14 0.017738787964918665
1251.2520751953125 0.9751036763191223 0.1638260781764984 1.0837902603632547e-14 0.01772192162018663
1251.2620849609375 0.8816104531288147 0.1591537892818451 1.0836611725420931e-14 0.01770471855846411
1251.2720947265625 0.8014326691627502 0.15282608568668365 1.0835287812924373e-14 0.017687504911383472
1251.281982421875 0.8325550556182861 0.15489745140075684 1.0833946112735922e-14 0.017669966904513352
1251.2919921875 0.9565562605857849 0.1635855734348297 1.0832554437603583e-14 0.017652442856275045
1251.302001953125 1.057521104812622 0.16933022439479828 1.0831128881153354e-14 0.017635270876252766
1251.3118896484375 0.9109613299369812 0.16041246056556702 1.082968638404418e-14 0.017618168029388516
1251.3218994140625 1.065847635269165 0.16761256754398346 1.0828191370892276e-14 0.017601488459162453
1251.3319091796875 0.8434047102928162 0.15633456408977509 1.0826660782356588e-14 0.017585580320846745
1251.341796875 0.9563699960708618 0.16412577033042908 1.0825114947227849e-14 0.017570206552346576
1251.351806640625 1.3212472200393677 0.18614766001701355 1.0823514901990485e-14 0.01755573858864075
1251.36181640625 0.895091712474823 0.15971045196056366 1.082187843433639e-14 0.01754250655919915
1251.3717041015625 1.154263973236084 0.17528940737247467 1.0820227567122191e-14 0.01753036578901499
1251.3817138671875 0.998910129070282 0.16719375550746918 1.081851910166758e-14 0.017519676478400498
1251.3917236328125 0.9494765996932983 0.16360031068325043 1.0816775060829183e-14 0.01751064015420223
1251.401611328125 1.0108178853988647 0.1669704169034958 1.0815015773397735e-14 0.01750353765978567
1251.41162109375 1.308578610420227 0.18200279772281647 1.0813198040692928e-14 0.01749840667618693
1251.421630859375 1.0439581871032715 0.16943486034870148 1.0811343038538441e-14 0.017495565843972483
1251.4315185546875 0.9290247559547424 0.16160637140274048 1.0809474483856798e-14 0.017495234020007515
1251.4415283203125 0.8788394927978516 0.15838614106178284 1.0807544942802953e-14 0.01749763494092625
1251.4515380859375 1.1459825038909912 0.17419001460075378 1.0805577285266481e-14 0.017503032196525138
1251.4615478515625 0.9971581101417542 0.16634155809879303 1.0803571511247383e-14 0.0175115482050837
1251.471435546875 1.1086883544921875 0.17324665188789368 1.0801553031734076e-14 0.017523646468044624
1251.4814453125 1.0469443798065186 0.16925077140331268 1.0799471024749725e-14 0.0175395029115859
1251.491455078125 1.3133535385131836 0.18387147784233093 1.07973500542498e-14 0.017559112768073436
1251.5013427734375 1.2499407529830933 0.18169595301151276 1.0795216378255666e-14 0.017583230039856727
1251.5113525390625 0.8688828945159912 0.15831725299358368 1.0793016633691647e-14 0.017611911891960246
1251.5213623046875 1.187670350074768 0.1771487593650818 1.0790777925612054e-14 0.017644995088322013
1251.53125 1.1690185070037842 0.17620743811130524 1.0788527359071199e-14 0.017683573529873584
1251.541259765625 0.9809577465057373 0.1664375364780426 1.0786209876927511e-14 0.017727549735171863
1251.55126953125 0.9784620404243469 0.16432298719882965 1.0783850890169408e-14 0.017776566219370293
1251.5611572265625 1.1044508218765259 0.17209652066230774 1.0781481739015938e-14 0.01783211110787403
1251.5711669921875 0.9575322270393372 0.16415108740329742 1.0779042284127845e-14 0.017893897267899857
1251.5811767578125 1.0088238716125488 0.16699159145355225 1.0776561324625338e-14 0.0179622024078333
1251.591064453125 0.8452557325363159 0.15472030639648438 1.077407104776041e-14 0.018036347669907096
1251.60107421875 1.067124843597412 0.17041856050491333 1.0771507926062018e-14 0.018118432933285977
1251.611083984375 0.8111796975135803 0.15400516986846924 1.0768903299749211e-14 0.01820785176088757
1251.6209716796875 1.0065733194351196 0.1650795042514801 1.0766289356073985e-14 0.018303639709054624
1251.6309814453125 1.051066517829895 0.168035089969635 1.07636008734994e-14 0.018408413028930787
1251.6409912109375 1.0594446659088135 0.16916224360466003 1.0760870039277452e-14 0.01852128611873752
1251.65087890625 0.9930517673492432 0.16628874838352203 1.0758130734726031e-14 0.018640968459071018
1251.660888671875 1.1409525871276855 0.17522278428077698 1.075531435017641e-14 0.018770646643933065
1251.6708984375 1.038022518157959 0.1703389286994934 1.0752455613979427e-14 0.018909111250395214
1251.680908203125 0.7993125319480896 0.15634985268115997 1.0749552832069187e-14 0.019054720276196976
1251.6907958984375 1.1768851280212402 0.17974059283733368 1.0746642426862421e-14 0.019211269417977177
1251.7008056640625 0.8938771486282349 0.1626485139131546 1.0743652400558613e-14 0.019377198668040926
1251.7108154296875 1.0118043422698975 0.16870342195034027 1.0740618328541549e-14 0.019550489624373397
1251.720703125 0.7293922901153564 0.15043123066425323 1.0737577480260906e-14 0.019735574671547382
1251.730712890625 1.1112059354782104 0.17733602225780487 1.0734455316817326e-14 0.019930529171749235
1251.74072265625 0.966636061668396 0.16548223793506622 1.0731287413594595e-14 0.020132922896793942
1251.7506103515625 0.9158368706703186 0.16484764218330383 1.072811442817418e-14 0.020347878331840756
1251.7606201171875 0.8120971322059631 0.15837593376636505 1.072485673945904e-14 0.02057306044464722
1251.7706298828125 0.9130690097808838 0.16259220242500305 1.0721553310964749e-14 0.020805637948085678
1251.780517578125 0.9596692323684692 0.16643379628658295 1.071824564730572e-14 0.021051431741794642
1251.79052734375 0.8508692383766174 0.15920469164848328 1.0714850739253125e-14 0.02130769830770585
1251.800537109375 1.1394678354263306 0.17883460223674774 1.0711410091421378e-14 0.021574505329779177
1251.8104248046875 0.8349599242210388 0.15936443209648132 1.0707965208424895e-14 0.02184843756285208
1251.8204345703125 1.1148396730422974 0.17713823914527893 1.070443138696895e-14 0.022136303622156194
1251.8304443359375 0.7682193517684937 0.15483011305332184 1.0700850131667959e-14 0.022434795343656992
1251.84033203125 0.7615066766738892 0.15313608944416046 1.0697266335268126e-14 0.02274009600925259
1251.850341796875 0.8524993658065796 0.1607860028743744 1.069359105930999e-14 0.023059744929237812
1251.8603515625 0.9338299632072449 0.16595864295959473 1.0689868349506807e-14 0.023390018598287446
1251.870361328125 0.9368375539779663 0.16591964662075043 1.0686097358825631e-14 0.023726683704873974
1251.8802490234375 1.0167415142059326 0.17052583396434784 1.068232467407856e-14 0.02407802244432473
1251.8902587890625 0.8483445048332214 0.1600918471813202 1.0678457121641397e-14 0.02443991315130217
1251.9002685546875 1.0847054719924927 0.17624251544475555 1.067454128832624e-14 0.02480769921971037
1251.91015625 1.0504989624023438 0.17310427129268646 1.0670624607978137e-14 0.025190416602370126
1251.920166015625 1.137465476989746 0.1781705766916275 1.0666610518841099e-14 0.025583522890554076
1251.93017578125 1.1585832834243774 0.1810464859008789 1.066254730179312e-14 0.025981982818202083
1251.9400634765625 1.0882246494293213 0.17451396584510803 1.0658484931778088e-14 0.026395559103965925
1251.9500732421875 1.175855040550232 0.18150733411312103 1.065432261187528e-14 0.026819326536810607
1251.9600830078125 0.9638828635215759 0.168752059340477 1.0650109469995638e-14 0.02724786453106503
1251.969970703125 1.0811372995376587 0.17628055810928345 1.0645898869214836e-14 0.027691657686799123
1251.97998046875 1.0929526090621948 0.17670351266860962 1.0641585777447417e-14 0.02814540211663485
1251.989990234375 0.9518821835517883 0.1659342348575592 1.0637221863703163e-14 0.028608999203487577
1251.9998779296875 0.9549137949943542 0.16882158815860748 1.0632860491057751e-14 0.02907653945877146
1252.0098876953125 0.9391621351242065 0.16780008375644684 1.0628394086326879e-14 0.02955946626919977
1252.0198974609375 1.0156129598617554 0.17207038402557373 1.0623876859619172e-14 0.030051983900962583
1252.02978515625 0.8662479519844055 0.16269652545452118 1.0619363021043254e-14 0.030547803277850376
1252.039794921875 1.1806960105895996 0.18081259727478027 1.0614741609283034e-14 0.03105907027173341
1252.0498046875 0.9549105167388916 0.16668277978897095 1.0610068528513032e-14 0.031579636214252964
1252.0596923828125 0.9127667546272278 0.1634608507156372 1.0605400529940714e-14 0.03210287195726102
1252.0697021484375 1.1996992826461792 0.18044555187225342 1.0600621570052305e-14 0.03264159554913174
1252.0797119140625 1.0198984146118164 0.17053289711475372 1.0595790094121166e-14 0.033189308723536246
1252.0897216796875 0.9950740337371826 0.1686619371175766 1.0590905255114351e-14 0.033739072340561754
1252.099609375 1.0169646739959717 0.17033812403678894 1.0586027192371113e-14 0.034304357583038576
1252.109619140625 0.9725120067596436 0.16725769639015198 1.0581035627212944e-14 0.0348783159466872
1252.11962890625 1.0822046995162964 0.17260614037513733 1.057598985194615e-14 0.035453708092704136
1252.1295166015625 1.1073176860809326 0.1737615019083023 1.0570952547008829e-14 0.036044632106072255
1252.1395263671875 0.8128639459609985 0.15573783218860626 1.0565798351524786e-14 0.03664392662997061
1252.1495361328125 0.7007300853729248 0.14779378473758698 1.056058994593212e-14 0.03724404087642554
1252.159423828125 0.9452996850013733 0.16472385823726654 1.0555390010668925e-14 0.03785969657782227
1252.16943359375 0.9138100743293762 0.16335612535476685 1.0550072337826063e-14 0.0384834133627097
1252.179443359375 0.9966112375259399 0.16734063625335693 1.0544697913775734e-14 0.03910736043801582
1252.1893310546875 0.7011504769325256 0.14806905388832092 1.0539335348186667e-14 0.03974683920483671
1252.1993408203125 1.2752432823181152 0.1828242391347885 1.0533849962820249e-14 0.040394081851046454
1252.2093505859375 0.9820588231086731 0.16678372025489807 1.0528308673279311e-14 0.04104899829252088
1252.21923828125 0.9330025315284729 0.16344419121742249 1.0522780089232582e-14 0.04170336883807025
1252.229248046875 0.9008957743644714 0.16200071573257446 1.051712614430966e-14 0.042373257200846406
1252.2392578125 0.7514808773994446 0.15215164422988892 1.0511415448179271e-14 0.04305052530246857
1252.2491455078125 0.8341255187988281 0.15765735507011414 1.0505717457543091e-14 0.043726665693781544
1252.2591552734375 0.9023678302764893 0.1601450890302658 1.0499893258997771e-14 0.04441831046775947
1252.2691650390625 0.8354796171188354 0.15817508101463318 1.049401061517909e-14 0.045117044908685226
1252.279052734375 0.9010999798774719 0.16249914467334747 1.048814321795346e-14 0.045814109269461736
1252.2890625 0.9511208534240723 0.1669742465019226 1.0482145377653952e-14 0.046526635799944364
1252.299072265625 0.9514289498329163 0.16689658164978027 1.0476089092081083e-14 0.047245977998089765
1252.30908203125 1.1509785652160645 0.17720700800418854 1.0469974361234854e-14 0.04796313044616812
1252.3189697265625 0.9546083211898804 0.16625510156154633 1.046387657104757e-14 0.04869571234326826
1252.3289794921875 1.068367600440979 0.17406073212623596 1.0457644102621674e-14 0.049434803794584266
1252.3389892578125 0.9064074158668518 0.16249944269657135 1.0451352341889469e-14 0.05017119588152812
1252.348876953125 1.0886894464492798 0.17535516619682312 1.0445079215882103e-14 0.05092296578922335
1252.35888671875 1.0238075256347656 0.1694444864988327 1.0438668870537283e-14 0.05168097922378435
1252.368896484375 0.924187183380127 0.16404002904891968 1.0432198385853207e-14 0.052435805174316896
1252.3787841796875 0.9739403128623962 0.16642019152641296 1.0425747382926918e-14 0.05320594690444383
1252.3887939453125 1.138031244277954 0.1786375790834427 1.041915746659728e-14 0.05398206637237151
1252.3988037109375 0.8250167369842529 0.15675176680088043 1.0412505716862492e-14 0.05476404853240978
1252.40869140625 1.0583717823028564 0.17249315977096558 1.0405875142951385e-14 0.0555421913896926
1252.418701171875 0.792820155620575 0.155357226729393 1.039910226750514e-14 0.056335578180088136
1252.4287109375 1.107767939567566 0.1767694652080536 1.0392267558653745e-14 0.05713455155856455
1252.4385986328125 1.175824761390686 0.17979483306407928 1.0385455719691926e-14 0.05792922679330919
1252.4486083984375 0.8773713111877441 0.16179528832435608 1.0378498191063179e-14 0.05873908137796664
1252.4586181640625 0.9408155083656311 0.16730964183807373 1.0371477981996335e-14 0.05955427716243464
1252.468505859375 1.0124059915542603 0.17065738141536713 1.0364482336884962e-14 0.06036467610476354
1252.478515625 1.0104354619979858 0.17015978693962097 1.035733846100782e-14 0.06119020718092999
1252.488525390625 1.0447633266448975 0.17279279232025146 1.0350131057659633e-14 0.062020788773007395
1252.49853515625 0.9457869529724121 0.1674981564283371 1.0342860126840402e-14 0.06284612254937832
1252.5084228515625 1.1456156969070435 0.17832787334918976 1.0335616301075483e-14 0.06368652095110508
1252.5184326171875 0.965239405632019 0.16769884526729584 1.0328218315314164e-14 0.06453171979339659
1252.5284423828125 0.7151984572410583 0.15040120482444763 1.0320757649114748e-14 0.06537121588455057
1252.538330078125 0.848054051399231 0.16044189035892487 1.0313324087969644e-14 0.06622569270602177
1252.54833984375 0.8840342164039612 0.16289053857326508 1.0305735519795193e-14 0.06708470239501256
1252.558349609375 1.049340009689331 0.17394466698169708 1.0298081730083803e-14 0.067937584096487
1252.5682373046875 1.1201475858688354 0.17717993259429932 1.0290458433558514e-14 0.06880534595929193
1252.5782470703125 1.1517890691757202 0.17939434945583344 1.0282675047806195e-14 0.06967738973071019
1252.5882568359375 1.1179391145706177 0.1781347244977951 1.0274826440516936e-14 0.07054289637359726
1252.59814453125 0.818912923336029 0.1593163162469864 1.0267010020479674e-14 0.07142314880080866
1252.608154296875 0.9548478722572327 0.16772446036338806 1.0259030970116538e-14 0.07230743506161741
1252.6181640625 0.889465868473053 0.16296173632144928 1.0250985851183517e-14 0.07319566171336216
1252.6280517578125 0.7729514241218567 0.15548856556415558 1.0242973766535438e-14 0.07407679768104349
1252.6380615234375 0.7549973130226135 0.15375758707523346 1.0234796510462645e-14 0.07497256605366724
1252.6480712890625 0.9418749213218689 0.16764748096466064 1.0226552338787019e-14 0.07587200781073279
