wave flux_norm flux_err cont_fit cont_err
1140.0865478515625 0.8643929958343506 0.24403202533721924 1.1408286967017067e-14 0.022389871583217855
1140.0965576171875 0.9504750967025757 0.25293445587158203 1.1395251129958824e-14 0.022154416889011277
1140.1064453125 0.8754281401634216 0.24570365250110626 1.1382445685862233e-14 0.021926227523862175
1140.116455078125 1.2469877004623413 0.28152698278427124 1.1369552150339128e-14 0.021707999064253167
1140.12646484375 1.0770164728164673 0.26571983098983765 1.1356732306682434e-14 0.021494386430844396
1140.1363525390625 0.8896189332008362 0.24836942553520203 1.1344138620822657e-14 0.021288145248740484
1140.1463623046875 1.1319903135299683 0.27219218015670776 1.1331461078701102e-14 0.021091700898732253
1140.1563720703125 0.9093794226646423 0.251285582780838 1.1318854687347116e-14 0.020900207648351765
1140.166259765625 1.319648265838623 0.2903376817703247 1.13064736067571e-14 0.020716167274474433
1140.17626953125 1.0430024862289429 0.26435568928718567 1.1294009516938253e-14 0.0205417049229385
1140.186279296875 1.1544163227081299 0.27688348293304443 1.1281617424919923e-14 0.020372521312092984
1140.1962890625 1.2763279676437378 0.2887336313724518 1.1269295636636215e-14 0.020210823028326934
1140.2061767578125 1.1420127153396606 0.2773593068122864 1.125719492395174e-14 0.02005844563992512
1140.2161865234375 0.9195565581321716 0.25581949949264526 1.1245014590170223e-14 0.01991162747776725
1140.2261962890625 0.967998206615448 0.26172909140586853 1.1232905407156275e-14 0.019772272168299975
1140.236083984375 1.0916705131530762 0.2742950916290283 1.1221013064576825e-14 0.019640372701869552
1140.24609375 0.7629019021987915 0.23819880187511444 1.1209044489032122e-14 0.01951738122174353
1140.256103515625 0.955862283706665 0.26271581649780273 1.1197145370189093e-14 0.019400224676805636
1140.2659912109375 0.6771619915962219 0.22977174818515778 1.1185462244747615e-14 0.019290432560501725
1140.2760009765625 0.9448302388191223 0.2610454261302948 1.1173702886340883e-14 0.019189172932561484
1140.2860107421875 0.8705914616584778 0.2509540021419525 1.1162013831668774e-14 0.019093892705126805
1140.2958984375 0.9971771240234375 0.2681562900543213 1.1150535688200531e-14 0.01900582972794514
1140.305908203125 1.188887119293213 0.28855863213539124 1.1138986393964719e-14 0.018925865692221492
1140.31591796875 0.8517202734947205 0.25477588176727295 1.1127505709397634e-14 0.01885195764613412
1140.3258056640625 0.8454943895339966 0.2534417510032654 1.1116232547902626e-14 0.018785058666598055
1140.3358154296875 1.0719491243362427 0.2775121331214905 1.1104889929705944e-14 0.018725778823452676
1140.3458251953125 0.9729763865470886 0.2661435902118683 1.1093616768210936e-14 0.01867256110016817
1140.355712890625 1.1293017864227295 0.28222906589508057 1.1082548588689164e-14 0.01862608848152699
1140.36572265625 1.1918004751205444 0.28756606578826904 1.107141349356456e-14 0.0185867029587916
1140.375732421875 1.2088301181793213 0.2886616587638855 1.1060345314042788e-14 0.0185533266845635
1140.3856201171875 0.9582476019859314 0.2633351981639862 1.1049481269461304e-14 0.01852637411534391
1140.3956298828125 1.206563115119934 0.28731921315193176 1.1038550309276987e-14 0.018505939952000755
1140.4056396484375 0.9481000900268555 0.26317593455314636 1.1027687958761398e-14 0.01849139891600017
1140.4156494140625 1.3596243858337402 0.30010971426963806 1.1016893370881589e-14 0.018482915763219955
1140.425537109375 1.1233131885528564 0.27920690178871155 1.1006297835744385e-14 0.018480353405157978
1140.435546875 0.9369710087776184 0.2598380446434021 1.0995639620169084e-14 0.01848351509121055
1140.445556640625 1.1367861032485962 0.2790454030036926 1.0985049167229564e-14 0.018492331759936163
1140.4554443359375 1.046705961227417 0.2693910002708435 1.0974653531867912e-14 0.018506660300283792
1140.4654541015625 0.922794759273529 0.25710174441337585 1.0964197757167005e-14 0.018526084973091998
1140.4754638671875 1.1664119958877563 0.2794809341430664 1.095380889806893e-14 0.018550942932738172
1140.4853515625 0.8264548182487488 0.24662810564041138 1.094361316248283e-14 0.018580874950156485
1140.495361328125 0.9964562058448792 0.2622454762458801 1.093335898162337e-14 0.018615284287539228
1140.50537109375 1.076090931892395 0.27076268196105957 1.0923170869333795e-14 0.018654865646479873
1140.5152587890625 1.3512446880340576 0.295320600271225 1.0913173339457353e-14 0.01869907619680555
1140.5252685546875 0.8606253266334534 0.2493857592344284 1.0903119058373444e-14 0.018747144596017628
1140.5352783203125 1.1427583694458008 0.2764427065849304 1.0893130845859422e-14 0.018800109380763482
1140.545166015625 0.9030815958976746 0.25354790687561035 1.088333067465969e-14 0.01885725420224615
1140.55517578125 0.6921242475509644 0.23071089386940002 1.0873474599285438e-14 0.018917653577890523
1140.565185546875 0.7771074771881104 0.2406112253665924 1.086368543951402e-14 0.018982660588741054
1140.5750732421875 1.1471973657608032 0.27803581953048706 1.0854080932925104e-14 0.019051401600175197
1140.5850830078125 1.0247772932052612 0.26487424969673157 1.084442306326051e-14 0.01912282488512752
1140.5950927734375 1.025223731994629 0.26557737588882446 1.0834831262165803e-14 0.019198558695397792
1140.6051025390625 1.1457109451293945 0.2779209613800049 1.082530552964098e-14 0.019277594148828046
1140.614990234375 0.8167447447776794 0.24497491121292114 1.0815960215133924e-14 0.01935877284739977
1140.625 0.8996336460113525 0.25205764174461365 1.080656492568298e-14 0.019443960561153228
1140.635009765625 1.2705869674682617 0.28966283798217773 1.0797234857768973e-14 0.019532042966273568
1140.6448974609375 0.5299636721611023 0.2072938084602356 1.078808266677389e-14 0.019622883616376607
1140.6549072265625 0.98366779088974 0.262934148311615 1.0778882194900814e-14 0.019715197792016442
1140.6649169921875 0.6952278017997742 0.2313040792942047 1.0769746944564677e-14 0.019811140193041452
1140.6748046875 0.9444608092308044 0.2562343180179596 1.076078703004862e-14 0.019909459634153165
1140.684814453125 0.7793617844581604 0.24137498438358307 1.0751780528720466e-14 0.020008799217642138
1140.69482421875 1.1523362398147583 0.27931079268455505 1.074283924892925e-14 0.02011148546355459
1140.7047119140625 1.1129100322723389 0.2756272256374359 1.0734069916826326e-14 0.02021619990805405
1140.7147216796875 0.8253610134124756 0.24489977955818176 1.0725256539010145e-14 0.020321516861921768
1140.7247314453125 0.8717753291130066 0.2502354383468628 1.0716506688665008e-14 0.02042992152063333
1140.734619140625 1.25042724609375 0.2887556254863739 1.0707927091942269e-14 0.020540024908498596
1140.74462890625 0.7927005290985107 0.24490709602832794 1.0699305143572167e-14 0.02065034904480065
1140.754638671875 1.334699273109436 0.2980364263057709 1.069074672267311e-14 0.020763521458931893
1140.7645263671875 0.921991765499115 0.257913738489151 1.0682356014297609e-14 0.020878085904673993
1140.7745361328125 1.1753497123718262 0.28457894921302795 1.0673923801307692e-14 0.020992532420719426
1140.7845458984375 0.8343895673751831 0.24915795028209686 1.0665555962821767e-14 0.021109598188051446
1140.79443359375 0.884687066078186 0.2547626793384552 1.0657352448727609e-14 0.021227782795531235
1140.804443359375 0.8328549265861511 0.24975372850894928 1.0649109971117877e-14 0.02134554697374478
1140.814453125 0.9732265472412109 0.26468485593795776 1.064093102097919e-14 0.021465712725218737
1140.824462890625 1.3139119148254395 0.29759764671325684 1.0632814751278599e-14 0.02158674661147316
1140.8343505859375 0.6779882311820984 0.23153291642665863 1.062485857080504e-14 0.021707089950196476
1140.8443603515625 1.2399095296859741 0.29156017303466797 1.0616866814947695e-14 0.021829638511262437
1140.8543701171875 1.0094703435897827 0.2692716419696808 1.0608938586561395e-14 0.0219528377062342
1140.8642578125 0.957495927810669 0.2669476270675659 1.0601167059270337e-14 0.022076615206935254
1140.874267578125 1.1398656368255615 0.283847451210022 1.0593361650661388e-14 0.02219938314561396
1140.88427734375 0.9046015739440918 0.2609957456588745 1.0585618922490537e-14 0.022324114171433793
1140.8941650390625 1.1278125047683716 0.283828467130661 1.057803204838198e-14 0.022449223375046585
1140.9041748046875 1.0989187955856323 0.28042590618133545 1.057041213998848e-14 0.022573133405077956
1140.9141845703125 0.8220896124839783 0.2504752278327942 1.056285406500013e-14 0.022698832551884977
1140.924072265625 1.0314056873321533 0.27349287271499634 1.0555449302975233e-14 0.022824745406015777
1140.93408203125 1.458756446838379 0.31266191601753235 1.0548013200731288e-14 0.02294927519575126
1140.944091796875 0.9813694357872009 0.26626452803611755 1.0540638931892492e-14 0.023075446711282123
1140.9539794921875 1.068902850151062 0.27667975425720215 1.0533415434918307e-14 0.02320167044231115
1140.9639892578125 0.8916363716125488 0.25744760036468506 1.0526163138823916e-14 0.023326359892949882
1140.9739990234375 0.7609853148460388 0.24273720383644104 1.051897098206878e-14 0.02345255069782374
1140.98388671875 0.9321778416633606 0.2618747651576996 1.0511927056079413e-14 0.023578653831017298
1140.993896484375 1.141808271408081 0.2827393710613251 1.0504856872068681e-14 0.023703095546026266
1141.00390625 0.762703537940979 0.244248166680336 1.0497846827397204e-14 0.023828906032711088
1141.0137939453125 1.1905938386917114 0.2872314453125 1.0490981625359708e-14 0.02395450408616141
1141.0238037109375 1.2794986963272095 0.29635488986968994 1.0484091012333795e-14 0.02407832995379939
1141.0338134765625 1.0721803903579712 0.2772955298423767 1.0477261385680083e-14 0.024203402954986183
1141.0438232421875 1.2536931037902832 0.293827086687088 1.0470491898365627e-14 0.0243281572691659
1141.0537109375 0.9038435220718384 0.2612868845462799 1.0463863865553362e-14 0.02445255325942012
1141.063720703125 1.0429596900939941 0.27558645606040955 1.0457212962851521e-14 0.024575055986160218
1141.07373046875 1.1721925735473633 0.2892320454120636 1.0450621352455988e-14 0.024698658584474825
1141.0836181640625 0.9721843004226685 0.27130794525146484 1.0444169502496752e-14 0.024821809926919982
1141.0936279296875 1.1982433795928955 0.2929616868495941 1.0437696476713835e-14 0.024942992586212357
1141.1036376953125 0.7634759545326233 0.2480984777212143 1.0431283590270173e-14 0.025065173104526148
1141.113525390625 1.0400700569152832 0.2801285684108734 1.0425006229098071e-14 0.025186823114345176
1141.12353515625 1.0493638515472412 0.28043273091316223 1.041871023320113e-14 0.0253064401653432
1141.133544921875 1.0127841234207153 0.2754470407962799 1.0412472682577549e-14 0.025426961168331607
1141.1434326171875 0.6431252360343933 0.23602844774723053 1.0406369810192582e-14 0.02554687736268638
1141.1534423828125 0.9624041318893433 0.2729209065437317 1.0400249150115722e-14 0.0256647149789557
1141.1634521484375 1.1198443174362183 0.28802478313446045 1.0394186935312223e-14 0.02578336422762896
1141.17333984375 0.8981709480285645 0.2653619050979614 1.0388256857648496e-14 0.025901345821224796
1141.183349609375 1.0481312274932861 0.2815406620502472 1.038231068635877e-14 0.02601721556487987
1141.193359375 1.1715010404586792 0.2920890152454376 1.0376422960342406e-14 0.026133805840757994
1141.2032470703125 0.8870316743850708 0.26271873712539673 1.0370663136301077e-14 0.02624967358913659
1141.2132568359375 1.0170354843139648 0.2753419280052185 1.0364890606765539e-14 0.026363401761642334
1141.2232666015625 0.752509355545044 0.24749541282653809 1.0359175675470414e-14 0.02647777497763016
1141.2332763671875 1.186179280281067 0.29178422689437866 1.0353518342415702e-14 0.026591375512540285
1141.2431640625 0.8609724044799805 0.2573178708553314 1.0347986370237185e-14 0.02670281437612006
1141.253173828125 0.9929428100585938 0.26961222290992737 1.0342442539597405e-14 0.02681482948641687
1141.26318359375 1.1179126501083374 0.2825976014137268 1.0336956307198039e-14 0.026926022845638758
1141.2730712890625 0.949831485748291 0.2647005319595337 1.0331592894576025e-14 0.027036383434164066
1141.2830810546875 0.8484955430030823 0.2546301484107971 1.0326220164591591e-14 0.02714457281847911
1141.2930908203125 0.889035165309906 0.255916953086853 1.0320904185814623e-14 0.027253243052701596
1141.302978515625 0.80454021692276 0.24806548655033112 1.0315708485716165e-14 0.027361045365321055
1141.31298828125 1.1441502571105957 0.2832331657409668 1.0310505162321182e-14 0.027466670540894158
1141.322998046875 1.3563255071640015 0.3006552457809448 1.0305357743100717e-14 0.027572713483785087
1141.3328857421875 0.5904561877250671 0.22151271998882294 1.0300328908492869e-14 0.02767785794938444
1141.3428955078125 1.4000093936920166 0.3056088984012604 1.0295293297621442e-14 0.027780827659543848
1141.3529052734375 1.0593222379684448 0.27546781301498413 1.0290313590924534e-14 0.0278841549016923
1141.36279296875 1.061344861984253 0.2769182026386261 1.02854499277414e-14 0.02798655441217934
1141.372802734375 0.9747732877731323 0.26738250255584717 1.0280581182360582e-14 0.02808678782414396
1141.3828125 1.102783203125 0.27922600507736206 1.027576918818723e-14 0.02818732437534696
1141.3927001953125 1.0604097843170166 0.2753017246723175 1.0271069002362916e-14 0.028286907792278316
1141.4027099609375 0.9750338196754456 0.26650333404541016 1.026636627543976e-14 0.02838434122182771
1141.4127197265625 1.2311111688613892 0.2909497618675232 1.0261719452691123e-14 0.028482018066197844
1141.422607421875 1.147863745689392 0.2851465046405792 1.0257182744225629e-14 0.028578725085771552
1141.4326171875 1.2749298810958862 0.29492703080177307 1.025264434169424e-14 0.028673296045266243
1141.442626953125 1.0623136758804321 0.27661702036857605 1.0248161843337371e-14 0.028768061776144587
1141.45263671875 1.0624617338180542 0.27629923820495605 1.0243732708056178e-14 0.028861841660875798
1141.4625244140625 0.8921617865562439 0.25996237993240356 1.0239411992992234e-14 0.028954629961732925
1141.4725341796875 0.8065539002418518 0.2504027187824249 1.0235092124961237e-14 0.029045310965188167
1141.4825439453125 0.976762056350708 0.2670179307460785 1.0230826467038864e-14 0.029136120461782662
1141.492431640625 1.1488889455795288 0.2849142849445343 1.0226665841201951e-14 0.029225925982332483
1141.50244140625 1.1485486030578613 0.2844749987125397 1.022250775646388e-14 0.02931364984222807
1141.512451171875 0.7229991555213928 0.2410600185394287 1.0218403881834433e-14 0.029401452099448198
1141.5223388671875 0.8081569075584412 0.2500184178352356 1.0214402498191603e-14 0.02948824396450602
1141.5323486328125 0.7234249114990234 0.24146418273448944 1.0210404502680563e-14 0.02957298140856001
1141.5423583984375 0.937434732913971 0.263574481010437 1.0206460717278147e-14 0.029657752272401017
1141.55224609375 0.9375886917114258 0.2636246681213379 1.0202617728796454e-14 0.029741505147263925
1141.562255859375 0.8078523278236389 0.2500216066837311 1.0198779822512445e-14 0.029823233333522037
1141.572265625 0.8498528599739075 0.2516862154006958 1.0194995279304113e-14 0.029904953152718048
1141.5821533203125 0.766623854637146 0.24672624468803406 1.0191308144884715e-14 0.029985649343465787
1141.5921630859375 0.9369567632675171 0.26356443762779236 1.018762948079479e-14 0.030064353540114278
1141.6021728515625 0.9374344944953918 0.26422742009162903 1.0184002485714647e-14 0.030143007596048006
1141.612060546875 0.9795700907707214 0.267801970243454 1.0180471205357543e-14 0.030220635903653092
1141.6220703125 0.8514062762260437 0.2548365294933319 1.017694924236286e-14 0.030296307505829873
1141.632080078125 1.2382036447525024 0.2938859462738037 1.0173478948377959e-14 0.03037188903827774
1141.64208984375 0.8515447378158569 0.25421974062919617 1.0170062017468735e-14 0.030446440799526
1141.6519775390625 1.1091361045837402 0.2809216380119324 1.0166736566117815e-14 0.03051907334040792
1141.6619873046875 1.1995985507965088 0.29153046011924744 1.0163422973228156e-14 0.030591580077173268
1141.6719970703125 0.5956878066062927 0.2246236354112625 1.0160160202315333e-14 0.030663055484311103
1141.681884765625 0.7255593538284302 0.24150092899799347 1.0156988063927865e-14 0.030733502950802703
1141.69189453125 0.9844762682914734 0.2702355682849884 1.0153828631034607e-14 0.030802083031737894
1141.701904296875 1.1565561294555664 0.2869895100593567 1.0150720020118183e-14 0.030870487818183853
1141.7117919921875 0.9395915269851685 0.2626652717590332 1.0147700347661222e-14 0.03093786477084857
1141.7218017578125 1.069936752319336 0.2781662046909332 1.0144694227731416e-14 0.03100341417499399
1141.7318115234375 1.1584478616714478 0.2879517674446106 1.0141738929778446e-14 0.03106875321187872
1141.74169921875 0.9415819644927979 0.26567766070365906 1.0138869182153148e-14 0.031133070204710126
1141.751708984375 1.501296877861023 0.3171069920063019 1.0136014681120901e-14 0.031195598309671568
1141.76171875 0.7275466918945312 0.24285739660263062 1.013321100206549e-14 0.031257885711773944
1141.7716064453125 0.9423707127571106 0.2658652067184448 1.0130491179271856e-14 0.03131915292234139
1141.7816162109375 0.9845818281173706 0.2695777714252472 1.0127788297137168e-14 0.03137867712303539
1141.7916259765625 0.7282602190971375 0.24223001301288605 1.0125135389946367e-14 0.031437927845245524
1141.801513671875 1.0333987474441528 0.2757266163825989 1.0122563797918503e-14 0.03149616362757891
1141.8115234375 1.2579141855239868 0.2983624041080475 1.0120009993582531e-14 0.031552700212814346
1141.821533203125 0.9984831809997559 0.27104172110557556 1.0117506164190448e-14 0.03160893218073596
1141.8314208984375 0.7899010181427002 0.2505217492580414 1.0115081955895406e-14 0.031664157424975706
1141.8414306640625 1.406470537185669 0.31277844309806824 1.0112677229358151e-14 0.03171772334972724
1141.8514404296875 0.9141248464584351 0.26507842540740967 1.0110321630731837e-14 0.03177095994806216
1141.8614501953125 0.9059603810310364 0.26587241888046265 1.0108015160016463e-14 0.03182319699047349
1141.871337890625 0.9379456639289856 0.27012574672698975 1.010578576929929e-14 0.031873822389469064
1141.88134765625 0.6693556308746338 0.23819813132286072 1.0103577554405798e-14 0.031924085455021844
1141.891357421875 1.5523254871368408 0.3305000364780426 1.0101418467423247e-14 0.0319733613207106
1141.9012451171875 0.7831390500068665 0.25541043281555176 1.0099333072307107e-14 0.03202165256977628
1141.9112548828125 0.7964299917221069 0.25628262758255005 1.0097270547080543e-14 0.032068390661306775
1141.9212646484375 0.8713889122009277 0.2655387818813324 1.0095256302731972e-14 0.032114733655196195
1141.93115234375 0.5822923183441162 0.2286614626646042 1.0093314903216865e-14 0.0321601006465067
1141.941162109375 0.5721444487571716 0.2321368157863617 1.0091397220624281e-14 0.03220396160892112
1141.951171875 0.8350459933280945 0.26709333062171936 1.0089526971876744e-14 0.032247404282750615
1141.9610595703125 0.8615074753761292 0.26857104897499084 1.0087727873896776e-14 0.03228988120143109
1141.9710693359375 1.1355575323104858 0.2971121072769165 1.0085953339872278e-14 0.03233089899025515
1141.9810791015625 0.6357743144035339 0.24194656312465668 1.0084227086725774e-14 0.032371471937444
1141.990966796875 1.2710447311401367 0.3129226267337799 1.008256859621505e-14 0.0324110948271288
1142.0009765625 0.7491294741630554 0.25407832860946655 1.008093636372569e-14 0.0324493034793781
1142.010986328125 0.9961612820625305 0.2824123203754425 1.0079352412114325e-14 0.03248704452723229
1142.0208740234375 1.1042722463607788 0.294201135635376 1.0077833682039898e-14 0.032523849655755284
1142.0308837890625 0.46907880902290344 0.21592414379119873 1.007634290405273e-14 0.0325592878663676
1142.0408935546875 0.9920657873153687 0.2810649275779724 1.0074898712877662e-14 0.03259423731852635
1142.0509033203125 0.9441255331039429 0.2754618525505066 1.007350195554764e-14 0.03262826305090787
1142.060791015625 1.0073083639144897 0.280350923538208 1.0072168725688661e-14 0.0326609692664038
1142.07080078125 0.7771381735801697 0.25469595193862915 1.007086429494989e-14 0.03269316941174503
1142.080810546875 0.9203004240989685 0.2707710564136505 1.0069606451023217e-14 0.03272445880687407
1142.0906982421875 0.8011986017227173 0.25738903880119324 1.0068410440501694e-14 0.03275484107245314
1142.1007080078125 0.8228943943977356 0.2595762610435486 1.0067244076133325e-14 0.032783966351041076
1142.1107177734375 1.108781337738037 0.290997177362442 1.0066125145610002e-14 0.032812562000370644
1142.12060546875 1.2079665660858154 0.29965800046920776 1.006506466036004e-14 0.03284026438096676
1142.130615234375 1.371947169303894 0.3142564296722412 1.0064036362362073e-14 0.03286676233892615
1142.140625 0.7197666764259338 0.2464171051979065 1.0063053804143258e-14 0.03289270880237752
1142.1505126953125 0.8535902500152588 0.2612312436103821 1.0062127150098962e-14 0.03291778168810856
1142.1605224609375 0.9020780920982361 0.2667959928512573 1.0061235224405503e-14 0.03294169231101493
1142.1705322265625 0.9888483881950378 0.2735711634159088 1.0060388191458249e-14 0.03296504139363046
1142.180419921875 0.7910003066062927 0.252286821603775 1.0059596215652566e-14 0.032987529207477446
1142.1904296875 0.787725031375885 0.2463046908378601 1.005883896819772e-14 0.03300890483134386
1142.200439453125 0.9121610522270203 0.2644774317741394 1.005812661348908e-14 0.03302970208158559
1142.2103271484375 1.0486080646514893 0.2778679430484772 1.0057466774823168e-14 0.033049656628980954
1142.2203369140625 0.9457340240478516 0.26617512106895447 1.005684335857399e-14 0.03306854846415018
1142.2303466796875 0.7267656922340393 0.240446999669075 1.0056264835071015e-14 0.033086846753223834
1142.240234375 0.5976002216339111 0.2265157401561737 1.0055736286511928e-14 0.03310432138883659
1142.250244140625 0.6825894713401794 0.23609206080436707 1.0055245854435468e-14 0.03312077745218039
1142.26025390625 0.8544466495513916 0.2557034194469452 1.0054798621039317e-14 0.03313662871730846
1142.270263671875 0.6405566930770874 0.23177506029605865 1.0054396280389372e-14 0.03315167576671525
1142.2801513671875 0.6838979721069336 0.23735161125659943 1.0054041373584472e-14 0.033165751068807224
1142.2901611328125 0.6841934323310852 0.23762667179107666 1.0053725430295146e-14 0.033179214317876245
1142.3001708984375 1.0253045558929443 0.27201491594314575 1.0053453532719078e-14 0.03319188793766819
1142.31005859375 0.7702038288116455 0.24772357940673828 1.005322737492216e-14 0.033203780011540424
1142.320068359375 1.243708610534668 0.29551762342453003 1.0053041874706712e-14 0.03321476641193267
1142.330078125 0.7675206065177917 0.24465206265449524 1.0052899573171573e-14 0.03322512542928781
1142.3399658203125 0.8555915951728821 0.25676748156547546 1.0052800470316745e-14 0.03323472081139485
1142.3499755859375 0.639881432056427 0.23153626918792725 1.0052743719109278e-14 0.03324345924967804
1142.3599853515625 0.5518187880516052 0.21624614298343658 1.0052729319549175e-14 0.03325156067653551
1142.369873046875 0.683776319026947 0.23723363876342773 1.0052757271636435e-14 0.03325891980688481
1142.3798828125 0.6014274954795837 0.22697682678699493 1.0052827575371057e-14 0.03326546785217756
1142.389892578125 0.9528845548629761 0.26813673973083496 1.0052940230753041e-14 0.033271370589401654
1142.3997802734375 0.6117875576019287 0.22938990592956543 1.0053093543716494e-14 0.03327655590835032
1142.4097900390625 0.9383471012115479 0.27025556564331055 1.0053290055360257e-14 0.03328097245093734
1142.4197998046875 1.104901671409607 0.28518542647361755 1.0053528918651383e-14 0.033284742459971595
1142.4296875 0.7890731692314148 0.25055694580078125 1.0053805898425135e-14 0.03328781204515895
1142.439697265625 1.4703885316848755 0.3199089765548706 1.0054127770945092e-14 0.033290162799615795
1142.44970703125 1.096100926399231 0.28954175114631653 1.0054491148079464e-14 0.033291862145863424
1142.4595947265625 1.097682237625122 0.2948855459690094 1.0054890947630568e-14 0.033292881060381876
1142.4696044921875 0.8824817538261414 0.26170194149017334 1.0055337333993771e-14 0.033293228065269284
1142.4796142578125 1.5385297536849976 0.3286460340023041 1.0055824377938442e-14 0.03329291714211511
1142.4896240234375 1.5688519477844238 0.33465665578842163 1.0056352926497529e-14 0.03329195160772351
1142.49951171875 1.4635846614837646 0.32414159178733826 1.0056914509341559e-14 0.033290332667234544
1142.509521484375 1.4367737770080566 0.31837958097457886 1.0057524373063582e-14 0.03328810694362912
1142.51953125 1.112128734588623 0.28669434785842896 1.0058174894367073e-14 0.03328521969298093
1142.5294189453125 0.989099383354187 0.28243449330329895 1.0058856755889613e-14 0.033281708191266725
1142.5394287109375 0.8392319679260254 0.26474255323410034 1.0059587745323093e-14 0.033277627460765825
1142.5494384765625 1.53989839553833 0.32261595129966736 1.0060359392338042e-14 0.03327289026034436
1142.559326171875 1.0155888795852661 0.2829805612564087 1.0061160685506144e-14 0.03326754700418403
1142.5693359375 1.3619940280914307 0.31915754079818726 1.0062011953618135e-14 0.03326168577877149
1142.579345703125 1.1397359371185303 0.2936461269855499 1.00629021852457e-14 0.033255163293279134
1142.5892333984375 1.2513318061828613 0.30695152282714844 1.0063822063026417e-14 0.033248062110680654
1142.5992431640625 1.2806317806243896 0.3127967119216919 1.0064791915751024e-14 0.03324048475817076
1142.6092529296875 1.042140245437622 0.28876230120658875 1.0065800731991204e-14 0.03323225078759042
1142.619140625 1.358345627784729 0.3180030882358551 1.0066836653285696e-14 0.033223458174703846
1142.629150390625 1.052564263343811 0.2846156060695648 1.006792424358997e-14 0.03321423559348743
1142.63916015625 1.4009692668914795 0.3209749162197113 1.0069051644442766e-14 0.03320435760986803
1142.6490478515625 1.3926520347595215 0.3189451992511749 1.0070202762218084e-14 0.03319394878975972
1142.6590576171875 1.0989691019058228 0.2880864441394806 1.007140724306908e-14 0.03318315071749233
1142.6690673828125 1.7521698474884033 0.3570895195007324 1.0072649840402702e-14 0.03317170452115923
1142.6790771484375 1.1880329847335815 0.30781543254852295 1.0073932248284845e-14 0.03315974815226493
1142.68896484375 0.9686660766601562 0.275696724653244 1.0075235831990669e-14 0.03314744766642586
1142.698974609375 1.3612943887710571 0.31738126277923584 1.0076593625805118e-14 0.03313450512522688
1142.708984375 1.0277559757232666 0.2897965610027313 1.007799038313514e-14 0.03312107551282266
1142.7188720703125 1.1383018493652344 0.2909702956676483 1.007940662222295e-14 0.033107171610578426
1142.7288818359375 0.9239079356193542 0.271847665309906 1.0080878765485277e-14 0.03309297702433407
1142.7388916015625 1.1485015153884888 0.2942119240760803 1.0082388178197284e-14 0.033078150131658414
1142.748779296875 0.883225679397583 0.26836585998535156 1.0083917072667078e-14 0.03306287222571705
1142.7587890625 1.2828447818756104 0.30700477957725525 1.0085501024278444e-14 0.03304734419753737
1142.768798828125 1.3575005531311035 0.3173058032989502 1.0087123092372436e-14 0.03303119278697112
1142.7786865234375 1.0728039741516113 0.28275102376937866 1.0088762101125373e-14 0.03301461726950346
1142.7886962890625 0.9848354458808899 0.27425211668014526 1.0090458708118723e-14 0.03299783131771353
1142.7987060546875 0.9208645820617676 0.271801233291626 1.0092191737528806e-14 0.03298043266193612
1142.80859375 0.4014081358909607 0.2013816088438034 1.0093940013531939e-14 0.03296263092285763
1142.818603515625 1.308777928352356 0.3075306713581085 1.0095745887775485e-14 0.03294466047125646
1142.82861328125 1.221343755722046 0.29984599351882935 1.009758903146871e-14 0.03292608870315578
1142.8385009765625 1.353406548500061 0.31161898374557495 1.0099445727689092e-14 0.03290714090850448
1142.8485107421875 1.1574774980545044 0.29132792353630066 1.0101361716215781e-14 0.03288806203371188
1142.8585205078125 0.7595563530921936 0.24984045326709747 1.0103313280126255e-14 0.032868392674879426
1142.868408203125 1.2667549848556519 0.2991673946380615 1.010527670249799e-14 0.03284837059296602
1142.87841796875 0.9386981725692749 0.2638840675354004 1.010730026420898e-14 0.03282826015684059
1142.888427734375 0.7613810896873474 0.24380114674568176 1.0109359401303756e-14 0.03280757015480035
1142.8984375 0.8053747415542603 0.24955973029136658 1.0111454960815263e-14 0.032786555158431686
1142.9083251953125 0.9740860462188721 0.26587849855422974 1.011355983768919e-14 0.03276522235368157
1142.9183349609375 0.8059364557266235 0.24963152408599854 1.011572570093532e-14 0.03274384940740451
1142.9283447265625 1.0198670625686646 0.27250272035598755 1.0117926292532286e-14 0.03272191589395593
1142.938232421875 1.0606597661972046 0.27617377042770386 1.0120135354458725e-14 0.03269969194000803
1142.9482421875 1.0160728693008423 0.2711777091026306 1.0122407096823261e-14 0.032677462272771754
1142.958251953125 1.225862741470337 0.2903633117675781 1.0124712720505687e-14 0.0326546831696355
1142.9681396484375 0.9745315909385681 0.2675793468952179 1.0127025120451692e-14 0.032631642616591405
1142.9781494140625 1.0157177448272705 0.2714579105377197 1.0129400200835793e-14 0.03260862941268853
1142.9881591796875 0.7153778076171875 0.23736637830734253 1.0131810009570731e-14 0.03258508745718068
1142.998046875 0.9292525053024292 0.26221489906311035 1.0134224053470406e-14 0.03256130282322417
1143.008056640625 1.140939474105835 0.28311753273010254 1.0136702471874072e-14 0.03253758259947315
1143.01806640625 0.9300499558448792 0.2626439332962036 1.0139214771595628e-14 0.032513349251509935
1143.0279541015625 0.7572982311248779 0.24252362549304962 1.0141729612416026e-14 0.03248889983119378
1143.0379638671875 1.0542844533920288 0.2742062211036682 1.0144309674773363e-14 0.032464545747854893
1143.0479736328125 0.8862001299858093 0.2577499449253082 1.014692361844859e-14 0.03243969705477692
1143.057861328125 1.1406278610229492 0.28319692611694336 1.0149538409156764e-14 0.03241465621753337
1143.06787109375 0.9295490384101868 0.26242518424987793 1.0152218421401876e-14 0.032389742354636514
1143.077880859375 0.840742826461792 0.2517400085926056 1.0154932314964879e-14 0.03236434906686568
1143.087890625 0.7565928101539612 0.24293583631515503 1.0157679242812825e-14 0.032338792097676185
1143.0977783203125 0.8825687766075134 0.2563903331756592 1.0160425323627823e-14 0.03231339272898913
1143.1077880859375 0.7986218333244324 0.24770855903625488 1.0163238320045655e-14 0.03228752905083601
1143.1177978515625 0.7528873085975647 0.24062786996364594 1.0166084350748429e-14 0.03226152734212659
1143.127685546875 0.922124981880188 0.25966355204582214 1.0168926993319415e-14 0.03223539141528105
1143.1376953125 0.6292963624000549 0.22773750126361847 1.017183739852618e-14 0.032209451704701506
1143.147705078125 0.6686218976974487 0.23099547624588013 1.0174780838017889e-14 0.03218307534987441
1143.1575927734375 0.5851334929466248 0.2215154469013214 1.0177720042344861e-14 0.03215658980005902
1143.1676025390625 0.7534952163696289 0.24169687926769257 1.0180727009307614e-14 0.03213032763498752
1143.1776123046875 0.6694265007972717 0.23204189538955688 1.018376701055531e-14 0.03210364521240018
1143.1875 0.6308691501617432 0.22738255560398102 1.0186800235539428e-14 0.032076880871472487
1143.197509765625 0.6692888736724854 0.23215502500534058 1.018990291722522e-14 0.03205036270310167
1143.20751953125 0.5800861120223999 0.21606603264808655 1.0193037786163008e-14 0.032023446671830755
1143.2174072265625 0.7104929685592651 0.23683615028858185 1.0196165031804271e-14 0.03199646693991836
1143.2274169921875 0.8764978647232056 0.25433680415153503 1.0199361734147209e-14 0.031969760161093236
1143.2374267578125 0.45511019229888916 0.20152439177036285 1.0202590623742142e-14 0.03194267539577479
1143.247314453125 0.5824655294418335 0.22054773569107056 1.0205810195974656e-14 0.031915546867106376
1143.25732421875 0.4600158631801605 0.20369704067707062 1.0209100071941792e-14 0.031888714341246724
1143.267333984375 0.9170556664466858 0.2586097717285156 1.0212421288127976e-14 0.03186152351296513
1143.2772216796875 0.8314691781997681 0.24864161014556885 1.0215732339918793e-14 0.031834311633760354
1143.2872314453125 0.7916012406349182 0.2453944832086563 1.0219114542477179e-14 0.03180741556716791
1143.2972412109375 0.9586992263793945 0.26297780871391296 1.0222527238221667e-14 0.03178018171482167
1143.3072509765625 0.9127588272094727 0.2559598982334137 1.0225970427152255e-14 0.031752945464249144
1143.317138671875 0.915483295917511 0.25771981477737427 1.0229400910588635e-14 0.03172604662483273
1143.3271484375 1.1274194717407227 0.27980780601501465 1.0232904238858479e-14 0.03169882448091442
1143.337158203125 0.8706858158111572 0.25068527460098267 1.0236437213281477e-14 0.03167162325925956
1143.3470458984375 0.70476233959198 0.23441186547279358 1.0239956635177318e-14 0.03164444173719856
1143.3570556640625 0.6210920214653015 0.22400613129138947 1.0243548901906624e-14 0.03161762340043479
1143.3670654296875 0.7875124216079712 0.24342861771583557 1.0247170814789083e-14 0.03159051078503423
1143.376953125 0.8722165822982788 0.2533383369445801 1.025077832811144e-14 0.03156343734726811
1143.386962890625 0.9115779995918274 0.25615358352661133 1.025445868626726e-14 0.031536740455070954
1143.39697265625 0.7023457884788513 0.2322620451450348 1.0258167843543286e-14 0.03150976676700783
1143.4068603515625 1.1627033948898315 0.2817559540271759 1.0261860907193315e-14 0.03148285022117205
1143.4168701171875 0.8717558979988098 0.25337693095207214 1.0265628509742702e-14 0.03145632348291696
1143.4268798828125 0.8302240371704102 0.24910099804401398 1.0269424911412296e-14 0.03142953799066223
1143.436767578125 0.7875792980194092 0.2442009598016739 1.027320267835705e-14 0.031402827094159966
1143.44677734375 1.1208823919296265 0.2781796455383301 1.027705583123411e-14 0.03137651587093944
1143.456787109375 0.7411321997642517 0.2360457479953766 1.0280936936198429e-14 0.031349962366931584
1143.4666748046875 0.7876651883125305 0.2442011535167694 1.0284799406437908e-14 0.03132349817626375
1143.4766845703125 0.9934502243995667 0.2653363347053528 1.0288736415576746e-14 0.031297445071910145
1143.4866943359375 0.6172567009925842 0.22260232269763947 1.0292702223835791e-14 0.03127116510813549
1143.4967041015625 0.8266862630844116 0.24795682728290558 1.0296695984182095e-14 0.031244982887158223
1143.506591796875 0.8647626638412476 0.25042423605918884 1.030066772167177e-14 0.031219224645931527
1143.5166015625 0.9915757179260254 0.26482105255126953 1.0304716539159646e-14 0.031193252424890856
1143.526611328125 0.9885431528091431 0.2631674110889435 1.0308792461701834e-14 0.031167391905249392
1143.5364990234375 0.6579025983810425 0.22768352925777435 1.0312845514354445e-14 0.03114164585194497
1143.5465087890625 0.9843739867210388 0.26012465357780457 1.0316976494038205e-14 0.031116328709015283
1143.5565185546875 0.8207532167434692 0.2447153627872467 1.0321133731743329e-14 0.031090817457699396
1143.56640625 1.0275166034698486 0.2665134370326996 1.032526725252593e-14 0.031065431889346684
1143.576416015625 1.0261547565460205 0.26564791798591614 1.0329477853306731e-14 0.031040477047349278
1143.58642578125 0.7391939759254456 0.23702476918697357 1.0333715559141844e-14 0.031015342779823978
1143.5963134765625 1.1512360572814941 0.2789766192436218 1.033792785398854e-14 0.03099033814196126
1143.6063232421875 0.9844760298728943 0.26207342743873596 1.034221892289933e-14 0.03096577175911512
1143.6163330078125 0.904978334903717 0.2553931176662445 1.0346535402798538e-14 0.030941033791141537
1143.626220703125 0.8155289888381958 0.23974449932575226 1.0350825624676381e-14 0.030916432032641793
1143.63623046875 0.8213416337966919 0.24628056585788727 1.0355194620618319e-14 0.030892264078780953
1143.646240234375 0.6937069296836853 0.22935502231121063 1.0359589027548674e-14 0.03086793946067443
1143.6561279296875 0.735003650188446 0.2347596287727356 1.036395548239177e-14 0.030843753736574383
1143.6661376953125 0.9010439515113831 0.2539025545120239 1.0368401558331908e-14 0.030820003707829103
1143.6761474609375 0.7771780490875244 0.24048268795013428 1.0372873045260463e-14 0.030796098004075255
1143.68603515625 1.3145294189453125 0.2937110364437103 1.0377314886035865e-14 0.030772338935828786
1143.696044921875 0.9810600280761719 0.26149144768714905 1.0381837194941256e-14 0.03074900855865195
1143.7060546875 0.7785838842391968 0.24128612875938416 1.0386384067802117e-14 0.03072553161435097
1143.716064453125 0.9840186238288879 0.2628282308578491 1.0390956351651395e-14 0.030702196936313007
1143.7259521484375 1.2306760549545288 0.28607499599456787 1.0395496448248678e-14 0.030679288784478963
1143.7359619140625 1.0639209747314453 0.270134836435318 1.0400117860008898e-14 0.030656239277094363
1143.7459716796875 1.1448537111282349 0.2776624858379364 1.0404763835724588e-14 0.030633331427260872
1143.755859375 0.9378679394721985 0.2571173906326294 1.0409377624188282e-14 0.03061056294461435
1143.765869140625 1.061200499534607 0.26950281858444214 1.0414071880781965e-14 0.03058820952618574
1143.77587890625 1.0145188570022583 0.2632041871547699 1.0418791548364066e-14 0.030565716263615934
1143.7857666015625 0.8129554986953735 0.2432984560728073 1.042347648759533e-14 0.030543362063984586
1143.7957763671875 0.9357132315635681 0.25652432441711426 1.042824274198953e-14 0.030521413373596974
1143.8057861328125 1.1339123249053955 0.27382177114486694 1.04330335603392e-14 0.030499322349361303
1143.815673828125 0.9758481383323669 0.2608169615268707 1.0437788803305086e-14 0.0304773636755326
1143.82568359375 0.7675994634628296 0.23731444776058197 1.0442626208466855e-14 0.03045580076207237
1143.835693359375 0.8508095145225525 0.2473682314157486 1.0447487330551147e-14 0.03043409330327159
1143.8455810546875 1.0509231090545654 0.26638293266296387 1.0452312030218708e-14 0.030412512865374924
1143.8555908203125 0.8910771608352661 0.25158292055130005 1.04572197391151e-14 0.03039131053104387
1143.8656005859375 1.0125699043273926 0.2637088894844055 1.046214947086812e-14 0.03036996099927508
1143.87548828125 0.7279466390609741 0.23376819491386414 1.0467042780204407e-14 0.030348726250384924
1143.885498046875 0.48094412684440613 0.2013549655675888 1.0472018251736579e-14 0.030327857458449733
1143.8955078125 1.092578411102295 0.2711776793003082 1.0477016593158327e-14 0.03030683559720862
1143.9053955078125 1.009592890739441 0.2627817988395691 1.04819759710645e-14 0.030285915431357693
1143.9154052734375 1.213126540184021 0.28204014897346497 1.0487019205232453e-14 0.030265344593856006
1143.9254150390625 1.0101542472839355 0.2631097733974457 1.0492084462257033e-14 0.030244614419546744
1143.9354248046875 0.761660635471344 0.2349405437707901 1.049717258917119e-14 0.030223969140357135
1143.9453125 1.0851449966430664 0.26807376742362976 1.0502219211470931e-14 0.03020340598914627
1143.955322265625 0.6415607333183289 0.22209610044956207 1.0507350537065398e-14 0.03018317203368471
1143.96533203125 0.5627755522727966 0.21307724714279175 1.0512503885516493e-14 0.030162758058056967
1143.9752197265625 0.47865501046180725 0.20034484565258026 1.0517614882320225e-14 0.03014241151524475
1143.9852294921875 0.8431156277656555 0.2448665201663971 1.0522810582418683e-14 0.030122373532790583
1143.9952392578125 0.6399126052856445 0.2215377688407898 1.052802830537377e-14 0.030102138467189222
1144.005126953125 0.8864642977714539 0.25007063150405884 1.0533202829648546e-14 0.030081956185101174
1144.01513671875 0.6381977200508118 0.2204994261264801 1.0538462057218048e-14 0.030062058642545752
1144.025146484375 0.4768417775630951 0.1996353417634964 1.0543742460611231e-14 0.030041953071479763
1144.0350341796875 0.5976341962814331 0.21555744111537933 1.054897797125821e-14 0.030021872131154433
1144.0450439453125 0.5572734475135803 0.21055927872657776 1.0554299879265809e-14 0.0300020621310405
1144.0550537109375 0.23464570939540863 0.16019144654273987 1.0559642116064142e-14 0.029982017303142275
1144.06494140625 0.6798508763313293 0.22654232382774353 1.056493946011627e-14 0.02996198216457585
1144.074951171875 0.5211151838302612 0.20623081922531128 1.0570321507463124e-14 0.029942191868923846
1144.0849609375 0.43779781460762024 0.19503670930862427 1.057572473063366e-14 0.02992214559959605
1144.0948486328125 0.5988402962684631 0.2165396362543106 1.0581081366992096e-14 0.029902085360596246
1144.1048583984375 0.2750588059425354 0.16828542947769165 1.0586523553678204e-14 0.029882247156335574
1144.1148681640625 0.4360949993133545 0.19418291747570038 1.0591986069155047e-14 0.029862127644395366
1144.1248779296875 0.5569025278091431 0.21082165837287903 1.0597468066389677e-14 0.029841970798432416
1144.134765625 0.8745263814926147 0.2461414784193039 1.0602902629779261e-14 0.029822009605529724
1144.144775390625 0.6358817219734192 0.22027276456356049 1.0608423590529464e-14 0.02980174312891648
1144.15478515625 0.39247894287109375 0.18435274064540863 1.0613963186004507e-14 0.029781410807336556
1144.1646728515625 0.513898491859436 0.2041068822145462 1.0619454500601557e-14 0.02976100062129284
1144.1746826171875 0.8690246343612671 0.24173228442668915 1.0625033059592174e-14 0.029740755498654726
1144.1846923828125 0.8319228291511536 0.24080918729305267 1.0630629406274683e-14 0.029720168545944368
1144.194580078125 1.1141101121902466 0.2699885964393616 1.0636176625046252e-14 0.029699473363122335
1144.20458984375 0.9096503257751465 0.24767430126667023 1.064181024117844e-14 0.02967891915646782
1144.214599609375 0.8735414147377014 0.2462596595287323 1.0647463339068415e-14 0.029657987950935362
1144.2244873046875 0.8327876925468445 0.2416667938232422 1.0653064767948608e-14 0.02963692285797028
1144.2344970703125 0.6727246642112732 0.2237986922264099 1.0658753441222368e-14 0.02961597391241775
1144.2445068359375 0.6729261875152588 0.22403770685195923 1.066445990218802e-14 0.029594609463357065
1144.25439453125 0.9107626676559448 0.24956172704696655 1.0670115541176837e-14 0.029573083528577116
1144.264404296875 0.9138996005058289 0.25053006410598755 1.0675857577526274e-14 0.029551647944226087
1144.2744140625 1.3458501100540161 0.2890235185623169 1.068161824860055e-14 0.02952975988982725
1144.2843017578125 1.1095473766326904 0.2689362168312073 1.068732555659915e-14 0.029507676497638084
1144.2943115234375 0.5125505328178406 0.2037261724472046 1.0693120108991316e-14 0.02948566202862489
1144.3043212890625 0.9469614028930664 0.2522338628768921 1.0698932449075375e-14 0.029463154168920848
1144.314208984375 1.027151346206665 0.26052191853523254 1.070469057905081e-14 0.029440418964430903
1144.32421875 0.589832067489624 0.212853342294693 1.071053680045276e-14 0.029417725064407815
1144.334228515625 0.6288077235221863 0.217378631234169 1.0716399962513654e-14 0.029394502479299162
1144.34423828125 0.9075245261192322 0.24872443079948425 1.0722280065233493e-14 0.029371014999835552
1144.3541259765625 0.7900343537330627 0.23665089905261993 1.072810511081176e-14 0.02934725622484089
1144.3641357421875 0.6298366785049438 0.21802350878715515 1.0734018247816543e-14 0.02932350425512774
1144.3741455078125 0.511182963848114 0.20296266674995422 1.0739947478447323e-14 0.0292991654489652
1144.384033203125 1.0208207368850708 0.2583959400653839 1.0745820804903584e-14 0.02927451615604984
1144.39404296875 0.942169189453125 0.2508920431137085 1.075178222278636e-14 0.029249855313969637
1144.404052734375 0.6672280430793762 0.221988707780838 1.0757759734295134e-14 0.02922456007514951
1144.4139404296875 0.9426879286766052 0.2514577805995941 1.0763680494596441e-14 0.029198920975907323
1144.4239501953125 0.9813969731330872 0.2550959587097168 1.0769689346324263e-14 0.029173246349072084
1144.4339599609375 1.2196122407913208 0.27754801511764526 1.0775714291678083e-14 0.029146891812287343
1144.44384765625 0.9798036217689514 0.2544458508491516 1.0781680791758542e-14 0.029120157750076328
1144.453857421875 1.0226128101348877 0.25945985317230225 1.0787736230298463e-14 0.029093365025749645
1144.4638671875 0.6641790270805359 0.2207767218351364 1.0793806915431435e-14 0.029065844328552574
1144.4737548828125 0.7808430194854736 0.23343126475811005 1.0799817461225152e-14 0.029037910206012117
1144.4837646484375 1.2510484457015991 0.27855536341667175 1.0805917792511277e-14 0.029009897290171633
1144.4937744140625 1.1701968908309937 0.2713366448879242 1.0812033370390453e-14 0.028981106707360316
1144.503662109375 1.0112082958221436 0.2556071877479553 1.0818087961897427e-14 0.02895186330940364
1144.513671875 0.8958949446678162 0.24541312456130981 1.082423233889681e-14 0.028922526413811458
1144.523681640625 0.9711331129074097 0.25165849924087524 1.0830391115456296e-14 0.028892359161128766
1144.53369140625 0.661322832107544 0.22002223134040833 1.0836564291575885e-14 0.02886170488120431
1144.5435791015625 0.932163417339325 0.24825449287891388 1.0842676481323272e-14 0.02883093908353236
1144.5535888671875 0.9737805724143982 0.253214567899704 1.084887760953012e-14 0.02879928622455852
1144.5635986328125 0.8914908766746521 0.24361552298069 1.0855092290264125e-14 0.02876711553585569
1144.573486328125 0.9306939244270325 0.2478312999010086 1.086124513759298e-14 0.028734415358104913
1144.58349609375 0.8892353773117065 0.24256345629692078 1.0867486923381298e-14 0.02870158047320282
1144.593505859375 1.0080993175506592 0.25539344549179077 1.0873743108729718e-14 0.028667791352732983
1144.6033935546875 0.7339252829551697 0.22650602459907532 1.0879935766607094e-14 0.028633433614930703
1144.6134033203125 1.0052074193954468 0.2544136047363281 1.088621820997688e-14 0.028598932255666225
1144.6234130859375 1.0431548357009888 0.2577923536300659 1.0892513358840873e-14 0.0285634198772704
1144.63330078125 1.0054047107696533 0.25497063994407654 1.0898744980233823e-14 0.028527308507832493
1144.643310546875 0.8471809029579163 0.2377677708864212 1.0905066387119182e-14 0.028491040169406175
1144.6533203125 1.0457381010055542 0.25923091173171997 1.0911399652465802e-14 0.02845370422074057
1144.6632080078125 0.8864085078239441 0.24253323674201965 1.0917668543308431e-14 0.028415740655921156
1144.6732177734375 0.962124228477478 0.24924591183662415 1.0924028066676417e-14 0.028377606450715007
1144.6832275390625 1.2720786333084106 0.27817007899284363 1.0930398601472716e-14 0.02833835384011858
1144.693115234375 0.8455157279968262 0.23769602179527283 1.0936703914732077e-14 0.028298438800804883
1144.703125 0.6928389668464661 0.22212417423725128 1.0943099013483847e-14 0.02825834836383813
1144.713134765625 0.8883519768714905 0.2432636022567749 1.0949506817729826e-14 0.028217086083488364
1144.7230224609375 0.611740231513977 0.2109958678483963 1.0955847706372972e-14 0.028175126966061573
1144.7330322265625 0.9971541166305542 0.2523512840270996 1.0962277533475579e-14 0.02813299072695442
1144.7430419921875 0.9617971181869507 0.2501431107521057 1.0968720066072395e-14 0.028089625189471827
1144.7530517578125 0.6895048022270203 0.22099442780017853 1.0975173610097526e-14 0.028045535129050926
1144.762939453125 0.7285445928573608 0.22551114857196808 1.0981559391486876e-14 0.028001265927512935
1144.77294921875 0.6101377010345459 0.2096543312072754 1.0988035805401582e-14 0.027955713233106545
1144.782958984375 0.3804313838481903 0.18017706274986267 1.0994522383711656e-14 0.02790940989968269
1144.7928466796875 0.9589876532554626 0.24909080564975739 1.1000941199385949e-14 0.027862348447397753
1144.8028564453125 0.3411221206188202 0.17333652079105377 1.1007448953519704e-14 0.02781510644568882
1144.8128662109375 0.6144591569900513 0.21221035718917847 1.101396856611472e-14 0.027766510008114677
1144.82275390625 0.8826144337654114 0.24171705543994904 1.1020418722008062e-14 0.027717129132188146
1144.832763671875 0.7276107668876648 0.22505906224250793 1.1026957816360865e-14 0.02766757063178302
1144.8427734375 0.6863167881965637 0.21958477795124054 1.103350876917493e-14 0.027616609576164727
1144.8526611328125 0.3795919418334961 0.18002723157405853 1.1039988571221425e-14 0.02756484095737162
1144.8626708984375 0.5681827664375305 0.20383785665035248 1.1046559005793277e-14 0.027512900380634434
1144.8726806640625 0.4545828104019165 0.19022902846336365 1.1053138757727548e-14 0.027459506928606967
1144.882568359375 0.7202452421188354 0.2216353863477707 1.1059648205927197e-14 0.027405282783635982
1144.892578125 0.4127123951911926 0.17915178835391998 1.1066247439619255e-14 0.02735090128177106
1144.902587890625 0.33904343843460083 0.17297206819057465 1.1072855990673734e-14 0.027295013392387817
1144.9124755859375 0.4155813157558441 0.18457619845867157 1.1079393390960642e-14 0.027238280269049585
1144.9224853515625 0.6803140640258789 0.21689723432064056 1.1086019729707013e-14 0.0271814013744163
1144.9324951171875 0.2232617437839508 0.15167377889156342 1.109265623284875e-14 0.02712296951373272
1144.9425048828125 0.29837536811828613 0.16398045420646667 1.109930120631996e-14 0.027063674409082524
1144.952392578125 0.30006492137908936 0.16646389663219452 1.1105874181990653e-14 0.02700425200845685
1144.96240234375 0.3737441599369049 0.17506718635559082 1.1112536943153756e-14 0.026943231170828905
1144.972412109375 0.4138525426387787 0.1837976723909378 1.1119207327613383e-14 0.026881335743301163
1144.9822998046875 0.562536358833313 0.2008875161409378 1.1125805714272494e-14 0.026818562156184986
1144.9923095703125 0.565142810344696 0.20366036891937256 1.1132493039391067e-14 0.026755688964049
1145.0023193359375 0.715103805065155 0.2205297350883484 1.1139188834839112e-14 0.02669116028018145
1145.01220703125 0.26057034730911255 0.15878866612911224 1.1145810938420746e-14 0.02662574488178161
1145.022216796875 1.015790581703186 0.2504717707633972 1.115252282749479e-14 0.026560255113964804
1145.0322265625 0.7514192461967468 0.22409836947917938 1.1159242339865358e-14 0.02649307401569257
1145.0421142578125 0.9418317675590515 0.2446374148130417 1.1165887313336568e-14 0.026424996126940735
1145.0521240234375 0.8268126249313354 0.232219398021698 1.117262122526724e-14 0.026356876309695652
1145.0621337890625 0.7167782187461853 0.2215825617313385 1.1179362760494437e-14 0.02628702761902396
1145.072021484375 0.9772542715072632 0.24737820029258728 1.1186029756822275e-14 0.026216285003417317
1145.08203125 1.2791897058486938 0.27456676959991455 1.1192785691609575e-14 0.02614553022857493
1145.092041015625 0.7912479639053345 0.22942329943180084 1.1199549249693401e-14 0.026073014470273072
1145.1019287109375 1.0160808563232422 0.2515655755996704 1.1206236574811974e-14 0.025999608834060953
1145.1119384765625 0.9361385107040405 0.24225178360939026 1.1213012838390008e-14 0.02592622611308269
1145.1219482421875 0.8993151783943176 0.23946166038513184 1.121979587823162e-14 0.025851059524055715
1145.1318359375 1.311896562576294 0.27661481499671936 1.122650268510798e-14 0.025775006614330482
1145.141845703125 0.9717168807983398 0.2456883192062378 1.1233298430443801e-14 0.025699020473050015
1145.15185546875 0.9743844866752625 0.24704861640930176 1.12401009520432e-14 0.025621221306418814
1145.161865234375 1.3099322319030762 0.27635854482650757 1.1246908555840283e-14 0.02554255439515247
1145.1717529296875 1.0848344564437866 0.25693279504776 1.1253639926672113e-14 0.0254639942463161
1145.1817626953125 0.369235098361969 0.1741315871477127 1.1260459388930458e-14 0.025383611611900732
1145.1917724609375 0.7424649596214294 0.22088047862052917 1.1267284780419433e-14 0.025302372915253526
1145.20166015625 1.0056915283203125 0.24857155978679657 1.1274033091910208e-14 0.025220283421804567
1145.211669921875 1.1175258159637451 0.25879913568496704 1.128086864779455e-14 0.025138374742659862
1145.2216796875 1.0021629333496094 0.2465345710515976 1.128771097994247e-14 0.025054624193534134
1145.2315673828125 0.8900268077850342 0.23595775663852692 1.1294473690993349e-14 0.02497005124320728
1145.2415771484375 0.962877631187439 0.2420073300600052 1.1301325340503689e-14 0.02488570701318344
1145.2515869140625 1.0751761198043823 0.2533446252346039 1.1308182072211712e-14 0.02479952627733961
1145.261474609375 1.1157928705215454 0.2588439881801605 1.1314960029855641e-14 0.02471254593774678
1145.271484375 0.8525216579437256 0.23295578360557556 1.1321826078926085e-14 0.02462586076007477
1145.281494140625 1.003551721572876 0.248428076505661 1.1328696363161264e-14 0.024537337865879645
1145.2913818359375 1.6338093280792236 0.30027273297309875 1.1335487026299402e-14 0.024448058265424417
1145.3013916015625 0.8520667552947998 0.23320789635181427 1.1342366627897001e-14 0.02435913537884047
1145.3114013671875 0.8513322472572327 0.23301436007022858 1.1349248770593443e-14 0.02426838727540833
1145.3212890625 0.8906728625297546 0.23727239668369293 1.1356052139225789e-14 0.024176922166019563
1145.331298828125 0.9966967701911926 0.24631302058696747 1.1362942752251703e-14 0.024085890397899438
1145.34130859375 1.2945632934570312 0.2731926441192627 1.1369837600442353e-14 0.023993050500259138
1145.3511962890625 0.9940661787986755 0.24539673328399658 1.1376651980503014e-14 0.023899544488795676
1145.3612060546875 0.8801571726799011 0.23281657695770264 1.1383553604957242e-14 0.02380654600749021
1145.3712158203125 0.9200052618980408 0.2386949062347412 1.1390458617543259e-14 0.02371177587146344
1145.3812255859375 1.2540127038955688 0.26938068866729736 1.1397366171228118e-14 0.023616394078033964
1145.39111328125 0.845641553401947 0.23151129484176636 1.1404193256782987e-14 0.02352042426034542
1145.401123046875 0.8823089003562927 0.23521900177001953 1.1411106739698477e-14 0.023425071717229826
1145.4111328125 1.0668340921401978 0.25274857878685 1.1418024457778703e-14 0.02332800305457554
1145.4210205078125 1.1363167762756348 0.25787365436553955 1.1424859166630098e-14 0.023230412028640676
1145.4310302734375 1.0231941938400269 0.2465374618768692 1.143178111987506e-14 0.023133529808839155
1145.4410400390625 0.8057997822761536 0.22694653272628784 1.1438705614218864e-14 0.023034984995015734
1145.450927734375 1.211852788925171 0.2652585506439209 1.1445547099333837e-14 0.0229359985227981
1145.4609375 1.3887410163879395 0.27792441844940186 1.1452476675875324e-14 0.022837810351462606
1145.470947265625 1.1331658363342285 0.25735199451446533 1.1459407099449759e-14 0.02273803350585057
1145.4808349609375 1.0254398584365845 0.24832363426685333 1.146625536082831e-14 0.022637899133407892
1145.4908447265625 1.3489162921905518 0.27407631278038025 1.147319001956748e-14 0.02253866920055163
1145.5008544921875 0.9469271898269653 0.23971523344516754 1.1480125525339599e-14 0.02243792563227521
1145.5107421875 1.0614631175994873 0.25143858790397644 1.1486978868915834e-14 0.022336922883802783
1145.520751953125 1.0219651460647583 0.24751192331314087 1.149391776281974e-14 0.02223693539752065
1145.53076171875 1.2359752655029297 0.2648833692073822 1.1500857503756595e-14 0.022135529554205998
1145.5406494140625 0.9073386192321777 0.23518408834934235 1.1507714235464619e-14 0.022033973761033655
1145.5506591796875 1.6794087886810303 0.30092141032218933 1.1514656517500315e-14 0.021933548957093714
1145.5606689453125 0.8711286187171936 0.2321591079235077 1.1521599646568959e-14 0.021831816380307314
1145.5706787109375 0.800346851348877 0.22530783712863922 1.1528542775637602e-14 0.021730050514697112
1145.58056640625 0.5053449869155884 0.19092941284179688 1.1535402895477415e-14 0.021629536698351173
1145.590576171875 0.9048168659210205 0.23479421436786652 1.1542346871579005e-14 0.02152784586223014
1145.6005859375 0.904792845249176 0.23497940599918365 1.154929254174649e-14 0.02142625077129389
1145.6104736328125 0.905019998550415 0.23514749109745026 1.1556152661586303e-14 0.021324809088940796
1145.6204833984375 1.087449073791504 0.25233346223831177 1.1563097484720841e-14 0.02122480209067963
1145.6304931640625 1.3766335248947144 0.27638423442840576 1.1570043154888326e-14 0.0211237997817792
1145.640380859375 1.4456359148025513 0.2808392643928528 1.1576903274728139e-14 0.021023100812364616
1145.650390625 1.1540459394454956 0.2564358115196228 1.1583848097862677e-14 0.020923969206432268
1145.660400390625 0.8652215003967285 0.23055921494960785 1.1590792073964268e-14 0.020824020858797157
1145.6702880859375 1.261155605316162 0.26540911197662354 1.1597650499738186e-14 0.020724531622683177
1145.6802978515625 1.0474509000778198 0.24816252291202545 1.160459362880683e-14 0.020626765187082483
1145.6903076171875 1.29608952999115 0.26832184195518494 1.1611535910842526e-14 0.020528365069325035
1145.7001953125 0.8276302814483643 0.22652114927768707 1.1618391795517602e-14 0.02043060129515818
1145.710205078125 1.113798975944519 0.2523963153362274 1.1625331536454456e-14 0.020334717376981806
1145.72021484375 1.4019794464111328 0.2763115465641022 1.1632269583325416e-14 0.0202384053372707
1145.7301025390625 1.0794076919555664 0.25034692883491516 1.1639122926901651e-14 0.020142921036177045
1145.7401123046875 1.0750494003295898 0.24831998348236084 1.1646058432673769e-14 0.020049480691803692
1145.7501220703125 0.9677822589874268 0.23910388350486755 1.1652992244379993e-14 0.019955840821321714
1145.760009765625 0.7541407346725464 0.21864208579063416 1.1659840505758544e-14 0.019863239196615853
1145.77001953125 1.1829638481140137 0.258320689201355 1.1666770929332979e-14 0.019772841923700747
1145.780029296875 1.0427337884902954 0.24690961837768555 1.1673698811808571e-14 0.0196825036725617
1145.7900390625 1.112587571144104 0.25292548537254333 1.168062500021827e-14 0.019593412890273987
1145.7999267578125 1.21501624584198 0.25993549823760986 1.1687464791267348e-14 0.01950564832232078
1145.8099365234375 1.0711579322814941 0.24769769608974457 1.1694385897479363e-14 0.019420336799480777
1145.8199462890625 0.8200352787971497 0.22401587665081024 1.1701304462592536e-14 0.019335439601572694
1145.829833984375 0.7499819397926331 0.21748673915863037 1.170813663034509e-14 0.019252111866130038
1145.83984375 1.2111469507217407 0.258749395608902 1.1715050113260579e-14 0.019171412673207967
1145.849853515625 0.7828444838523865 0.2200237214565277 1.172196020804428e-14 0.019091434059013628
1145.8597412109375 0.637355387210846 0.20230336487293243 1.172878390546736e-14 0.01901326450815925
1145.8697509765625 0.8162408471107483 0.2222161740064621 1.173568807102043e-14 0.018937909600139535
1145.8797607421875 1.1400747299194336 0.25421807169914246 1.1742588848441711e-14 0.018863596365427324
1145.8896484375 0.8170682787895203 0.22371456027030945 1.1749401534436477e-14 0.018791354206198086
1145.899658203125 0.9230934977531433 0.23391859233379364 1.175629553559418e-14 0.01872210940842869
1145.90966796875 0.9922271966934204 0.23960548639297485 1.1763185301587147e-14 0.01865424538997251
1145.9195556640625 0.8867006897926331 0.2302907407283783 1.1769987823186546e-14 0.018588715035625487
1145.9295654296875 0.9576640725135803 0.23706968128681183 1.1776869965882987e-14 0.01852636634883336
1145.9395751953125 1.1369510889053345 0.25348106026649475 1.1783747873414692e-14 0.01846574811385894
1145.949462890625 1.0620851516723633 0.24581167101860046 1.1790537689519882e-14 0.018407741235920348
1145.95947265625 1.2379659414291382 0.2604147791862488 1.1797407126722115e-14 0.01835308884876865
1145.969482421875 1.2052735090255737 0.25886303186416626 1.1804272328759611e-14 0.018300537373355245
1145.9794921875 0.8463760018348694 0.22500035166740417 1.1811132448599423e-14 0.018250866350839837
1145.9893798828125 0.9185391068458557 0.2326849102973938 1.1817904477012722e-14 0.018204718683559776
1145.9993896484375 0.950820803642273 0.23458479344844818 1.1824755279490114e-14 0.018161043581188096
1146.0093994140625 1.0571452379226685 0.24469175934791565 1.1831600999769824e-14 0.018120523131097396
1146.019287109375 1.4438835382461548 0.27568891644477844 1.1838357781590071e-14 0.018083244056815186
1146.029296875 0.9128856062889099 0.23031461238861084 1.1845193337474413e-14 0.01804968817106949
1146.039306640625 1.2328771352767944 0.25994887948036194 1.1852022117095178e-14 0.01801911401802824
1146.0491943359375 1.056862235069275 0.2451263815164566 1.1858763652322375e-14 0.01799204277220941
1146.0592041015625 1.1248255968093872 0.2505064606666565 1.1865582267547772e-14 0.017968821425193883
1146.0692138671875 1.0543203353881836 0.2443654090166092 1.1872394953542538e-14 0.01794895836579301
1146.0791015625 0.8046248555183411 0.2194850742816925 1.1879118701077843e-14 0.017932846191165735
1146.089111328125 0.8774300813674927 0.22790566086769104 1.18859186815784e-14 0.017920686831519202
1146.09912109375 0.907797634601593 0.22857999801635742 1.1892713579881274e-14 0.01791225746144237
1146.1090087890625 1.0861830711364746 0.24649691581726074 1.1899418692691739e-14 0.017907802122072984
1146.1190185546875 1.2288641929626465 0.25937512516975403 1.1906200038467457e-14 0.017907376712355053
1146.1290283203125 0.8351734280586243 0.21998660266399384 1.1912975455012544e-14 0.01791103411770501
1146.138916015625 0.6975651383399963 0.2084389179944992 1.1919661086065222e-14 0.01791887258671678
1146.14892578125 0.8020282983779907 0.21931365132331848 1.1926422950083154e-14 0.017930777488775827
1146.158935546875 1.0474473237991333 0.24261122941970825 1.193317719080456e-14 0.017947106418582298
1146.1688232421875 1.04838228225708 0.2427402138710022 1.1939842493066503e-14 0.01796778754702715
1146.1788330078125 0.6612288355827332 0.20394231379032135 1.1946583181260753e-14 0.017992541798688533
1146.1888427734375 1.2128114700317383 0.2593227028846741 1.195331539912553e-14 0.018022026432956136
1146.1988525390625 0.9162772297859192 0.2350565642118454 1.196004084072673e-14 0.018056011242011883
1146.208740234375 1.079352617263794 0.2513563334941864 1.196667649683552e-14 0.01809403315277606
1146.21875 1.2676061391830444 0.26824766397476196 1.1973386691843668e-14 0.01813707133831463
1146.228759765625 1.1527163982391357 0.26137876510620117 1.1980088416522344e-14 0.018184710387118497
1146.2386474609375 0.7853226661682129 0.22606155276298523 1.1986700355708611e-14 0.01823698106452359
1146.2486572265625 0.8906002640724182 0.23754656314849854 1.1993386833794237e-14 0.018293185438179805
1146.2586669921875 0.9788942337036133 0.24723617732524872 1.2000063994517442e-14 0.01835472865981782
1146.2685546875 1.3812105655670166 0.2859036922454834 1.2006651369748239e-14 0.018420958368124494
1146.278564453125 0.797268807888031 0.23046642541885376 1.2013312436845447e-14 0.018490994886721842
1146.28857421875 0.7741206288337708 0.22869424521923065 1.2019964186580235e-14 0.01856657593399659
1146.2984619140625 0.7188394069671631 0.22238197922706604 1.2026526150822614e-14 0.018646864103165506
1146.3084716796875 0.9931029081344604 0.24700136482715607 1.203316011286551e-14 0.018730792220869593
1146.3184814453125 1.0719002485275269 0.25792059302330017 1.2039785604578933e-14 0.018820432921121805
1146.328369140625 0.9335780739784241 0.24565227329730988 1.2046321310799947e-14 0.018914766581980623
1146.33837890625 1.497263789176941 0.2942498028278351 1.2052927320755583e-14 0.019012546412353414
1146.348388671875 0.6885499954223633 0.2185164839029312 1.20595240133488e-14 0.019116160859372015
1146.3582763671875 1.0127148628234863 0.2555406987667084 1.2066031767482555e-14 0.01922442234741939
1146.3682861328125 0.9113831520080566 0.24201999604701996 1.2072608978317984e-14 0.019335901392221168
1146.3782958984375 0.9434583187103271 0.24759438633918762 1.2079176871790994e-14 0.019453316426787808
1146.3883056640625 0.8633604645729065 0.23921342194080353 1.2085735447901584e-14 0.019575298075792467
1146.398193359375 0.7584807872772217 0.2282775491476059 1.2092203391486818e-14 0.01970024095013387
1146.408203125 1.1043545007705688 0.2628833055496216 1.2098740791773727e-14 0.01983118614040011
1146.418212890625 1.181965947151184 0.26983946561813354 1.2105268027665268e-14 0.019966600802172194
1146.4281005859375 1.188283920288086 0.27101874351501465 1.2111704631031454e-14 0.02010641681573336
1146.4381103515625 0.7719590663909912 0.22829262912273407 1.2118210691099314e-14 0.020248829601757248
1146.4481201171875 0.6731812953948975 0.2173309624195099 1.2124706586771807e-14 0.020397289216906974
1146.4580078125 1.016842007637024 0.25100845098495483 1.2131111849918944e-14 0.020550039968771576
1146.468017578125 1.0398391485214233 0.2569122314453125 1.2137585722734809e-14 0.020705078939510745
1146.47802734375 0.7081234455108643 0.2213296890258789 1.2144046890056465e-14 0.020866186570754456
1146.4879150390625 1.1392921209335327 0.2628702223300934 1.2150419965951606e-14 0.021031413464549058
1146.4979248046875 0.9900424480438232 0.25049102306365967 1.2156859110416633e-14 0.021198634943635095
1146.5079345703125 0.9913069605827332 0.2490169256925583 1.2163287243453346e-14 0.021371909173123923
1146.517822265625 0.9996057152748108 0.24751412868499756 1.216962559099765e-14 0.021549141455586895
1146.52783203125 1.1615182161331177 0.26316893100738525 1.217603000711184e-14 0.021728055580390718
1146.537841796875 0.9059538841247559 0.23957061767578125 1.2182422564764768e-14 0.021912998648964035
1146.5477294921875 0.7484046816825867 0.22244931757450104 1.2188725336925287e-14 0.022101725253439067
1146.5577392578125 0.9890106320381165 0.24799585342407227 1.2195093330622745e-14 0.022291821312376538
1146.5677490234375 0.7339144945144653 0.2198430597782135 1.2201449465858941e-14 0.022487910114275547
1146.57763671875 1.0080410242080688 0.24859528243541718 1.2207715815602729e-14 0.02268759940886119
1146.587646484375 0.9613903760910034 0.24562987685203552 1.2214046539850507e-14 0.022888351289745628
1146.59765625 0.7907037138938904 0.22714371979236603 1.2220365405637024e-14 0.023095046882494537
1146.607666015625 0.8796634674072266 0.2378729283809662 1.2226670718896385e-14 0.02330517549058695
1146.6175537109375 0.7580576539039612 0.22101791203022003 1.2232886246663337e-14 0.023516037464433058
1146.6275634765625 1.3960144519805908 0.28415900468826294 1.2239165301901334e-14 0.02373280410769645
1146.6375732421875 1.2072666883468628 0.26366639137268066 1.2245431651645121e-14 0.023952814278932845
1146.6474609375 0.9961748123168945 0.2450023889541626 1.22516082158965e-14 0.024176012793919857
1146.657470703125 1.1056833267211914 0.25235429406166077 1.2257847460585974e-14 0.024399559741819364
1146.66748046875 1.1294981241226196 0.25262197852134705 1.2264073152748294e-14 0.02462892039108849
1146.6773681640625 1.269163727760315 0.2608852982521057 1.2270209059418204e-14 0.024861291153937183
1146.6873779296875 0.8912734389305115 0.2246653139591217 1.2276406799493263e-14 0.025093722740243758
1146.6973876953125 0.9316237568855286 0.2293870747089386 1.2282590987041167e-14 0.025331910550087
1146.707275390625 0.9817157983779907 0.2321455478668213 1.2288685389096662e-14 0.025572937389676132
1146.71728515625 0.9465164542198181 0.22846026718616486 1.2294840777524359e-14 0.025813742243403
1146.727294921875 0.9130314588546753 0.22573406994342804 1.23009826134249e-14 0.026060236809477867
1146.7371826171875 0.9790447354316711 0.23091739416122437 1.2307033816800084e-14 0.02630940222110565
1146.7471923828125 1.3882805109024048 0.26608631014823914 1.2313146006547471e-14 0.02655809523274723
1146.7572021484375 1.1143604516983032 0.24336060881614685 1.2319242949701808e-14 0.026812419105076528
1146.76708984375 0.9422752857208252 0.22607554495334625 1.2325250954396683e-14 0.027069230164057
1146.777099609375 1.1815851926803589 0.24915824830532074 1.2331317404364918e-14 0.027325333133405374
1146.787109375 1.0090140104293823 0.23270609974861145 1.2337370301805997e-14 0.02758696961589375
1146.7969970703125 1.3470208644866943 0.261290967464447 1.2343333413754667e-14 0.027850975448757895
1146.8070068359375 0.9737924337387085 0.2290218472480774 1.2349354970976698e-14 0.028114008802560736
1146.8170166015625 0.9065496325492859 0.22334922850131989 1.2355360434572731e-14 0.028382554622040868
1146.8270263671875 1.0726159811019897 0.2361973524093628 1.2361349804542766e-14 0.028653276286950018
1146.8369140625 0.9071319699287415 0.2242664098739624 1.2367251083086287e-14 0.028926167890921586
1146.846923828125 1.0409291982650757 0.2359515130519867 1.2373209112837274e-14 0.029197804287737175
1146.85693359375 0.7705685496330261 0.2101524919271469 1.2379151048962263e-14 0.029474826477838237
1146.8668212890625 0.9716747999191284 0.22916299104690552 1.2385004893660737e-14 0.02975387636405397
1146.8768310546875 0.7012540102005005 0.2008899301290512 1.2390913795500783e-14 0.030031467391643474
1146.8868408203125 1.1047182083129883 0.2400471270084381 1.2396806603714831e-14 0.030314380839963552
1146.896728515625 1.205390453338623 0.24935278296470642 1.2402611320502365e-14 0.030599204387111046
1146.90673828125 0.8675985932350159 0.21811261773109436 1.240847109443147e-14 0.030882330763663833
1146.916748046875 0.6332949995994568 0.19511882960796356 1.2414313080668683e-14 0.031170762489096993
