wave flux_norm flux_err cont_fit cont_err
1248.091796875 0.890963077545166 0.1621742993593216 4.875520373846332e-15 0.02914311967211759
1248.1016845703125 1.0201374292373657 0.16880078613758087 4.871285632626534e-15 0.028567092291884665
1248.1116943359375 0.798427939414978 0.1560235172510147 4.867048773824368e-15 0.02800930016122374
1248.1217041015625 0.8939089179039001 0.16227975487709045 4.86286188996609e-15 0.027456041977625367
1248.131591796875 1.0369793176651 0.17069095373153687 4.858775379512062e-15 0.026914303800959834
1248.1416015625 0.7371969223022461 0.15219320356845856 4.854687598508612e-15 0.026390492550234446
1248.151611328125 0.9442017674446106 0.16533131897449493 4.8506493689325775e-15 0.025871728922466173
1248.1614990234375 1.0875478982925415 0.17426170408725739 4.846708548145477e-15 0.02536458252612237
1248.1715087890625 0.8807258009910583 0.16242708265781403 4.842767727358376e-15 0.024875077619927174
1248.1815185546875 0.9457238912582397 0.1660463809967041 4.838876034482216e-15 0.024391176795834565
1248.19140625 0.9459269046783447 0.16636912524700165 4.835079209296149e-15 0.023919062008718062
1248.201416015625 0.9927982091903687 0.1697920560836792 4.8312836546595024e-15 0.023464305836315938
1248.21142578125 1.059684157371521 0.17306476831436157 4.827535533867902e-15 0.02301574013390394
1248.2213134765625 0.9483302235603333 0.16680468618869781 4.8238805867005e-15 0.022579141127030446
1248.2313232421875 1.17255437374115 0.17996704578399658 4.820227757115466e-15 0.022159646977312947
1248.2413330078125 0.9202537536621094 0.1634862869977951 4.816621937859004e-15 0.021746954717273073
1248.2513427734375 0.936318039894104 0.1649470329284668 4.813063552447589e-15 0.021346421399238757
1248.26123046875 0.9202858805656433 0.16490301489830017 4.809594105495635e-15 0.02095807230448484
1248.271240234375 0.9368417859077454 0.16585089266300201 4.806128470191944e-15 0.020586496920039814
1248.28125 1.179162859916687 0.18098941445350647 4.8027089981838786e-15 0.02022257629371211
1248.2911376953125 0.8926205635070801 0.16331297159194946 4.7993763470529065e-15 0.019871027967697144
1248.3011474609375 1.0046923160552979 0.17073430120944977 4.7960483546031444e-15 0.019535957561341754
1248.3111572265625 1.1500152349472046 0.1791953146457672 4.792766101932534e-15 0.01920915775673342
1248.321044921875 0.9758751392364502 0.16799694299697876 4.789568129040175e-15 0.018894859338375116
1248.3310546875 0.8966971039772034 0.1621401011943817 4.786375661861974e-15 0.01859670341462483
1248.341064453125 0.895062267780304 0.16376444697380066 4.783228087429977e-15 0.018307373647537817
1248.3509521484375 1.0252188444137573 0.17170654237270355 4.780162675193864e-15 0.0180306308978438
1248.3609619140625 1.1201661825180054 0.1784728318452835 4.777103615704855e-15 0.017769609325234026
1248.3709716796875 0.8621902465820312 0.16306431591510773 4.774088601929103e-15 0.017517870280931096
1248.380859375 1.0408321619033813 0.17354150116443634 4.771153632766867e-15 0.017278696584280055
1248.390869140625 1.0575975179672241 0.1752423197031021 4.768225863384682e-15 0.01705472706517861
1248.40087890625 1.0926592350006104 0.17642031610012054 4.7653417161992815e-15 0.016840384480749742
1248.4107666015625 0.8979032635688782 0.16399194300174713 4.762534649012081e-15 0.01663844043918597
1248.4207763671875 1.0416721105575562 0.17439855635166168 4.7597360521543525e-15 0.016451051214663594
1248.4307861328125 1.1726322174072266 0.18126724660396576 4.756979806943987e-15 0.016273482199176285
1248.440673828125 1.0115711688995361 0.1721198856830597 4.754299371182401e-15 0.016107999631325386
1248.45068359375 1.07869553565979 0.17539742588996887 4.751627405750287e-15 0.015956258907458307
1248.460693359375 0.9967942237854004 0.1714797168970108 4.748997791965536e-15 0.015814343880348525
1248.470703125 0.6740289926528931 0.14981229603290558 4.746409682795201e-15 0.015684034192153886
1248.4805908203125 0.9005312919616699 0.16531872749328613 4.743893994941855e-15 0.015565110724648471
1248.4906005859375 1.0785897970199585 0.17683401703834534 4.741388471483877e-15 0.01545861372845696
1248.5006103515625 0.7547408938407898 0.15608035027980804 4.738923605607367e-15 0.015361665471946836
1248.510498046875 0.90263831615448 0.16553355753421783 4.736529043465479e-15 0.015275393713428223
1248.5205078125 0.9992722272872925 0.17215397953987122 4.734145069235432e-15 0.015200387935435038
1248.530517578125 1.193780541419983 0.18377861380577087 4.731801752586853e-15 0.015134508259852684
1248.5404052734375 0.8885550498962402 0.16418765485286713 4.729526198574054e-15 0.015078440031081244
1248.5504150390625 1.229470133781433 0.1852729171514511 4.727262503022517e-15 0.015032374528368525
1248.5604248046875 1.002205491065979 0.17249594628810883 4.725037770986554e-15 0.014994854096447702
1248.5703125 0.9378401041030884 0.16809117794036865 4.722879107520476e-15 0.014966163186376226
1248.580322265625 1.1342856884002686 0.17944316565990448 4.720732726032134e-15 0.014946152971036727
1248.59033203125 0.8555302619934082 0.16347075998783112 4.718625308059365e-15 0.014933981611033802
1248.6002197265625 0.9242373108863831 0.16635973751544952 4.716580994041167e-15 0.014929588377244821
1248.6102294921875 1.0356619358062744 0.17524713277816772 4.714550232550125e-15 0.014932536307757422
1248.6202392578125 1.1017215251922607 0.17830994725227356 4.712557164025235e-15 0.014942537492069771
1248.630126953125 1.216430902481079 0.1851990967988968 4.7106259289054955e-15 0.014959239037736041
1248.64013671875 1.003320336341858 0.1734154224395752 4.708707822796438e-15 0.014981965305388815
1248.650146484375 1.0046037435531616 0.17281436920166016 4.7068274096535336e-15 0.015010922214028817
1248.6600341796875 1.2016065120697021 0.18461686372756958 4.7050067123334104e-15 0.015045516374861618
1248.6700439453125 1.1213502883911133 0.17976997792720795 4.703199991056917e-15 0.01508540115309768
1248.6800537109375 0.9261025786399841 0.1671644151210785 4.701430115713629e-15 0.015129660728538623
1248.6900634765625 0.9426146745681763 0.16887959837913513 4.699696662787073e-15 0.015179054608143259
1248.699951171875 0.7646083831787109 0.15681180357933044 4.69801953755151e-15 0.01523274526250589
1248.7099609375 0.9280993342399597 0.16820234060287476 4.6963580824254704e-15 0.015289684688559542
1248.719970703125 1.1736764907836914 0.18337048590183258 4.694731779166742e-15 0.015350977766487927
1248.7298583984375 1.108952283859253 0.17877066135406494 4.6931605330495854e-15 0.015415646378615637
1248.7398681640625 1.4687397480010986 0.199003204703331 4.691604957041953e-15 0.015482555294418244
1248.7498779296875 0.8792641162872314 0.164887934923172 4.690084109385158e-15 0.015553086516456236
1248.759765625 1.058534860610962 0.1769392341375351 4.688616201287566e-15 0.01562616100556335
1248.769775390625 1.0902385711669922 0.17914004623889923 4.687164386815972e-15 0.01570059102905676
1248.77978515625 0.7664751410484314 0.15646687150001526 4.685746877178742e-15 0.01577796531927092
1248.7896728515625 1.0247855186462402 0.17557670176029205 4.684380189518347e-15 0.015857150109046328
1248.7996826171875 0.9147656559944153 0.1666685938835144 4.683030442516898e-15 0.01593691912649206
1248.8096923828125 0.8806648850440979 0.16521920263767242 4.681713729800391e-15 0.01601902651517802
1248.819580078125 0.9782967567443848 0.17224618792533875 4.680446144994825e-15 0.01610229598108096
1248.82958984375 1.1272525787353516 0.18043449521064758 4.679195924364677e-15 0.016185497948033967
1248.839599609375 0.8658360838890076 0.16360187530517578 4.677978314502999e-15 0.016270494845902185
1248.8494873046875 1.2598416805267334 0.18791043758392334 4.676807714969894e-15 0.01635608952394917
1248.8594970703125 0.9322683215141296 0.1678883284330368 4.675654479612207e-15 0.01644106995619806
1248.8695068359375 1.0492560863494873 0.1747988909482956 4.67453385502299e-15 0.016527366043660036
1248.8795166015625 0.6365579962730408 0.1481955647468567 4.673444994169294e-15 0.016613779854877865
1248.889404296875 0.9488247036933899 0.17022323608398438 4.672400179028856e-15 0.016700173969011797
1248.8994140625 0.9962952136993408 0.17370960116386414 4.6713739986132576e-15 0.016785356166920652
1248.909423828125 1.0323827266693115 0.1744595766067505 4.670378734900234e-15 0.016871305664368584
1248.9193115234375 1.1309571266174316 0.18090838193893433 4.669426246351046e-15 0.016956845887318148
1248.9293212890625 1.0328741073608398 0.1747736930847168 4.6684923925266984e-15 0.017040829067196443
1248.9393310546875 0.9817978143692017 0.1726396083831787 4.667589031888452e-15 0.017125221665703638
1248.94921875 1.0832812786102295 0.177712082862854 4.666726328831673e-15 0.01720888617120324
1248.959228515625 0.917015016078949 0.16785705089569092 4.665882684016208e-15 0.01729071605657122
1248.96923828125 0.8003700971603394 0.16047431528568268 4.6650686853538965e-15 0.017372644421696275
1248.9791259765625 0.9641709923744202 0.17237411439418793 4.664293650207159e-15 0.017453575603354678
1248.9891357421875 0.9837530255317688 0.17251326143741608 4.663538096818208e-15 0.017532454773969065
1248.9991455078125 0.6872621774673462 0.15233810245990753 4.6628117660659375e-15 0.017611162115961476
1249.009033203125 1.0829849243164062 0.17873252928256989 4.6621222812468725e-15 0.017688646286764333
1249.01904296875 0.9833729863166809 0.17278775572776794 4.661452701702068e-15 0.017763922660728956
1249.029052734375 0.8668239712715149 0.16559113562107086 4.6608114977609964e-15 0.017838785205921033
1249.0389404296875 1.1343848705291748 0.18079447746276855 4.660205445687236e-15 0.017912245636525957
1249.0489501953125 1.0655226707458496 0.17796505987644196 4.65961972240421e-15 0.017983378368407372
1249.0589599609375 1.0663692951202393 0.17778760194778442 4.6590611041754954e-15 0.01805388990932728
1249.06884765625 0.9506436586380005 0.17015647888183594 4.658536790781145e-15 0.01812284906508984
1249.078857421875 1.1333465576171875 0.181756854057312 4.658032382661055e-15 0.018189404953012408
1249.0888671875 0.786274790763855 0.1596810668706894 4.657555079595277e-15 0.01825515920373431
1249.098876953125 0.9678240418434143 0.17124567925930023 4.657104458067338e-15 0.018319243443962498
1249.1087646484375 1.1504002809524536 0.18139159679412842 4.6566847532419735e-15 0.01838162764515978
1249.1187744140625 0.9661192297935486 0.17141090333461761 4.65628622424029e-15 0.01844155038605285
1249.1287841796875 0.9841451048851013 0.1700480878353119 4.6559135297434984e-15 0.018500462502564166
1249.138671875 0.850111186504364 0.1639295369386673 4.6555704813998604e-15 0.01855759074924216
1249.148681640625 0.8343042731285095 0.16319337487220764 4.655248608879904e-15 0.018612248815025493
1249.15869140625 0.8177248239517212 0.16167840361595154 4.654951723831891e-15 0.01866576381158775
1249.1685791015625 0.9476305842399597 0.17120477557182312 4.654682790871138e-15 0.018717434953811226
1249.1785888671875 1.050057053565979 0.17561006546020508 4.654435033734066e-15 0.018766646967305615
1249.1885986328125 0.7670487761497498 0.1593734472990036 4.6542118405524645e-15 0.018814602118287477
1249.198486328125 0.9490930438041687 0.16991008818149567 4.6540153289087016e-15 0.018860665902727464
1249.20849609375 0.7692663669586182 0.15737475454807281 4.653839569572146e-15 0.01890430453379184
1249.218505859375 1.0658761262893677 0.17739661037921906 4.653687950674588e-15 0.01894658535768145
1249.2283935546875 0.8843866586685181 0.165620818734169 4.653561319248973e-15 0.018986949820600472
1249.2384033203125 1.0147112607955933 0.17530874907970428 4.653456287163514e-15 0.019024934463260208
1249.2484130859375 0.802952766418457 0.15991364419460297 4.6533737014511564e-15 0.019061474599774152
1249.25830078125 0.8190041184425354 0.16148324310779572 4.653314832661322e-15 0.019096086021728152
1249.268310546875 0.7709282040596008 0.1570945382118225 4.653277563211643e-15 0.019128378767235707
1249.2783203125 0.85283362865448 0.16305123269557953 4.6532623166185925e-15 0.019159152607041707
1249.288330078125 0.8838186860084534 0.166493758559227 4.653269516398644e-15 0.0191879949882446
1249.2982177734375 0.9329259395599365 0.17002034187316895 4.653297892002377e-15 0.019214912138440267
1249.3082275390625 0.8346713781356812 0.16330277919769287 4.653347866946265e-15 0.01923960904457921
1249.3182373046875 0.9171112179756165 0.16803820431232452 4.6534190177138345e-15 0.01926270540793815
1249.328125 1.0661640167236328 0.17752909660339355 4.653510073755664e-15 0.01928388531489673
1249.338134765625 0.8179008364677429 0.162272110581398 4.653623152654123e-15 0.019302933943257855
1249.34814453125 0.9346460700035095 0.16875159740447998 4.653756560343315e-15 0.01932032993198252
1249.3580322265625 0.9670616984367371 0.17112182080745697 4.6539086027573475e-15 0.019335832413674654
1249.3680419921875 0.7693219184875488 0.15780894458293915 4.654082244511535e-15 0.019349296562401624
1249.3780517578125 0.8351331949234009 0.16277794539928436 4.654275791539982e-15 0.019361067447112093
1249.387939453125 1.0159475803375244 0.1740974634885788 4.654485855710901e-15 0.019370976033033647
1249.39794921875 0.7834075689315796 0.16027365624904633 4.654718366254923e-15 0.019378945832060714
1249.407958984375 0.8346831798553467 0.16236253082752228 4.6549695115237835e-15 0.01938518848272864
1249.4178466796875 0.8835864067077637 0.16617165505886078 4.655236750418642e-15 0.01938960717343844
1249.4278564453125 0.9650880694389343 0.17216940224170685 4.655525165137182e-15 0.019392195531112925
1249.4378662109375 1.1637998819351196 0.18339315056800842 4.655832638097036e-15 0.019393029469203044
1249.44775390625 0.9819362163543701 0.1734350025653839 4.656153663584045e-15 0.01939208468514661
1249.457763671875 0.7695212960243225 0.15821130573749542 4.656496711927683e-15 0.019389418521811082
1249.4677734375 0.7352523803710938 0.1563103348016739 4.65685712444674e-15 0.019384984057400884
1249.4776611328125 0.7036716341972351 0.1530333161354065 4.657230665976479e-15 0.0193788184778089
1249.4876708984375 0.8824881315231323 0.16645671427249908 4.657625806846373e-15 0.019371047989089108
1249.4976806640625 0.9491710066795349 0.17060311138629913 4.658037888375212e-15 0.019361497975592598
1249.5076904296875 0.5520393252372742 0.14287923276424408 4.6584669105629965e-15 0.01935027446597317
1249.517578125 0.8663582801818848 0.16510461270809174 4.6589065206626215e-15 0.019337396708989967
1249.527587890625 0.6206179857254028 0.14720340073108673 4.6593677301024015e-15 0.019323070195582156
1249.53759765625 0.7183678150177002 0.15461720526218414 4.659845033168179e-15 0.019306963951732894
1249.5474853515625 0.71849125623703 0.1545463353395462 4.6603320771128505e-15 0.01928926531253431
1249.5574951171875 0.7183746695518494 0.15409649908542633 4.660840296881203e-15 0.019270240693815756
1249.5675048828125 0.7829341888427734 0.15957599878311157 4.66136418675908e-15 0.019249441275819307
1249.577392578125 0.7513168454170227 0.15657846629619598 4.6618961234499556e-15 0.019227118908385667
1249.58740234375 0.7516733407974243 0.1565377563238144 4.662449659480986e-15 0.0192035922934972
1249.597412109375 1.0127044916152954 0.17451877892017365 4.66301759507212e-15 0.019178306983460965
1249.6072998046875 0.6835319399833679 0.15246884524822235 4.663592306926832e-15 0.01915156655772377
1249.6173095703125 0.8817954659461975 0.1661546230316162 4.664188618121699e-15 0.019123752373972496
1249.6273193359375 0.8797982931137085 0.1661979854106903 4.6647984818437224e-15 0.019094195995647472
1249.63720703125 0.9315676093101501 0.1684659868478775 4.665414274796376e-15 0.019063261437227027
1249.647216796875 1.0777227878570557 0.17867356538772583 4.666050820056238e-15 0.019031377337044606
1249.6572265625 0.9647988080978394 0.17060740292072296 4.6667009178432556e-15 0.01899778003012165
1249.6671142578125 0.8820539712905884 0.1654691845178604 4.6673552507950095e-15 0.0189628825498242
1249.6771240234375 0.879686713218689 0.16632746160030365 4.668030336053971e-15 0.01892716392167256
1249.6871337890625 0.9623425006866455 0.17081598937511444 4.668718126807142e-15 0.01888976503333933
1249.697021484375 0.8818086385726929 0.16471906006336212 4.669409305692101e-15 0.01885115287755695
1249.70703125 0.9468220472335815 0.1692013293504715 4.670120813367795e-15 0.018811842503194655
1249.717041015625 0.9768041968345642 0.17276781797409058 4.670843755988276e-15 0.018770896166873614
1249.72705078125 1.0306848287582397 0.17358143627643585 4.671578133553546e-15 0.018728819407881125
1249.7369384765625 0.9125440120697021 0.16775429248809814 4.672315052217657e-15 0.018685642193157975
1249.7469482421875 1.0742194652557373 0.1786409318447113 4.673071452639555e-15 0.01864194112009247
1249.7569580078125 0.8460784554481506 0.16351409256458282 4.673838440973294e-15 0.018596668090988727
1249.766845703125 1.2907487154006958 0.18911580741405487 4.6746066998564536e-15 0.018550385089808965
1249.77685546875 1.0113286972045898 0.17312417924404144 4.6753944404974e-15 0.018503706653472618
1249.786865234375 1.060112476348877 0.17645741999149323 4.676192345533714e-15 0.018455511456589812
1249.7967529296875 1.1404727697372437 0.18130046129226685 4.6769898270535536e-15 0.018406401279014505
1249.8067626953125 1.0411741733551025 0.1759580820798874 4.67780679033118e-15 0.018357022347405057
1249.8167724609375 0.862583339214325 0.16371452808380127 4.678633070971227e-15 0.01830618929713519
1249.82666015625 0.9447160959243774 0.1690613031387329 4.6794580810618526e-15 0.01825453852358439
1249.836669921875 1.1247055530548096 0.1797311156988144 4.680301725877318e-15 0.018202749238521332
1249.8466796875 0.92755526304245 0.16792644560337067 4.681154264538729e-15 0.018149573357408567
1249.8565673828125 1.2225250005722046 0.18536081910133362 4.682004262101299e-15 0.018095678570878206
1249.8665771484375 0.9766209721565247 0.1706046164035797 4.682872894388708e-15 0.018041771931827533
1249.8765869140625 0.8779911398887634 0.164823979139328 4.6837495734891165e-15 0.01798655412466677
1249.886474609375 0.8757134079933167 0.16503247618675232 4.684622440941262e-15 0.01793072103643697
1249.896484375 0.7637273073196411 0.15631020069122314 4.685513943118247e-15 0.0178750019565569
1249.906494140625 1.1876630783081055 0.18396998941898346 4.6864122215588104e-15 0.01781805311150285
1249.91650390625 0.9420315027236938 0.16882921755313873 4.687317276262952e-15 0.017760594565727213
1249.9263916015625 0.8608470559120178 0.16356898844242096 4.6882180958023566e-15 0.01770266328783766
1249.9364013671875 1.0395958423614502 0.17495615780353546 4.68913627951718e-15 0.01764500876973246
1249.9464111328125 0.9594599008560181 0.17033006250858307 4.690060392462635e-15 0.01758624494262856
1249.956298828125 0.9097386002540588 0.16727560758590698 4.690978999693932e-15 0.017527115210202393
1249.96630859375 0.8774228692054749 0.16498135030269623 4.691914547584174e-15 0.017468382476512685
1249.976318359375 1.0063064098358154 0.17383170127868652 4.692855601188574e-15 0.017408635810667854
1249.9862060546875 1.1215344667434692 0.1798003911972046 4.693790302045869e-15 0.017348635055790686
1249.9962158203125 1.2857999801635742 0.18920555710792542 4.6947415200456356e-15 0.017289149813163054
1250.0062255859375 1.2025998830795288 0.1848480999469757 4.695697396726612e-15 0.01722875229010266
1250.01611328125 0.9908308386802673 0.17072001099586487 4.696646073627537e-15 0.017168208299740095
1250.026123046875 0.9226868748664856 0.16843920946121216 4.697610420637986e-15 0.01710830066402268
1250.0361328125 1.103642225265503 0.1787758618593216 4.6985785792966975e-15 0.017047584556559178
1250.0460205078125 1.054927945137024 0.17614033818244934 4.69953869114241e-15 0.016986837142112222
1250.0560302734375 0.890686571598053 0.16521166265010834 4.700514473097647e-15 0.016926836130607897
1250.0660400390625 1.0558385848999023 0.175906702876091 4.7014932196681996e-15 0.016866139230885643
1250.075927734375 1.0283193588256836 0.17391745746135712 4.702462648876332e-15 0.01680552217568829
1250.0859375 0.9992781281471252 0.17355068027973175 4.703447324677515e-15 0.016745763847644337
1250.095947265625 0.8974337577819824 0.1653972864151001 4.7044341180610665e-15 0.016685421316623737
1250.1058349609375 1.0649988651275635 0.17797985672950745 4.705411594082198e-15 0.01662527328187456
1250.1158447265625 1.1729323863983154 0.1832059770822525 4.7064026226304855e-15 0.016566085480623934
1250.1258544921875 0.9806915521621704 0.17088089883327484 4.707395768761141e-15 0.016506435295672205
1250.1358642578125 1.280766487121582 0.1888272911310196 4.708390185441218e-15 0.016447091607060205
1250.145751953125 0.9806074500083923 0.17096050083637238 4.7093740142094536e-15 0.016388089735825395
1250.15576171875 0.9614688754081726 0.17106837034225464 4.710370971988372e-15 0.01633018058752193
1250.165771484375 1.0724695920944214 0.17658556997776031 4.7113687768002375e-15 0.016271971117125247
1250.1756591796875 1.0989553928375244 0.17925651371479034 4.712355146667315e-15 0.016214213686173158
1250.1856689453125 1.036160945892334 0.17533661425113678 4.713353798512128e-15 0.016157641667634563
1250.1956787109375 1.0785748958587646 0.17654308676719666 4.714352873873414e-15 0.016100890697525405
1250.20556640625 1.0596539974212646 0.17846593260765076 4.715339243740492e-15 0.016044699748099824
1250.215576171875 0.813154935836792 0.16150420904159546 4.716337472068831e-15 0.015989777664520175
1250.2255859375 0.9787772297859192 0.17131681740283966 4.717335276880697e-15 0.01593480333938116
1250.2354736328125 1.2709908485412598 0.18808132410049438 4.71831995268188e-15 0.015880490237340512
1250.2454833984375 1.165921926498413 0.1844112128019333 4.719315639911377e-15 0.015827522285858528
1250.2554931640625 1.0238126516342163 0.17309552431106567 4.7203104801079275e-15 0.015774626489512295
1250.265380859375 0.8207972645759583 0.16114269196987152 4.721290920744374e-15 0.015722491789860422
1250.275390625 0.9231092929840088 0.1668711006641388 4.7222823728091355e-15 0.01567177032577147
1250.285400390625 0.988127589225769 0.17100763320922852 4.723271283775055e-15 0.015621242376656356
1250.2952880859375 1.2205722332000732 0.1843784600496292 4.724245795180871e-15 0.015571567933223153
1250.3052978515625 0.84833163022995 0.16161027550697327 4.7252300474655805e-15 0.015523366070000487
1250.3153076171875 0.9747352004051208 0.17117054760456085 4.726211758651448e-15 0.01547547594523333
1250.3251953125 0.9920274019241333 0.1709880232810974 4.727178223244265e-15 0.015428525904415973
1250.335205078125 0.9431787133216858 0.1688646525144577 4.728153158166555e-15 0.015382542140498516
1250.34521484375 0.8632718324661255 0.16213515400886536 4.729125128473529e-15 0.015338094141804171
1250.355224609375 1.0520738363265991 0.17692136764526367 4.7300928636157674e-15 0.015294108274279052
1250.3651123046875 0.9577857851982117 0.16880111396312714 4.731045352164955e-15 0.015251164979265205
1250.3751220703125 0.9641177654266357 0.17040176689624786 4.732005464010668e-15 0.015209790116592103
1250.3851318359375 0.8648895025253296 0.16402126848697662 4.732960493658697e-15 0.015168984931983993
1250.39501953125 0.8232752084732056 0.16097167134284973 4.733899853197202e-15 0.015129285512797403
1250.405029296875 0.56131911277771 0.14117515087127686 4.734845565482811e-15 0.015091177209038117
1250.4150390625 0.8294463157653809 0.16049650311470032 4.7357857720542636e-15 0.015053736103297006
1250.4249267578125 0.8265499472618103 0.16152141988277435 4.736709884999718e-15 0.015017457064358692
1250.4349365234375 0.6317635774612427 0.14633838832378387 4.737639080142856e-15 0.014982776711344034
1250.4449462890625 0.8789355754852295 0.16404661536216736 4.738562769571837e-15 0.014948853148577098
1250.454833984375 0.711232602596283 0.15257896482944489 4.739469094825399e-15 0.014916135305112887
1250.46484375 0.7035754323005676 0.15425612032413483 4.740380078760171e-15 0.014885011124482456
1250.474853515625 0.7326348423957825 0.1558750569820404 4.7412847099478385e-15 0.014854722141462206
1250.4847412109375 0.5973386764526367 0.14388063549995422 4.742171553443614e-15 0.014825670009251554
1250.4947509765625 0.6828039288520813 0.15126770734786987 4.743061785071178e-15 0.014798193793371524
1250.5047607421875 0.5553337931632996 0.1421128511428833 4.743945240435164e-15 0.014771620116437803
1250.5146484375 0.40635064244270325 0.12864185869693756 4.744810061074311e-15 0.014746301438227373
1250.524658203125 0.6773534417152405 0.14927741885185242 4.7456782698452465e-15 0.014722525068411997
1250.53466796875 0.46506941318511963 0.13380961120128632 4.74653800828671e-15 0.014699706573899868
1250.544677734375 0.659511923789978 0.150824174284935 4.7473892763987e-15 0.01467814753399046
1250.5545654296875 0.558695912361145 0.14014074206352234 4.748221909785851e-15 0.014657845349684494
1250.5645751953125 0.8225677609443665 0.15982869267463684 4.749056237238897e-15 0.014639021538228401
1250.5745849609375 0.54567950963974 0.13944150507450104 4.749881670845996e-15 0.014621207455491536
1250.58447265625 0.6918795108795166 0.15120315551757812 4.7506876226953085e-15 0.014604635744298726
1250.594482421875 0.8023770451545715 0.1578461229801178 4.7514939980610946e-15 0.014589479635807133
1250.6044921875 0.6384915709495544 0.14678068459033966 4.752290632547987e-15 0.014575355362155807
1250.6143798828125 0.704538881778717 0.15124160051345825 4.753068208793567e-15 0.01456244632439828
1250.6243896484375 0.5595124959945679 0.13986904919147491 4.753844514489725e-15 0.014550873982538199
1250.6343994140625 0.9322479367256165 0.16593800485134125 4.754610655790517e-15 0.014540341342178976
1250.644287109375 0.8484092354774475 0.16175569593906403 4.755356891817048e-15 0.014530982622217596
1250.654296875 0.7843857407569885 0.15741625428199768 4.756101433777684e-15 0.014522873085320548
1250.664306640625 0.8012377023696899 0.15833792090415955 4.7568349643100066e-15 0.014515794599431782
1250.6741943359375 0.9464976191520691 0.16766919195652008 4.757548166051595e-15 0.014509834373842952
1250.6842041015625 1.0107747316360474 0.1712242215871811 4.7582584031778674e-15 0.01450502468899653
1250.6942138671875 0.8980035781860352 0.16402003169059753 4.7589567818428786e-15 0.014501224123099543
1250.7041015625 0.960457444190979 0.1682012975215912 4.759634831717156e-15 0.014498473554259941
1250.714111328125 1.216199517250061 0.18351708352565765 4.76030906994317e-15 0.014496764977909339
1250.72412109375 0.9925721883773804 0.1702227145433426 4.760970179158502e-15 0.014496028045421895
1250.7340087890625 0.9122888445854187 0.16523286700248718 4.7616109595831e-15 0.014496264029703344
1250.7440185546875 1.1224117279052734 0.17698685824871063 4.762246234293541e-15 0.014497423425163653
1250.7540283203125 0.783784806728363 0.15675650537014008 4.762868379993299e-15 0.014499503261164863
1250.7640380859375 0.8798375725746155 0.16277159750461578 4.763476973165901e-15 0.014502466869257376
1250.77392578125 0.8638172149658203 0.16217662394046783 4.764064390514822e-15 0.014506278964565562
1250.783935546875 0.8955369591712952 0.16411268711090088 4.764645031600165e-15 0.01451084735905811
1250.7939453125 1.2505125999450684 0.1851986050605774 4.765211696641878e-15 0.014516250137656178
1250.8038330078125 1.0407135486602783 0.1736421138048172 4.765756762343436e-15 0.014522401239789928
1250.8138427734375 1.055901050567627 0.17389816045761108 4.766293781231995e-15 0.014529175996423012
1250.8238525390625 1.039514422416687 0.17230097949504852 4.766815977043978e-15 0.014536705041115257
1250.833740234375 0.9759621024131775 0.16913606226444244 4.767316573515805e-15 0.014544871658077435
1250.84375 1.1372992992401123 0.1785953938961029 4.767808276141686e-15 0.014553528669677514
1250.853759765625 0.7504451870918274 0.15356896817684174 4.768283885141569e-15 0.014562849178288099
1250.8636474609375 1.0580140352249146 0.1730894297361374 4.768737894801298e-15 0.014572690066159804
1250.8736572265625 1.0555214881896973 0.1744578778743744 4.769181316549185e-15 0.01458288487814377
1250.8836669921875 0.8315898180007935 0.1596095860004425 4.769608644671075e-15 0.014593644160037944
1250.8935546875 1.0894211530685425 0.17530551552772522 4.770013949936336e-15 0.014604804461239218
1250.903564453125 0.9587392807006836 0.1679689735174179 4.770407396740336e-15 0.014616179141869584
1250.91357421875 0.8141648769378662 0.15923283994197845 4.77078390288539e-15 0.014628009577541698
1250.9234619140625 0.9747003316879272 0.16930527985095978 4.771138386173816e-15 0.014640115152685125
1250.9334716796875 1.1333035230636597 0.17905782163143158 4.77147974045156e-15 0.014652301067108995
1250.9434814453125 0.8932726383209229 0.16431701183319092 4.771803307037411e-15 0.014664826818036408
1250.9534912109375 1.0057690143585205 0.1711658090353012 4.7721082388984225e-15 0.014677499608576965
1250.96337890625 0.8952057361602783 0.1636010706424713 4.772391571419279e-15 0.01469027785490977
1250.973388671875 1.069928765296936 0.17518675327301025 4.772660080863559e-15 0.014702960088733556
1250.9833984375 0.9104165434837341 0.1651865392923355 4.772909532066525e-15 0.014715819557728682
1250.9932861328125 0.9118873476982117 0.1644066572189331 4.773136960412863e-15 0.0147286553606414
1251.0032958984375 0.911539614200592 0.16405124962329865 4.773348295133203e-15 0.014741269758141261
1251.0133056640625 1.00730562210083 0.1706903576850891 4.773539724579282e-15 0.01475393103979878
1251.023193359375 0.9095640778541565 0.16558192670345306 4.773709131168733e-15 0.014766441915192306
1251.033203125 0.9903370141983032 0.17066483199596405 4.773860750066292e-15 0.014778611654805505
1251.043212890625 0.7010802626609802 0.15072627365589142 4.77399246368959e-15 0.014790697889354132
1251.0531005859375 1.007338285446167 0.17094501852989197 4.7741017309397855e-15 0.014802509260909895
1251.0631103515625 1.2147125005722046 0.18321458995342255 4.774191939948668e-15 0.014813863811580211
1251.0731201171875 0.8132895827293396 0.15874837338924408 4.774260973133869e-15 0.014825004611138285
1251.0830078125 1.0069819688796997 0.17027385532855988 4.7743084069789155e-15 0.014835746358952576
1251.093017578125 0.9419081807136536 0.16751456260681152 4.774335088516754e-15 0.014845928076418439
1251.10302734375 1.1510035991668701 0.17980840802192688 4.774339747197964e-15 0.0148557625467708
1251.1129150390625 0.9583464860916138 0.1665528416633606 4.774322383022545e-15 0.014865081432844665
1251.1229248046875 0.8629602789878845 0.16187253594398499 4.774282995990498e-15 0.014873743197881333
1251.1329345703125 0.7494325041770935 0.15413928031921387 4.774221162585348e-15 0.014881926910945125
1251.142822265625 1.005489468574524 0.17190983891487122 4.774137729840044e-15 0.014889482752848054
1251.15283203125 1.1362007856369019 0.17883995175361633 4.7740301566557425e-15 0.014896297311790456
1251.162841796875 1.072096347808838 0.17503295838832855 4.773899713581865e-15 0.014902502804378468
1251.1728515625 0.9745513796806335 0.16858644783496857 4.773745553585465e-15 0.014907976406939999
1251.1827392578125 0.8929436802864075 0.16396625339984894 4.7735702177653834e-15 0.014912686122009132
1251.1927490234375 0.9430338740348816 0.16675302386283875 4.773368623923937e-15 0.014916557097352722
1251.2027587890625 1.0231070518493652 0.17140014469623566 4.7731428896434936e-15 0.014919652426266519
1251.212646484375 1.2460980415344238 0.18547825515270233 4.772895979539369e-15 0.01492188956129703
1251.22265625 0.9907398223876953 0.16915343701839447 4.772621117347985e-15 0.014923229397670136
1251.232666015625 1.1368215084075928 0.17805612087249756 4.7723216912011306e-15 0.014923675597425235
1251.2425537109375 1.1194829940795898 0.1778433918952942 4.772001089230595e-15 0.01492318203511072
1251.2525634765625 1.0214965343475342 0.17229674756526947 4.771651264623379e-15 0.0149217442096903
1251.2625732421875 1.1183191537857056 0.17759539186954498 4.771276029027745e-15 0.014919302435083959
1251.2724609375 1.0907896757125854 0.1754680573940277 4.77087961760843e-15 0.014915847474004332
1251.282470703125 1.1194831132888794 0.17847833037376404 4.77045228948654e-15 0.01491141816439137
1251.29248046875 1.0578571557998657 0.1738126575946808 4.769998703343286e-15 0.014905885513603143
1251.3023681640625 1.1704996824264526 0.18073344230651855 4.769524788409297e-15 0.014899277317217775
1251.3123779296875 0.8822362422943115 0.1609921008348465 4.769017839190365e-15 0.014891679614992203
1251.3223876953125 1.042037844657898 0.1716388314962387 4.768484208433595e-15 0.014882887546068908
1251.332275390625 0.8651837706565857 0.16188621520996094 4.767930248886091e-15 0.014872974501948882
1251.34228515625 0.7663961052894592 0.1560276597738266 4.767341560987749e-15 0.014862071373526858
1251.352294921875 0.9271377921104431 0.16640934348106384 4.7667253445186214e-15 0.014849899222804873
1251.3621826171875 0.9609343409538269 0.16788096725940704 4.7660892227752334e-15 0.014836574857359976
1251.3721923828125 1.0076829195022583 0.17090438306331635 4.765417102131587e-15 0.014822276965640186
1251.3822021484375 0.9120653867721558 0.16536815464496613 4.764716182367734e-15 0.01480664830752303
1251.3922119140625 1.0891860723495483 0.1754303127527237 4.763986887000148e-15 0.014789856564854287
1251.402099609375 1.0905433893203735 0.1754920929670334 4.763237686358302e-15 0.014771901400991405
1251.412109375 0.9109325408935547 0.16563968360424042 4.762449945717355e-15 0.014753024649628526
1251.422119140625 1.090201735496521 0.17530740797519684 4.7616329824397285e-15 0.014732764346888886
1251.4320068359375 0.766610860824585 0.1562754362821579 4.7607969609207886e-15 0.014711353610255773
1251.4420166015625 1.087766408920288 0.17572127282619476 4.759920705336854e-15 0.014689084262214751
1251.4520263671875 0.976412832736969 0.16956859827041626 4.759013956566818e-15 0.014665418364696823
1251.4619140625 1.1685214042663574 0.18092447519302368 4.758088573071943e-15 0.014640639101449226
1251.471923828125 0.9452292323112488 0.16811828315258026 4.7571212614461785e-15 0.014615084778332227
1251.48193359375 0.8501849174499512 0.1605941653251648 4.756122609601366e-15 0.014588146865716458
1251.4918212890625 0.9615412950515747 0.16901537775993347 4.7551061700646605e-15 0.014560156009798472
1251.5018310546875 1.02692449092865 0.17206376791000366 4.7540452612982245e-15 0.014531498905466173
1251.5118408203125 0.9465326070785522 0.16789495944976807 4.75295301231274e-15 0.014501498967433203
1251.521728515625 0.96452796459198 0.16800761222839355 4.751842975635363e-15 0.014470536393859425
1251.53173828125 1.030627727508545 0.1724746972322464 4.750686775662361e-15 0.014439041840128135
1251.541748046875 0.88368159532547 0.16395877301692963 4.7494983884373634e-15 0.014406278892505646
1251.5516357421875 1.1612613201141357 0.17963425815105438 4.748292637036947e-15 0.014372673363430441
1251.5616455078125 0.9346051812171936 0.1664954125881195 4.747039451791484e-15 0.014338699245244292
1251.5716552734375 1.0960935354232788 0.17634856700897217 4.745752808744605e-15 0.01430356847876417
1251.5816650390625 0.9487805962562561 0.16763414442539215 4.744432707896309e-15 0.014267752245676538
1251.591552734375 1.160535216331482 0.18054863810539246 4.743096089905542e-15 0.014231310182664068
1251.6015625 0.9005929231643677 0.16520197689533234 4.741709073454413e-15 0.014194761950444468
1251.611572265625 1.0565855503082275 0.17507942020893097 4.74028775216892e-15 0.01415727510249623
1251.6214599609375 0.737735390663147 0.15583571791648865 4.73885033725743e-15 0.014119369944688693
1251.6314697265625 0.9995101690292358 0.17226724326610565 4.7373612533361566e-15 0.014081595575962468
1251.6414794921875 0.9670799374580383 0.17095041275024414 4.735836594031099e-15 0.014043102788785795
1251.6513671875 0.8897588849067688 0.16593880951404572 4.7342966881329905e-15 0.014004442548663685
1251.661376953125 0.8833016753196716 0.16595950722694397 4.732702572126258e-15 0.013966185281070095
1251.67138671875 0.955046534538269 0.17033793032169342 4.731072457219267e-15 0.013927483752190809
1251.6812744140625 1.1931531429290771 0.18681776523590088 4.729427519235699e-15 0.013888915092162397
1251.6912841796875 1.0663508176803589 0.17848658561706543 4.7277266770776125e-15 0.013851056505507166
1251.7012939453125 1.0577950477600098 0.17787812650203705 4.725989412502794e-15 0.01381308715808288
1251.711181640625 0.9770898222923279 0.1748504638671875 4.7242373248513984e-15 0.013775602988289275
1251.72119140625 1.051464557647705 0.17919732630252838 4.722427215443116e-15 0.013739174584278794
1251.731201171875 0.9973706007003784 0.1750977635383606 4.720580260101628e-15 0.01370303771064021
1251.7410888671875 1.055512547492981 0.178787499666214 4.718718905200037e-15 0.013667784662982116
1251.7510986328125 1.0953234434127808 0.18203918635845184 4.716797834475664e-15 0.013633975563737322
1251.7611083984375 0.9995008111000061 0.1752641201019287 4.714839070785138e-15 0.013600927433191494
1251.77099609375 0.9161953926086426 0.17164182662963867 4.712866754567457e-15 0.01356921969504377
1251.781005859375 0.971862256526947 0.1744164377450943 4.710831757911678e-15 0.013539379678217245
1251.791015625 0.9633000493049622 0.17471741139888763 4.708759068289747e-15 0.013510839534210459
1251.801025390625 0.9308599829673767 0.17087936401367188 4.706647415152242e-15 0.013484151828975733
1251.8109130859375 0.9040475487709045 0.17030102014541626 4.704523056520528e-15 0.013459501790076694
1251.8209228515625 0.9805415868759155 0.17512357234954834 4.7023338998683495e-15 0.013437336906937583
1251.8309326171875 1.0727931261062622 0.18161576986312866 4.7001053561841234e-15 0.013417300709113381
1251.8408203125 1.3072960376739502 0.19611044228076935 4.697864954038636e-15 0.013399880315136545
1251.850830078125 1.0906951427459717 0.18362277746200562 4.6955572127738415e-15 0.013385438443943186
1251.86083984375 0.8297671675682068 0.16518031060695648 4.693209660960526e-15 0.013373827010234728
1251.8707275390625 1.1450320482254028 0.1846948266029358 4.6908510977188966e-15 0.013365450046173325
1251.8807373046875 1.0846086740493774 0.1833028495311737 4.6884226542591185e-15 0.013360565044424767
1251.8907470703125 1.0737559795379639 0.18168401718139648 4.685953976734346e-15 0.013359264874552917
1251.900634765625 0.7933071851730347 0.16189342737197876 4.6834747112977325e-15 0.013361852993313484
1251.91064453125 1.0784635543823242 0.18406403064727783 4.680923871577076e-15 0.013368444975877896
1251.920654296875 1.075899362564087 0.1840967833995819 4.678331527242004e-15 0.013379423438360705
1251.9305419921875 1.1820358037948608 0.18900351226329803 4.675729865544513e-15 0.013394958306640017
1251.9405517578125 1.1352729797363281 0.1856846809387207 4.6730540884641365e-15 0.013414995947758813
1251.9505615234375 1.136386752128601 0.1820083111524582 4.6703359597363974e-15 0.013440251667581879
1251.96044921875 1.0268571376800537 0.17953486740589142 4.667609360679186e-15 0.013470727208762974
1251.970458984375 0.9513235688209534 0.17474296689033508 4.664806952173195e-15 0.013506171325186672
1251.98046875 0.986871600151062 0.17698469758033752 4.661961344986894e-15 0.01354766821292766
1251.9903564453125 0.791240394115448 0.1633518487215042 4.6591076909875944e-15 0.013595027529966762
1252.0003662109375 1.0117965936660767 0.1793919801712036 4.656176109957147e-15 0.013648450597477012
1252.0103759765625 1.0756971836090088 0.18277627229690552 4.653200483213443e-15 0.013707372336996346
1252.0203857421875 0.9140167236328125 0.1711755394935608 4.650180810756481e-15 0.01377343642839173
1252.0302734375 1.0981098413467407 0.18437460064888 4.647154785552415e-15 0.013846139549541281
1252.040283203125 1.1188405752182007 0.18305754661560059 4.644047021668939e-15 0.013924644850787414
1252.05029296875 0.931585431098938 0.1741512566804886 4.6408947885557324e-15 0.014011058095648577
1252.0601806640625 0.7548114061355591 0.16052252054214478 4.6377370497283684e-15 0.014104608100230658
1252.0701904296875 1.171209692955017 0.18689201772212982 4.6344950311227526e-15 0.014204164815636758
1252.0802001953125 1.0808387994766235 0.18199144303798676 4.631208119770932e-15 0.014312325589875212
1252.090087890625 1.0405490398406982 0.17865560948848724 4.6279161262214284e-15 0.014428033767091135
1252.10009765625 1.0765653848648071 0.179798886179924 4.624537735311305e-15 0.014549850772496358
1252.110107421875 1.055343747138977 0.1795368194580078 4.621113604622029e-15 0.014680885235321763
1252.1199951171875 1.1897919178009033 0.1858200877904892 4.617685662284491e-15 0.014819771972386552
1252.1300048828125 0.7834864258766174 0.15896821022033691 4.614168781487491e-15 0.01496475501516368
1252.1400146484375 0.9115429520606995 0.16961108148097992 4.610605313878392e-15 0.015119482022441845
1252.14990234375 1.159016728401184 0.18625105917453766 4.607039305170452e-15 0.015282264221486552
1252.159912109375 1.114963412284851 0.18349264562129974 4.603381816904208e-15 0.015451021671806767
1252.169921875 0.7692002654075623 0.15941625833511353 4.599676894792917e-15 0.01562995087742782
1252.1798095703125 1.1869864463806152 0.1859767884016037 4.5959702786157325e-15 0.015817044416836578
1252.1898193359375 1.0477542877197266 0.1783323436975479 4.59217048881435e-15 0.016009890796909437
1252.1998291015625 0.9774994254112244 0.17374464869499207 4.5883219946185e-15 0.0162132482996162
1252.2098388671875 1.1085857152938843 0.18215425312519073 4.584425219544656e-15 0.016424789921529268
1252.2197265625 0.9569061398506165 0.17383809387683868 4.580527597437866e-15 0.016644495723796893
1252.229736328125 1.0017036199569702 0.17696934938430786 4.576533413575088e-15 0.01686952252667885
1252.23974609375 1.015882968902588 0.17787083983421326 4.57249010180137e-15 0.01710539685830254
1252.2496337890625 0.8937276005744934 0.1698506623506546 4.5684476370605985e-15 0.017349350880055854
1252.2596435546875 0.7729079723358154 0.15818628668785095 4.564305222432051e-15 0.017598227952280197
1252.2696533203125 0.8075334429740906 0.163620263338089 4.56011325637609e-15 0.017858121083459997
1252.279541015625 0.906100869178772 0.16949065029621124 4.5559234079024964e-15 0.01812595308991851
1252.28955078125 1.0075266361236572 0.17627406120300293 4.551631068442285e-15 0.01839825763672223
1252.299560546875 0.9735975861549377 0.17516469955444336 4.5472883305217125e-15 0.018681694047006828
1252.3094482421875 0.992726743221283 0.1758495569229126 4.542948557216455e-15 0.01897288946078096
1252.3194580078125 1.1495728492736816 0.18436095118522644 4.538504175342212e-15 0.019268075111879845
1252.3294677734375 0.8950474858283997 0.16929197311401367 4.5340085479746595e-15 0.019574468680432482
1252.33935546875 1.0791130065917969 0.18211516737937927 4.529517155771844e-15 0.01988840418183608
1252.349365234375 0.9432355165481567 0.17328840494155884 4.5249186139012e-15 0.020205838892262684
1252.359375 1.0663797855377197 0.1801423579454422 4.520267555987827e-15 0.020534515232230766
1252.3692626953125 0.8812182545661926 0.16959421336650848 4.515622427305084e-15 0.020870498975691997
1252.3792724609375 0.8959407210350037 0.17091521620750427 4.5108671843391984e-15 0.021209478684528067
1252.3892822265625 0.8280922770500183 0.1669805943965912 4.506059425330583e-15 0.02155974126877264
1252.399169921875 1.1729233264923096 0.18757760524749756 4.501258019069072e-15 0.021917057900723656
1252.4091796875 0.9182186722755432 0.17186108231544495 4.496343957425576e-15 0.022276863218024842
1252.419189453125 0.9494542479515076 0.17510701715946198 4.491376532706403e-15 0.022647962975352154
1252.42919921875 1.209089994430542 0.18959641456604004 4.4863557449115535e-15 0.023025858857286762
1252.4390869140625 1.0400478839874268 0.1796121597290039 4.481342580413229e-15 0.023410490021954007
1252.4490966796875 1.1265116930007935 0.18589523434638977 4.476213795917604e-15 0.023796951545108237
1252.4591064453125 1.0602658987045288 0.1818704903125763 4.4710303777968814e-15 0.02419469997132942
1252.468994140625 0.8868592381477356 0.1706506907939911 4.4658562770385785e-15 0.024598938088915855
1252.47900390625 0.872599184513092 0.17032398283481598 4.460564015184134e-15 0.02500452482808681
1252.489013671875 1.1994534730911255 0.19119779765605927 4.45521584915517e-15 0.02542140284395285
1252.4989013671875 0.9933160543441772 0.17846910655498505 4.449878694554521e-15 0.02584451719282767
1252.5089111328125 1.0287953615188599 0.18096941709518433 4.444420414242414e-15 0.026268519955901907
1252.5189208984375 1.1184709072113037 0.18650007247924805 4.4389062297557885e-15 0.02670381552276269
1252.52880859375 0.9677817821502686 0.17572084069252014 4.4334039037304245e-15 0.02714511489270453
1252.538818359375 0.8096278309822083 0.16558271646499634 4.427777487378288e-15 0.027586864306704904
1252.548828125 0.8638858199119568 0.1701563000679016 4.4220938963022115e-15 0.028039894307826725
1252.5587158203125 1.0031323432922363 0.1795284003019333 4.416424281269765e-15 0.028498711752418086
1252.5687255859375 1.038375735282898 0.18041014671325684 4.41062761129523e-15 0.028957545508026792
1252.5787353515625 0.8308762311935425 0.1686886101961136 4.4047737665967555e-15 0.02942764781108073
1252.588623046875 1.0588417053222656 0.18374796211719513 4.398934321458384e-15 0.029903327801282926
1252.5986328125 0.9744134545326233 0.17897510528564453 4.392965703795557e-15 0.03037861428481104
1252.608642578125 0.9916186332702637 0.18021802604198456 4.386938640859369e-15 0.03086516867063196
1252.6185302734375 0.9580934047698975 0.1777997463941574 4.380927671549179e-15 0.031357103144395077
1252.6285400390625 0.8359103202819824 0.16961659491062164 4.3747841415827434e-15 0.03185434001932495
1252.6385498046875 1.0137215852737427 0.18153248727321625 4.3685821663429474e-15 0.03235065294331054
1252.6485595703125 0.8576946258544922 0.17162632942199707 4.36232047528037e-15 0.03285822972011336
