wave flux_norm flux_err cont_fit cont_err
1257.0023193359375 0.9908016920089722 0.1436482071876526 4.9629934663092835e-15 0.047035317986887024
1257.0123291015625 0.860586941242218 0.13598112761974335 4.963732079039289e-15 0.04615793652536161
1257.0223388671875 1.1462265253067017 0.15201187133789062 4.964470268252821e-15 0.045286011999830976
1257.0322265625 0.8699637055397034 0.13668157160282135 4.96519871658746e-15 0.044430374924860794
1257.042236328125 1.194357991218567 0.15422511100769043 4.965935635251571e-15 0.04359088644269079
1257.05224609375 1.0359151363372803 0.14658838510513306 4.966672130399209e-15 0.04277750274167568
1257.0621337890625 0.9298036098480225 0.14075686037540436 4.967398884667953e-15 0.04197004611244789
1257.0721435546875 1.1803855895996094 0.1536579430103302 4.968133685749696e-15 0.04117853427828698
1257.0821533203125 0.8563790917396545 0.13676150143146515 4.968868063314966e-15 0.04041234524041953
1257.092041015625 0.9164199829101562 0.1398155242204666 4.969593123517815e-15 0.03965248754332834
1257.10205078125 1.036592960357666 0.14608803391456604 4.970326230533664e-15 0.03890846096399824
1257.112060546875 0.6786690354347229 0.12547384202480316 4.971058914033039e-15 0.038188989059226706
1257.1219482421875 0.9424769282341003 0.1408456414937973 4.9717818566535205e-15 0.03747630599049595
1257.1319580078125 0.85720294713974 0.13635417819023132 4.972512846087001e-15 0.03677929531126901
1257.1419677734375 0.8835652470588684 0.1370626837015152 4.973243412004008e-15 0.03610621238274265
1257.15185546875 1.0360381603240967 0.14621597528457642 4.973964660558595e-15 0.03544040651462331
1257.161865234375 0.9395751953125 0.14082962274551392 4.974693955926181e-15 0.034790232297316044
1257.171875 1.1178947687149048 0.14997738599777222 4.9754224042608194e-15 0.034163302230235934
1257.1817626953125 0.9419585466384888 0.14023014903068542 4.976141535233038e-15 0.0335441940612159
1257.1917724609375 0.832551896572113 0.13392771780490875 4.976868713018256e-15 0.032940691725527896
1257.2017822265625 1.021117091178894 0.1450825035572052 4.977595043770527e-15 0.03235986507289102
1257.2117919921875 0.9141545295715332 0.13947580754756927 4.978320951006324e-15 0.031787342481692855
1257.2216796875 0.9358431100845337 0.1408909112215042 4.979037117363227e-15 0.031230447082475948
1257.231689453125 0.8306106925010681 0.1346825808286667 4.9797613305331296e-15 0.030689136819492736
1257.24169921875 0.8667997717857361 0.13673807680606842 4.9804851201865584e-15 0.030169734740544938
1257.2515869140625 0.9026148319244385 0.13861218094825745 4.981199168961094e-15 0.029659407455950863
1257.2615966796875 1.09510338306427 0.14828312397003174 4.981921264548628e-15 0.029164642697022305
1257.2716064453125 0.768948495388031 0.13128726184368134 4.982642513103215e-15 0.028691226774582967
1257.281494140625 0.8073181509971619 0.13295595347881317 4.983354444295382e-15 0.028227436422539602
1257.29150390625 1.1897857189178467 0.1532699018716812 4.9840744223005485e-15 0.02777921003149256
1257.301513671875 1.0246295928955078 0.1442016363143921 4.984793553272767e-15 0.027351672765379385
1257.3114013671875 0.9372410178184509 0.14023743569850922 4.9855033668825665e-15 0.026934306446267302
1257.3214111328125 0.9385080933570862 0.14038215577602386 4.9862212273053645e-15 0.02653241878576319
1257.3314208984375 1.035158634185791 0.14498186111450195 4.986937817178742e-15 0.026150601130110522
1257.34130859375 0.780086100101471 0.13161835074424744 4.987645089689699e-15 0.025779355595624023
1257.351318359375 0.9986805319786072 0.14349113404750824 4.988360409013655e-15 0.025423477042538195
1257.361328125 1.0927848815917969 0.14845506846904755 4.989075304821138e-15 0.025086944035266148
1257.3712158203125 1.0315083265304565 0.1456335037946701 4.9897800362332535e-15 0.024761357458345373
1257.3812255859375 1.2016278505325317 0.15382714569568634 4.9904932379748416e-15 0.024450895769610324
1257.3912353515625 0.9140155911445618 0.1389598399400711 4.991205169167009e-15 0.02415895068407124
1257.4012451171875 1.0425156354904175 0.14575883746147156 4.9919166768427024e-15 0.023878204200512
1257.4111328125 0.9966225624084473 0.143702894449234 4.992618443639503e-15 0.0236122231977206
1257.421142578125 0.8770015239715576 0.13682329654693604 4.993327833732828e-15 0.023363842230088992
1257.43115234375 1.021264672279358 0.14451287686824799 4.99403680030968e-15 0.02312675887967524
1257.4410400390625 0.8780437111854553 0.13680966198444366 4.994736026007638e-15 0.022903956237948428
1257.4510498046875 1.031121015548706 0.1455872654914856 4.995443298518596e-15 0.02269524190724158
1257.4610595703125 1.0070750713348389 0.1443370282649994 4.996149723996606e-15 0.02250268935696452
1257.470947265625 1.0567961931228638 0.14661522209644318 4.9968464085957225e-15 0.02232132210681162
1257.48095703125 0.9815443754196167 0.14264512062072754 4.997551140007838e-15 0.022153359679981603
1257.490966796875 0.8875243067741394 0.13778290152549744 4.998254600870533e-15 0.02200035588949959
1257.5008544921875 1.210835576057434 0.15412835776805878 4.998949167887281e-15 0.021858257817044723
1257.5108642578125 1.220007061958313 0.1549070179462433 4.9996509346840814e-15 0.021728751879073048
1257.5208740234375 1.0222123861312866 0.14379356801509857 5.000352277964408e-15 0.02161288345860778
1257.53076171875 1.0999430418014526 0.1488347202539444 5.001043880365841e-15 0.021507485676724156
1257.540771484375 1.0088022947311401 0.14361578226089478 5.0017431060637996e-15 0.021413737730601783
1257.55078125 1.230989933013916 0.15535834431648254 5.002441484728811e-15 0.021332239416020835
1257.5606689453125 0.9942910075187683 0.14321550726890564 5.003130546031402e-15 0.021260631936986595
1257.5706787109375 0.875905454158783 0.13667206466197968 5.003826807114045e-15 0.02119964352012485
1257.5806884765625 1.0431106090545654 0.1454520970582962 5.0045226446802146e-15 0.021149465761218088
1257.590576171875 0.861950159072876 0.1361284852027893 5.0052087413674905e-15 0.021108499962104038
1257.6005859375 1.1251169443130493 0.14914725720882416 5.0059028848677654e-15 0.02107705104921581
1257.610595703125 1.0286455154418945 0.1446027159690857 5.0065957578186195e-15 0.021054968945472124
1257.62060546875 0.9565562605857849 0.14119382202625275 5.0072873602200526e-15 0.02104133419530796
1257.6304931640625 0.9341602325439453 0.13949650526046753 5.0079700687755396e-15 0.02103609983251245
1257.6405029296875 1.005861759185791 0.14353367686271667 5.008659977111078e-15 0.021038891863695394
1257.6505126953125 0.9816344976425171 0.14203959703445435 5.0093490384136696e-15 0.021049163508313158
1257.660400390625 0.8996086716651917 0.13761523365974426 5.010028782353841e-15 0.02106680599227461
1257.67041015625 1.2281482219696045 0.15496627986431122 5.010715726074064e-15 0.0210913698712719
1257.680419921875 1.0160011053085327 0.14430896937847137 5.01140182276134e-15 0.02112208029871007
1257.6903076171875 0.9820353984832764 0.14203694462776184 5.0120786020861965e-15 0.02115934506424899
1257.7003173828125 0.9216931462287903 0.13892965018749237 5.012763004707578e-15 0.0212024787178873
1257.7103271484375 1.1225240230560303 0.14973479509353638 5.013446136779539e-15 0.021250511187769657
1257.72021484375 1.0049431324005127 0.14351196587085724 5.0141199514890794e-15 0.021304306577573078
1257.730224609375 1.2428398132324219 0.15534766018390656 5.014800965978672e-15 0.021362977501634187
1257.740234375 1.089867353439331 0.1469593644142151 5.015481133435317e-15 0.021425411883285284
1257.7501220703125 1.0743988752365112 0.14753976464271545 5.0161519835295425e-15 0.02149285353085006
1257.7601318359375 1.2428216934204102 0.15537305176258087 5.0168300334038195e-15 0.0215642638451935
1257.7701416015625 1.0609623193740845 0.14628225564956665 5.017507236245149e-15 0.02163841780042713
1257.780029296875 1.0017130374908447 0.14355717599391937 5.018175121724059e-15 0.021716877534188248
1257.7900390625 1.2649494409561157 0.15654335916042328 5.0188497834665474e-15 0.02179848371883024
1257.800048828125 1.0637874603271484 0.14656348526477814 5.019524021692562e-15 0.021881929898182585
1257.81005859375 1.2555195093154907 0.1551794558763504 5.020196565852682e-15 0.02196903792572114
1257.8199462890625 1.0277665853500366 0.14461833238601685 5.0208602161668555e-15 0.022058560152457773
1257.8299560546875 1.0519797801971436 0.14599306881427765 5.021531066261081e-15 0.02215026920571503
1257.8399658203125 1.1238913536071777 0.1495051085948944 5.0222006458058854e-15 0.022242800204300486
1257.849853515625 0.9888700246810913 0.1428961455821991 5.022861331504744e-15 0.022338233377065277
1257.85986328125 1.0983883142471313 0.1482807695865631 5.02352879346718e-15 0.02243523627078727
1257.869873046875 0.9937777519226074 0.142473503947258 5.024194984880196e-15 0.022532421950482544
1257.8797607421875 1.1481257677078247 0.15024767816066742 5.024852282447265e-15 0.022632007759082695
1257.8897705078125 1.0049693584442139 0.14295227825641632 5.025516779794386e-15 0.022732640831879793
1257.8997802734375 1.1574314832687378 0.15117140114307404 5.0261795830756125e-15 0.02283291090761792
1257.90966796875 1.038735270500183 0.14477914571762085 5.026833492510893e-15 0.02293514525790978
1257.919677734375 0.883786678314209 0.13688111305236816 5.027494601726225e-15 0.023037972789856073
1257.9296875 1.072089433670044 0.14704836905002594 5.028154440392136e-15 0.023139987880511484
1257.9395751953125 1.00209641456604 0.1432887762784958 5.028804961695627e-15 0.02324358411283225
1257.9495849609375 0.8825967907905579 0.1363552212715149 5.0294622592626965e-15 0.023347386756745893
1257.9595947265625 1.059679627418518 0.14629590511322021 5.030118709796819e-15 0.023450010636567226
1257.969482421875 1.1674562692642212 0.1513095647096634 5.030765842968521e-15 0.02355388248673576
1257.9794921875 1.1430107355117798 0.15058137476444244 5.031419752403801e-15 0.02365764471626423
1257.989501953125 0.9293160438537598 0.1391277015209198 5.032072814806134e-15 0.023759926106385856
1257.9993896484375 1.1798973083496094 0.15198655426502228 5.0327165598460476e-15 0.023863176188217088
1258.0093994140625 1.0471487045288086 0.14521531760692596 5.033367081149539e-15 0.02396603940984647
1258.0194091796875 1.0342748165130615 0.14504364132881165 5.034016331903609e-15 0.024067204923143834
1258.0294189453125 1.096785545349121 0.14763975143432617 5.0346647356247325e-15 0.024169085392881325
1258.039306640625 0.9646520018577576 0.14093729853630066 5.035303821983436e-15 0.02427037093293424
1258.04931640625 1.025377869606018 0.14375033974647522 5.035949684605717e-15 0.02437100168239023
1258.059326171875 1.1420286893844604 0.15018506348133087 5.036594276678578e-15 0.024469699429981454
1258.0692138671875 1.022292971611023 0.1439923644065857 5.0372295513890185e-15 0.024568852045780503
1258.0792236328125 0.8094612956047058 0.13216689229011536 5.037871602363037e-15 0.0246671892396519
1258.0892333984375 1.096827745437622 0.14785994589328766 5.038512806304109e-15 0.024763486939274725
1258.09912109375 1.0472638607025146 0.14545145630836487 5.0391446928827605e-15 0.02486007950004024
1258.109130859375 1.1323908567428589 0.14964689314365387 5.03978335572499e-15 0.02495573805133128
1258.119140625 1.1557528972625732 0.1507289558649063 5.0404203245013254e-15 0.025049279742747888
1258.1290283203125 1.0360616445541382 0.1448541283607483 5.041048822948188e-15 0.025142988754853855
1258.1390380859375 0.8106974363327026 0.13246069848537445 5.0416832506256816e-15 0.02523567422604778
1258.1490478515625 1.2160828113555908 0.15349581837654114 5.042316831270228e-15 0.025326208242744255
1258.158935546875 1.18916916847229 0.15267246961593628 5.042941518068828e-15 0.025416805288290423
1258.1689453125 1.0010008811950684 0.14269834756851196 5.043572557614532e-15 0.02550632680510744
1258.178955078125 0.8329277634620667 0.1339624673128128 5.044202326610816e-15 0.025593683504994868
1258.1888427734375 1.08399498462677 0.1469046026468277 5.04482277824468e-15 0.02568102459104957
1258.1988525390625 0.9639325141906738 0.14104269444942474 5.0454500061421215e-15 0.025767261496658457
1258.2088623046875 0.939693808555603 0.13988302648067474 5.0460759634901424e-15 0.02585135035050159
1258.2188720703125 0.8696185946464539 0.1354067027568817 5.0467006502887424e-15 0.02593537317148302
1258.228759765625 1.127699851989746 0.14933256804943085 5.047316019724923e-15 0.02601827593582301
1258.23876953125 0.8940151333808899 0.13698533177375793 5.047938165424681e-15 0.026100067820722526
1258.248779296875 0.8457742929458618 0.13367971777915955 5.048558617058545e-15 0.026179771390583324
1258.2586669921875 1.128629446029663 0.1492117941379547 5.049170598362936e-15 0.026259364459930122
1258.2686767578125 0.9737569093704224 0.14135995507240295 5.049788508897958e-15 0.026337862820526088
1258.2786865234375 0.8795713782310486 0.13614322245121002 5.050405148883559e-15 0.026414337769107236
1258.28857421875 1.3054322004318237 0.15767134726047516 5.051012895023214e-15 0.026490692200085677
1258.298583984375 0.7621890902519226 0.13003472983837128 5.0516269939099735e-15 0.026565988388647474
1258.30859375 0.9926325082778931 0.14248310029506683 5.052239398730838e-15 0.02663934275800279
1258.3184814453125 0.9988290667533875 0.14360961318016052 5.052843333222231e-15 0.026712581780792288
1258.3284912109375 0.9513263702392578 0.14055174589157104 5.053453196944254e-15 0.026784816266681374
1258.3385009765625 1.0723419189453125 0.14771166443824768 5.054061790116856e-15 0.02685520102047905
1258.348388671875 0.7619126439094543 0.12951423227787018 5.054661489443512e-15 0.026925496778254867
1258.3583984375 0.9495770335197449 0.1413523405790329 5.0552675415172724e-15 0.02699485125804474
1258.368408203125 0.9955920577049255 0.1432546079158783 5.055871899525138e-15 0.02706245969169118
1258.3782958984375 0.9649019837379456 0.14143814146518707 5.056467363687058e-15 0.02713002092818798
1258.3883056640625 0.8916435837745667 0.13791818916797638 5.057069180596082e-15 0.027196716877718505
1258.3983154296875 0.8038071990013123 0.13264361023902893 5.057669303439212e-15 0.027261784744464168
1258.4083251953125 0.8117242455482483 0.13404926657676697 5.058268155732921e-15 0.027326853344154616
1258.418212890625 0.8503196239471436 0.13544295728206635 5.058858537697157e-15 0.027391152150237127
1258.42822265625 0.6411008238792419 0.122535839676857 5.0594544253755504e-15 0.027454708677264534
1258.438232421875 0.5662875175476074 0.1173303946852684 5.060049042504523e-15 0.027516794385530847
1258.4481201171875 0.4698610305786133 0.1099889799952507 5.060634765787549e-15 0.027578977009528955
1258.4581298828125 0.5966086387634277 0.11810478568077087 5.0612264183012064e-15 0.027640523552320873
1258.4681396484375 0.4228111207485199 0.10633429139852524 5.061816800265443e-15 0.027700727106960536
1258.47802734375 0.33834800124168396 0.09965446591377258 5.062398288383733e-15 0.027761110801797165
1258.488037109375 0.3883380591869354 0.10348930954933167 5.062985705732654e-15 0.02782096604197732
1258.498046875 0.36354750394821167 0.10165931284427643 5.0635718525321536e-15 0.027879612062903226
1258.5079345703125 0.364520400762558 0.10167048126459122 5.0641491054857074e-15 0.02793853586090393
1258.5179443359375 0.3275589644908905 0.09929457306861877 5.064731864153418e-15 0.027997049119970082
1258.5279541015625 0.5202882885932922 0.11362387984991074 5.0653133522717084e-15 0.028054488373867516
1258.537841796875 0.5028855800628662 0.1122405156493187 5.065886370060526e-15 0.02811231001050143
1258.5478515625 0.39995077252388 0.10494130849838257 5.066464893563501e-15 0.028169847545078223
1258.557861328125 0.548345685005188 0.11584191024303436 5.067041723000581e-15 0.028226445112088442
1258.5677490234375 0.6421214938163757 0.1218467429280281 5.067610505624662e-15 0.02828353989639066
1258.5777587890625 0.8897495865821838 0.13731472194194794 5.068184370446427e-15 0.028340484598359555
1258.5877685546875 0.7796769738197327 0.13128060102462769 5.068756964718771e-15 0.028396620794319153
1258.59765625 1.0072253942489624 0.14355765283107758 5.0693206651451685e-15 0.028453386183266916
1258.607666015625 0.7955227494239807 0.13169454038143158 5.069890294802197e-15 0.028510129868787846
1258.61767578125 0.8398640751838684 0.13458962738513947 5.070458230393331e-15 0.028566204977647988
1258.627685546875 0.8207775354385376 0.13306142389774323 5.0710244719185706e-15 0.02862304015962057
1258.6375732421875 0.8458476662635803 0.13454775512218475 5.071582666630811e-15 0.028679989904628427
1258.6475830078125 0.7369935512542725 0.1276157945394516 5.072145943540735e-15 0.028737102354655333
1258.6575927734375 0.8965379595756531 0.13702607154846191 5.072707526384765e-15 0.028793721342655388
1258.66748046875 0.9554541110992432 0.14025188982486725 5.073260638899322e-15 0.028851294690215943
1258.677490234375 0.8106845021247864 0.13237498700618744 5.073819257128036e-15 0.028909167159761655
1258.6875 1.1274161338806152 0.14889927208423615 5.0743766048073295e-15 0.02896667835497995
1258.6973876953125 1.0597292184829712 0.1456918865442276 5.074925058640677e-15 0.029025291601747345
1258.7073974609375 0.9264518618583679 0.1385696828365326 5.075479018188181e-15 0.02908434619335019
1258.7174072265625 0.9819434881210327 0.1415657103061676 5.076031283669791e-15 0.029143158549184263
1258.727294921875 1.1249611377716064 0.1481616497039795 5.076575078821928e-15 0.029203228651075573
1258.7373046875 0.887808084487915 0.13573604822158813 5.0771243796882224e-15 0.02926388445289616
1258.747314453125 0.9814010262489319 0.1412159949541092 5.077671986488622e-15 0.029324413187728927
1258.7572021484375 0.8409440517425537 0.13340824842453003 5.07821112295955e-15 0.029386359535438944
1258.7672119140625 0.958982527256012 0.13994598388671875 5.0787553416281606e-15 0.029449023623654813
1258.7772216796875 0.9353892207145691 0.13852760195732117 5.079297866230877e-15 0.029511673699564166
1258.787109375 0.9843102097511292 0.14067761600017548 5.0798323440205944e-15 0.029575904113467673
1258.797119140625 1.0523840188980103 0.1443539410829544 5.080371480491522e-15 0.029640986704571333
1258.80712890625 0.9788892269134521 0.1412482112646103 5.080909346413028e-15 0.029706162195589306
1258.817138671875 0.8640599846839905 0.13469380140304565 5.08144551826864e-15 0.02977307410802229
1258.8270263671875 0.8634174466133118 0.1346520334482193 5.08197321979478e-15 0.029840974521561165
1258.8370361328125 0.9696469902992249 0.14031539857387543 5.0825060035186026e-15 0.029909901630631737
1258.8470458984375 1.1805620193481445 0.15106599032878876 5.083037093176531e-15 0.029979036894767136
1258.85693359375 1.1581932306289673 0.1499505341053009 5.0835601360214606e-15 0.0300501304838545
1258.866943359375 0.9228241443634033 0.13740406930446625 5.0840878375476e-15 0.03012237661609704
1258.876953125 1.0762653350830078 0.14563313126564026 5.084613845007845e-15 0.03019491036628923
1258.8868408203125 0.8623846769332886 0.13413910567760468 5.085131805655091e-15 0.030269562588022804
1258.8968505859375 0.9091941118240356 0.13716118037700653 5.085654424983547e-15 0.030345480204731923
1258.9068603515625 0.9072759747505188 0.13716304302215576 5.086175350246108e-15 0.030421752876693745
1258.916748046875 0.9694203734397888 0.13999420404434204 5.086688228695671e-15 0.03050030098875803
1258.9267578125 0.9092147946357727 0.1373017579317093 5.087205765826443e-15 0.030580221219705904
1258.936767578125 0.9652386903762817 0.14050288498401642 5.087721608891321e-15 0.03066055475081893
1258.9466552734375 1.002013921737671 0.1423403024673462 5.0882294051432e-15 0.030743312344461753
1258.9566650390625 0.84801185131073 0.13401880860328674 5.088741860076289e-15 0.03082754032815879
1258.9666748046875 0.9344719648361206 0.13758128881454468 5.089252620943483e-15 0.030912221238967745
1258.9765625 0.9578108787536621 0.13933956623077393 5.0897553349976785e-15 0.030999470598625407
1258.986572265625 0.6755117177963257 0.12305280566215515 5.09026228421661e-15 0.031088282557807864
1258.99658203125 1.0018136501312256 0.14241483807563782 5.090767962886121e-15 0.031177567349708307
1259.006591796875 0.7107095718383789 0.12528111040592194 5.091271523973264e-15 0.0312695591474164
1259.0164794921875 0.7344896197319031 0.12637174129486084 5.0917670382474075e-15 0.03136318874770012
1259.0264892578125 0.7211195826530457 0.12637557089328766 5.092267211202761e-15 0.031457304507305245
1259.0364990234375 0.640667200088501 0.1205499917268753 5.09276569009222e-15 0.03155425336754173
1259.04638671875 0.5345816016197205 0.11370642483234406 5.0932561221686806e-15 0.031652906484559026
1259.056396484375 0.4169366955757141 0.10496047139167786 5.093750789409877e-15 0.031753273343472166
1259.06640625 0.4879426658153534 0.11017566919326782 5.094243762585179e-15 0.03185411934726636
1259.0762939453125 0.31151479482650757 0.09632209688425064 5.094728688947482e-15 0.03195795147153532
1259.0863037109375 0.3223273754119873 0.0972280502319336 5.095218273990995e-15 0.03206354533132193
1259.0963134765625 0.25314176082611084 0.09053613245487213 5.09570574145214e-15 0.032169596798126664
1259.106201171875 0.3588007390499115 0.10012013465166092 5.0961855856167596e-15 0.03227872863281106
1259.1162109375 0.20569196343421936 0.08609466999769211 5.096669241429642e-15 0.03238965525353273
1259.126220703125 0.20544789731502533 0.08603289723396301 5.097151626693103e-15 0.03250099554567731
1259.1361083984375 0.2994424104690552 0.09526220709085464 5.0976259651435655e-15 0.032615506172958525
1259.1461181640625 0.20572718977928162 0.08610579371452332 5.0981041152422905e-15 0.032731822705004014
1259.1561279296875 0.2643960416316986 0.09134294092655182 5.098580571275121e-15 0.032848499098019165
1259.166015625 0.2625179588794708 0.0923076644539833 5.0990498275279e-15 0.03296841232185693
1259.176025390625 0.3685086965560913 0.10124824196100235 5.099522471912468e-15 0.03309013564620837
1259.18603515625 0.1816704422235489 0.08368534594774246 5.099993422231141e-15 0.033212143701579405
1259.1959228515625 0.31145554780960083 0.09549543261528015 5.100456749253289e-15 0.0333374450468019
1259.2059326171875 0.19297586381435394 0.08473635464906693 5.1009238879237e-15 0.033464535266168716
1259.2159423828125 0.3100510835647583 0.09628686308860779 5.101389332528216e-15 0.03359182861422683
1259.2259521484375 0.1350851058959961 0.0781678706407547 5.1018526595503644e-15 0.033722449570041134
1259.23583984375 0.170650452375412 0.08147039264440536 5.102308786792461e-15 0.033854829582441556
1259.245849609375 0.1121758222579956 0.07531033456325531 5.102768302166346e-15 0.03398895262315834
1259.255859375 0.08857207745313644 0.07234202325344086 5.103226123474337e-15 0.03412313332305077
1259.2657470703125 0.06483852118253708 0.06922511756420135 5.103676321485803e-15 0.034260669701647914
1259.2757568359375 0.14665371179580688 0.07957001030445099 5.104129907629058e-15 0.03439989616666296
1259.2857666015625 0.07683740556240082 0.07062221318483353 5.1045822232228914e-15 0.03453905569779845
1259.295654296875 0.06534623354673386 0.06910277158021927 5.105026492003726e-15 0.03468156874792848
1259.3056640625 0.07661458104848862 0.07078170031309128 5.105474572432824e-15 0.03482570011275355
1259.315673828125 0.029694832861423492 0.06416508555412292 5.105920958796027e-15 0.03496963265632024
1259.3255615234375 0.04110362008213997 0.06584115326404572 5.1063597218627046e-15 0.03511689091706592
1259.3355712890625 0.06453115493059158 0.06917708367109299 5.106801873061171e-15 0.035265684035221026
1259.3455810546875 0.00640469416975975 0.06035740673542023 5.1072423301937436e-15 0.03541412621882392
1259.35546875 0.04162301495671272 0.06565443426370621 5.1076751640297905e-15 0.035565863785365075
1259.365478515625 0.09971535205841064 0.07356878370046616 5.1081113859976265e-15 0.03571902114759741
1259.37548828125 0.06478732079267502 0.06920485943555832 5.108545913899568e-15 0.03587167752001917
1259.3853759765625 0.1115751639008522 0.07509560137987137 5.108973242021458e-15 0.03602756899930874
1259.3953857421875 0.029407290741801262 0.06419914215803146 5.109403534758663e-15 0.03618476131134169
1259.4053955078125 0.14591941237449646 0.07975608855485916 5.1098321334299736e-15 0.036341276633387834
1259.4154052734375 0.10042896866798401 0.07364323735237122 5.1102581910024425e-15 0.03650094336950684
1259.42529296875 0.08801412582397461 0.07183278352022171 5.110677472311333e-15 0.03666178560580691
1259.435302734375 0.1112755611538887 0.07542445510625839 5.111100141752013e-15 0.03682375776930425
1259.4453125 0.15825022757053375 0.08039377629756927 5.1115202700938514e-15 0.036984813038888814
1259.4552001953125 0.14672763645648956 0.07936524599790573 5.1119336221721115e-15 0.03714888007451142
1259.4652099609375 0.10006535053253174 0.07357758283615112 5.112349938865687e-15 0.03731392160359926
1259.4752197265625 0.21709707379341125 0.0866234302520752 5.112764137976894e-15 0.037477857245400134
1259.485107421875 0.14552336931228638 0.07938731461763382 5.113171560824524e-15 0.037644680646876254
1259.4951171875 0.13462691009044647 0.07813724875450134 5.113581524770995e-15 0.03781231512214795
1259.505126953125 0.2852165400981903 0.0939733013510704 5.113989794651571e-15 0.03797864457738695
1259.5150146484375 0.24965079128742218 0.0901690199971199 5.114390864752096e-15 0.03814771724633345
1259.5250244140625 0.4126144349575043 0.10483282059431076 5.1147948994679365e-15 0.038317420693487134
1259.5350341796875 0.4011664092540741 0.10411446541547775 5.115196816601409e-15 0.03848561943543488
1259.544921875 0.4596615433692932 0.10825367271900177 5.115591957471303e-15 0.038656392304395104
1259.554931640625 0.38959670066833496 0.10284004360437393 5.115989639440039e-15 0.03882761490930783
1259.56494140625 0.4255525469779968 0.1055300161242485 5.1163852038264065e-15 0.03899711485212479
1259.5748291015625 0.5879650115966797 0.11756113916635513 5.11677441546567e-15 0.039169014498730184
1259.5848388671875 0.6336201429367065 0.12071102857589722 5.117165744687301e-15 0.03934115516599563
1259.5948486328125 0.7180488705635071 0.12520179152488708 5.117554956326565e-15 0.03951136199235913
1259.604736328125 0.8214830756187439 0.13172930479049683 5.117937815218724e-15 0.03968377393066459
1259.61474609375 0.8454908728599548 0.13291434943675995 5.118322791693251e-15 0.039856208155550195
1259.624755859375 0.8797970414161682 0.13492968678474426 5.118706074101883e-15 0.04002649837018238
1259.634765625 0.7994204759597778 0.1301220804452896 5.119086815411674e-15 0.04019876768282609
1259.6446533203125 0.9144742488861084 0.13681946694850922 5.1194612039743605e-15 0.04037084197979745
1259.6546630859375 0.624547004699707 0.11934047937393188 5.119837710119415e-15 0.040542645270417545
1259.6646728515625 0.9495461583137512 0.13854371011257172 5.1202120986821014e-15 0.04071201057334494
1259.674560546875 0.8791155219078064 0.1347372978925705 5.1205801344976834e-15 0.04088303920128813
1259.6845703125 1.0167675018310547 0.14256419241428375 5.1209502878956335e-15 0.04105355658311933
1259.694580078125 0.972610592842102 0.1399773359298706 5.1213183237112155e-15 0.04122142010878748
1259.7044677734375 0.9118388295173645 0.13709867000579834 5.1216795832632195e-15 0.041390693734121485
1259.7144775390625 1.0668165683746338 0.1439758837223053 5.122043383914065e-15 0.041559211404424624
1259.7244873046875 0.9216746687889099 0.13745202124118805 5.122404643466069e-15 0.041724854974737186
1259.734375 0.9597710967063904 0.13930729031562805 5.122759550270969e-15 0.04189163386515315
1259.744384765625 1.0515193939208984 0.14419005811214447 5.1231165746582364e-15 0.042057408449952365
1259.75439453125 0.994869589805603 0.14098715782165527 5.123471481463136e-15 0.04222009148613184
1259.7642822265625 0.9592577815055847 0.13930264115333557 5.123820035520931e-15 0.04238361816243211
1259.7742919921875 0.9142521619796753 0.13636837899684906 5.124170283644621e-15 0.04254588282686857
1259.7843017578125 0.9127172231674194 0.13653749227523804 5.124518837702416e-15 0.04270484319491375
1259.794189453125 0.8432613611221313 0.13278335332870483 5.124860615496633e-15 0.042864338982890764
1259.80419921875 0.8307085633277893 0.13230891525745392 5.125204510873218e-15 0.04302230621834934
1259.814208984375 0.8651308417320251 0.13413043320178986 5.125545865150962e-15 0.04317676606107229
1259.82421875 1.0046714544296265 0.14143095910549164 5.125885101846337e-15 0.04333144148541918
1259.8341064453125 0.853090226650238 0.13368326425552368 5.126218409311082e-15 0.043484319188191005
1259.8441162109375 1.0752724409103394 0.14512784779071808 5.126552987325247e-15 0.04363531005575072
1259.8541259765625 1.0377178192138672 0.1433251053094864 5.1268854477570444e-15 0.04378252299333778
1259.864013671875 0.9807485342025757 0.14039406180381775 5.127211978958211e-15 0.04392949463880271
1259.8740234375 1.0735994577407837 0.14530541002750397 5.127539780708798e-15 0.044074308959707785
1259.884033203125 1.0037541389465332 0.1412193328142166 5.127865888393491e-15 0.044215143590726556
1259.8939208984375 0.9380983114242554 0.1369476318359375 5.128185219814606e-15 0.044355387200455336
1259.9039306640625 1.0160082578659058 0.1418335735797882 5.1285062453016155e-15 0.044493195983079825
1259.9139404296875 0.8532330393791199 0.13301585614681244 5.128825153206257e-15 0.04462683884747737
1259.923828125 0.8995590209960938 0.1357068419456482 5.129138131880267e-15 0.04475952596716293
1259.933837890625 0.8886274695396423 0.13511395454406738 5.1294523811036986e-15 0.04488949292118123
1259.94384765625 0.7273709774017334 0.12529544532299042 5.129764512744762e-15 0.04501512167332641
1259.9537353515625 0.8303354978561401 0.13213926553726196 5.1300702916387206e-15 0.045139414346045716
1259.9637451171875 1.0405586957931519 0.1431005746126175 5.130377764598574e-15 0.045260710614224355
1259.9737548828125 0.8777775764465332 0.13426701724529266 5.1306826964595854e-15 0.045377495670914855
1259.983642578125 0.7479031085968018 0.12709960341453552 5.130981699089966e-15 0.045492559578550994
1259.99365234375 0.7272512912750244 0.12491720914840698 5.131281972269768e-15 0.045604347277746954
1260.003662109375 0.8917023539543152 0.1353030502796173 5.131579704350728e-15 0.04571146539247376
1260.013671875 0.6961541175842285 0.12453944236040115 5.1318753188493195e-15 0.045816470388719915
1260.0235595703125 0.9473177790641785 0.13945750892162323 5.1321650041172805e-15 0.04591792620230344
1260.0335693359375 0.7026572823524475 0.12398014962673187 5.132455959934662e-15 0.046015733269303846
1260.0435791015625 0.8784452080726624 0.13535891473293304 5.132744798169676e-15 0.04610868342624957
1260.053466796875 0.5773543119430542 0.1168736070394516 5.133027283657585e-15 0.046198971503521466
1260.0634765625 0.6168848872184753 0.12006622552871704 5.1333110396949155e-15 0.04628534834337275
1260.073486328125 0.5612481832504272 0.11594762653112411 5.133592254633404e-15 0.04636673941457042
1260.0833740234375 0.49952611327171326 0.10994266718626022 5.133867963857735e-15 0.04644506440092785
1260.0933837890625 0.5088328123092651 0.11171809583902359 5.134144520115014e-15 0.046519205110238014
1260.1033935546875 0.6352393627166748 0.12115824967622757 5.134418958789924e-15 0.04658825150490429
1260.11328125 0.4224052429199219 0.10595659166574478 5.134687468234204e-15 0.04665382054801976
1260.123291015625 0.4421476721763611 0.1071014255285263 5.134956824711431e-15 0.04671495059159533
1260.13330078125 0.3916590213775635 0.10331908613443375 5.135223640089816e-15 0.04677088913417585
1260.1431884765625 0.41081979870796204 0.10489453375339508 5.135484949754044e-15 0.04682293649111759
1260.1531982421875 0.31113752722740173 0.09565425664186478 5.135747106451219e-15 0.04687029431714928
1260.1632080078125 0.25592055916786194 0.09067876636981964 5.136006722049552e-15 0.04691238964189241
1260.173095703125 0.2991600036621094 0.09498688578605652 5.136260408417255e-15 0.04695018297872302
1260.18310546875 0.18048220872879028 0.08246304094791412 5.1365153653343786e-15 0.04698304814707571
1260.193115234375 0.22060289978981018 0.08791987597942352 5.13676778115266e-15 0.047010600342724716
1260.2030029296875 0.19772754609584808 0.08526020497083664 5.137014267740311e-15 0.04703344302866283
1260.2130126953125 0.09936603903770447 0.07321099191904068 5.1372616013609096e-15 0.04705113283000519
1260.2230224609375 0.09918220341205597 0.07306739687919617 5.137506393882666e-15 0.04706348439074995
1260.2330322265625 0.07586759328842163 0.0700070783495903 5.1377490688220544e-15 0.047070724773144
1260.242919921875 0.11187867820262909 0.07537896931171417 5.137985814530812e-15 0.047072610745324234
1260.2529296875 0.08663533627986908 0.07139644026756287 5.138223407272517e-15 0.047069073105118986
1260.262939453125 0.10147108137607574 0.07392635196447372 5.138458035398906e-15 0.04706019566419262
1260.2728271484375 0.06633295863866806 0.06947306543588638 5.138687581327612e-15 0.047045698490301296
1260.2828369140625 0.11210423707962036 0.07549456506967545 5.138917550772792e-15 0.047025602096418005
1260.2928466796875 0.0430653840303421 0.06608756631612778 5.1391449791191295e-15 0.047000198677681196
1260.302734375 0.05231340229511261 0.06693027913570404 5.13936690175131e-15 0.04696881282160011
1260.312744140625 0.13560453057289124 0.07826942950487137 5.1395892478999644e-15 0.04693167399406456
1260.32275390625 0.029255647212266922 0.06331299990415573 5.139809052949777e-15 0.046889298196675054
1260.3326416015625 0.1099652424454689 0.07475408911705017 5.140023775801906e-15 0.046840594800838894
1260.3426513671875 0.07523313164710999 0.07020349055528641 5.140238498654035e-15 0.04678601616459917
1260.3526611328125 0.028655467554926872 0.06347203254699707 5.140450680407322e-15 0.046726299969019364
1260.362548828125 0.051565635949373245 0.0668407753109932 5.140657356446452e-15 0.0466599456726563
1260.37255859375 0.06410334259271622 0.06841421127319336 5.140864456002056e-15 0.046587624078731286
1260.382568359375 0.0750092938542366 0.07015423476696014 5.141069014458818e-15 0.04651031214265682
1260.3924560546875 0.04037778824567795 0.06507722288370132 5.141268490717896e-15 0.04642607537441763
1260.4024658203125 0.12271670252084732 0.07617651671171188 5.141467543460501e-15 0.046335826645486966
1260.4124755859375 0.10982561856508255 0.0744219720363617 5.1416644786207374e-15 0.04624076909522039
1260.4224853515625 0.10938980430364609 0.07467829436063766 5.141858449165659e-15 0.046138551200355524
1260.432373046875 0.07457852363586426 0.07040807604789734 5.14204776102937e-15 0.04603031549393304
1260.4423828125 0.16761624813079834 0.0811241865158081 5.142236649376608e-15 0.04591607279130451
1260.452392578125 0.16827864944934845 0.08114111423492432 5.14242257310853e-15 0.045797343383630354
1260.4622802734375 0.1789080947637558 0.08288397639989853 5.142604261675716e-15 0.04567121362964114
1260.4722900390625 0.13308392465114594 0.07723560929298401 5.142785103209955e-15 0.04553914848927203
1260.4822998046875 0.2141893357038498 0.08581198751926422 5.142963403645352e-15 0.045402897674236456
1260.4921875 0.21486429870128632 0.0855642780661583 5.143137045399539e-15 0.04525914207333742
1260.502197265625 0.3888514041900635 0.10076015442609787 5.1433102636372525e-15 0.04510957950636231
1260.51220703125 0.3889343738555908 0.10146278142929077 5.143480940776124e-15 0.044956199732740634
1260.5220947265625 0.4644225835800171 0.10852988064289093 5.1436465357173125e-15 0.04479528325465918
1260.5321044921875 0.5543442368507385 0.11481193453073502 5.143811707142027e-15 0.04462876848954506
1260.5421142578125 0.5874307751655579 0.11817936599254608 5.1439743374679e-15 0.04445887024589371
1260.552001953125 0.5949801802635193 0.11880622059106827 5.144132309112563e-15 0.04428148591390185
1260.56201171875 0.7979115843772888 0.13322722911834717 5.1442894337242785e-15 0.04409879525126173
1260.572021484375 0.823897659778595 0.1343718320131302 5.1444440172371524e-15 0.04391323332907742
1260.5819091796875 0.7030929923057556 0.12665912508964539 5.1445939420688164e-15 0.043720348380837624
1260.5919189453125 0.8180782198905945 0.13524310290813446 5.144743019867533e-15 0.043522536728506804
1260.6019287109375 0.9002282619476318 0.13799773156642914 5.1448891330509346e-15 0.04332245533691625
1260.6119384765625 0.9283748865127563 0.14042943716049194 5.145033128651968e-15 0.04311532685615316
1260.621826171875 0.7444236874580383 0.12975449860095978 5.145172465571791e-15 0.04290377276833903
1260.6318359375 0.8248775601387024 0.1351199895143509 5.1453105319421936e-15 0.04269063815373715
1260.641845703125 0.7576942443847656 0.13049256801605225 5.145446057213754e-15 0.042470874608095774
1260.6517333984375 0.687262237071991 0.12768174707889557 5.145577347320579e-15 0.04224731172104504
1260.6617431640625 0.8458287119865417 0.1370140016078949 5.145707366877982e-15 0.04202019214610061
1260.6717529296875 0.6749787330627441 0.12553967535495758 5.145834845336544e-15 0.041792594103334336
1260.681640625 1.0333757400512695 0.14880222082138062 5.145957665113896e-15 0.04155916997777609
1260.691650390625 0.9040765762329102 0.1405484527349472 5.1460796378583005e-15 0.04132300710832098
1260.70166015625 0.9303062558174133 0.1422223448753357 5.14619864598739e-15 0.04108734268948439
1260.7115478515625 1.0147212743759155 0.14651274681091309 5.146313418951743e-15 0.040846683755695834
1260.7215576171875 1.0972743034362793 0.1512037068605423 5.146426921366675e-15 0.040604275774303256
1260.7315673828125 0.8869213461875916 0.13893046975135803 5.146537882682765e-15 0.04036347512890287
1260.741455078125 0.9349720478057861 0.14192238450050354 5.146644608834119e-15 0.04011872673340787
1260.75146484375 0.8807392716407776 0.1379157304763794 5.146749640919579e-15 0.039873415049533435
1260.761474609375 1.1677829027175903 0.15505783259868622 5.1468521319061964e-15 0.03963097458886118
1260.7713623046875 0.8756828308105469 0.13919609785079956 5.146950387728078e-15 0.039385876319707025
1260.7813720703125 1.1427499055862427 0.15385673940181732 5.1470473730005385e-15 0.03914160698922984
1260.7913818359375 1.0349478721618652 0.14793182909488678 5.147141393657684e-15 0.038901635810315645
1260.80126953125 0.9473925232887268 0.14194178581237793 5.147231602666566e-15 0.038660576076635256
1260.811279296875 0.9027215838432312 0.14047487080097198 5.147319694093081e-15 0.03842196926008428
1260.8212890625 0.9996273517608643 0.1466604322195053 5.1474052444207535e-15 0.03818925478451299
1260.831298828125 1.1247186660766602 0.15191663801670074 5.147487830133111e-15 0.037957308429012
1260.8411865234375 0.8353434801101685 0.1358693540096283 5.147567027713679e-15 0.03772967493259732
1260.8511962890625 0.9051348567008972 0.13950294256210327 5.1476436841954056e-15 0.03750702801503699
1260.8612060546875 0.8542113304138184 0.1365242302417755 5.14771779957829e-15 0.037292680854723606
1260.87109375 1.319570541381836 0.16077820956707 5.147788526829386e-15 0.03708205830051457
1260.881103515625 0.8507204651832581 0.13537755608558655 5.14785671298164e-15 0.03687860952778204
1260.89111328125 0.956305742263794 0.14218780398368835 5.147922358035052e-15 0.03668543250423743
1260.9010009765625 0.9155164957046509 0.13945354521274567 5.147984191440202e-15 0.03649856662047819
1260.9110107421875 1.0083973407745361 0.14520952105522156 5.148043907262983e-15 0.03632126740246823
1260.9210205078125 0.9847646355628967 0.1432771235704422 5.148101081986923e-15 0.03615634738222141
1260.930908203125 1.1727334260940552 0.153466135263443 5.1481544450626e-15 0.03600059571047301
1260.94091796875 1.1118834018707275 0.14917157590389252 5.148205267039435e-15 0.03585698614690905
1260.950927734375 0.9509952068328857 0.1409223973751068 5.148253547917429e-15 0.03572792012501313
1260.9608154296875 0.9939922094345093 0.14236153662204742 5.148298440663633e-15 0.03561110874827326
1260.9708251953125 1.124218225479126 0.1483640968799591 5.148340792310996e-15 0.03550913164977607
1260.9808349609375 1.0993155241012573 0.14660973846912384 5.148380179343043e-15 0.035423844195187425
1260.99072265625 1.0165656805038452 0.1421584188938141 5.1484161782433015e-15 0.03535404352313098
1261.000732421875 1.0684123039245605 0.14400792121887207 5.148450059561192e-15 0.03530177392289921
1261.0107421875 0.871450662612915 0.133966326713562 5.148480552747293e-15 0.03526821862163852
1261.020751953125 0.9503634572029114 0.13840503990650177 5.148508504834552e-15 0.035253409838415274
1261.0306396484375 1.0655667781829834 0.1443699300289154 5.148532645273549e-15 0.03525871972166673
1261.0406494140625 0.9613681435585022 0.13902142643928528 5.1485546681301776e-15 0.03528496828430514
1261.0506591796875 0.9151550531387329 0.13632726669311523 5.148573302855017e-15 0.03533221767625867
1261.060546875 1.1366328001022339 0.14766964316368103 5.148588972964541e-15 0.035402377082103406
1261.070556640625 0.8012872338294983 0.12984715402126312 5.148602101975224e-15 0.035495696178999614
1261.08056640625 1.0218534469604492 0.1418413519859314 5.148611842854117e-15 0.035611254444108224
1261.0904541015625 1.0786809921264648 0.14509448409080505 5.148618619117695e-15 0.03575250883664537
1261.1004638671875 1.1371500492095947 0.14779771864414215 5.148622430765958e-15 0.03591872184356833
1261.1104736328125 0.9639859795570374 0.13903546333312988 5.148623701315379e-15 0.036107886614895855
1261.120361328125 0.9432488083839417 0.13707508146762848 5.148621583733011e-15 0.03632510862536371
1261.13037109375 0.9421062469482422 0.1371440440416336 5.148616501535327e-15 0.036568561981777464
1261.140380859375 1.1496926546096802 0.14822295308113098 5.148608454722328e-15 0.036835088575955674
1261.1502685546875 1.276076078414917 0.1540973037481308 5.148597443294014e-15 0.03713151307529575
1261.1602783203125 1.0333396196365356 0.1425132155418396 5.1485830437339106e-15 0.037454868948864864
1261.1702880859375 0.9749007821083069 0.13965189456939697 5.1485661030749655e-15 0.03780081635410542
1261.18017578125 1.0339388847351074 0.14231449365615845 5.148546197800705e-15 0.03817795265493716
1261.190185546875 1.1712682247161865 0.1495746523141861 5.1485229043946555e-15 0.03858213732115648
1261.2001953125 1.1592170000076294 0.14902032911777496 5.148496222856817e-15 0.039007871234579605
1261.2100830078125 0.987975537776947 0.13980846107006073 5.14846742373661e-15 0.03946555409127057
1261.2200927734375 1.0583748817443848 0.14353534579277039 5.148434812968141e-15 0.0399498690248423
1261.2301025390625 0.860360324382782 0.13300427794456482 5.148399237584356e-15 0.04045422889517062
1261.2401123046875 0.9056068658828735 0.13585001230239868 5.148360697585256e-15 0.040990797151348214
1261.25 0.9860290884971619 0.1402759552001953 5.1483196164873145e-15 0.04155318160237023
1261.260009765625 1.0549991130828857 0.1438111811876297 5.14827472374111e-15 0.04214100574858259
1261.27001953125 0.8598710894584656 0.1332748383283615 5.14822686637959e-15 0.042746291080628954
1261.2799072265625 0.9062044620513916 0.13559949398040771 5.1481764679192285e-15 0.04338353192237689
1261.2899169921875 1.0213274955749512 0.14183223247528076 5.148122681327078e-15 0.04404497793159146
1261.2999267578125 1.1268179416656494 0.14675354957580566 5.148065506603138e-15 0.044721680156947656
1261.309814453125 0.9890943765640259 0.13969647884368896 5.148005790780357e-15 0.045429815034112496
1261.31982421875 0.976920485496521 0.13947255909442902 5.147942686825786e-15 0.0461607212315025
1261.329833984375 1.0557706356048584 0.14402273297309875 5.147875771222953e-15 0.04690454890521977
1261.3397216796875 0.930749237537384 0.13625524938106537 5.147807161554226e-15 0.04767916080444915
1261.3497314453125 0.9902151823043823 0.13939081132411957 5.147734316720762e-15 0.048474944324310404
1261.3597412109375 1.1265171766281128 0.14736667275428772 5.1476585072719825e-15 0.04928135123823797
1261.36962890625 0.9188079237937927 0.13653375208377838 5.1475801567243615e-15 0.050117707874086835
1261.379638671875 0.9886515736579895 0.13983029127120972 5.147497994528478e-15 0.05097367814367635
1261.3896484375 1.2079790830612183 0.15086589753627777 5.147412444200805e-15 0.05183796543684306
1261.3995361328125 0.9196232557296753 0.1363460272550583 5.147324776290764e-15 0.05273133069915586
1261.4095458984375 1.1966261863708496 0.15013565123081207 5.147233296732461e-15 0.053642758724499015
1261.4195556640625 1.0115559101104736 0.1406632959842682 5.147138429042368e-15 0.054560272671912345
1261.4295654296875 0.919441819190979 0.13596051931381226 5.147040173220487e-15 0.05550602530814956
1261.439453125 0.8826608657836914 0.134428933262825 5.146939799816237e-15 0.05646826388762731
1261.449462890625 1.0571454763412476 0.14355351030826569 5.146835614763725e-15 0.05744655900088566
1261.45947265625 1.0571459531784058 0.1433626413345337 5.14672761806295e-15 0.0584281389676192
1261.4693603515625 1.1614056825637817 0.14869681000709534 5.1466179272962806e-15 0.0594368010467314
1261.4793701171875 0.975275993347168 0.13938738405704498 5.146504001364875e-15 0.0604600683524692
1261.4893798828125 1.1827160120010376 0.14993464946746826 5.14638668730168e-15 0.06148469587676123
1261.499267578125 0.9522467851638794 0.13829509913921356 5.146267255656117e-15 0.06253558788723028
1261.50927734375 0.870750367641449 0.13417786359786987 5.146143588845818e-15 0.06359969716410298
1261.519287109375 1.0564268827438354 0.14380286633968353 5.14601653390373e-15 0.06466340498590642
1261.5291748046875 1.2523621320724487 0.15322022140026093 5.145887784895747e-15 0.06575254590697588
1261.5391845703125 1.0207754373550415 0.14148440957069397 5.145753953690081e-15 0.0668536828628765
1261.5491943359375 1.0771887302398682 0.14513811469078064 5.1456171578691e-15 0.06795269736661778
1261.55908203125 1.1945222616195679 0.15038277208805084 5.1454786679822236e-15 0.06907638184704129
1261.569091796875 0.918894350528717 0.1361800581216812 5.1453355194141376e-15 0.0702108605528859
1261.5791015625 0.9395933747291565 0.137786865234375 5.145188559197789e-15 0.07134168351390299
1261.5889892578125 1.0680840015411377 0.14375300705432892 5.145040751948493e-15 0.07249645713017266
1261.5989990234375 1.0916056632995605 0.1453002542257309 5.14488743898504e-15 0.07366087740127632
