wave flux_norm flux_err cont_fit cont_err
1140.0888671875 1.0993322134017944 0.281975120306015 9.467936078698912e-15 0.027408515276763596
1140.1011962890625 1.1732929944992065 0.285539448261261 9.465710923146475e-15 0.026998512110009566
1140.1134033203125 0.8612645864486694 0.25871285796165466 9.463521342977822e-15 0.026617888107471968
1140.1256103515625 1.0572258234024048 0.2769553065299988 9.461346162369273e-15 0.026274291079322158
1140.137939453125 1.176620602607727 0.2876949608325958 9.459163358464199e-15 0.025963814553101608
1140.150146484375 0.9797072410583496 0.27027428150177 9.457016976975856e-15 0.025683772107860225
1140.162353515625 1.1402016878128052 0.2863138020038605 9.45488414801467e-15 0.02543955761759804
1140.1746826171875 0.8642070889472961 0.2600712478160858 9.452744542789906e-15 0.025226025825845308
1140.1868896484375 1.1796663999557495 0.28933483362197876 9.450640512948926e-15 0.025047029344066597
1140.1990966796875 0.8644677996635437 0.25940442085266113 9.448550035635103e-15 0.024899824083675644
1140.21142578125 1.0629435777664185 0.2786957323551178 9.446452782057701e-15 0.024782830292505262
1140.2236328125 1.0260989665985107 0.27494239807128906 9.444390256831137e-15 0.024697688753890782
1140.23583984375 0.9090951681137085 0.26452383399009705 9.442342131164676e-15 0.02464232728902322
1140.2481689453125 1.2285174131393433 0.2954080104827881 9.44028638220169e-15 0.024615770130673037
1140.2603759765625 0.7924863696098328 0.2534480094909668 9.438265361589541e-15 0.0246176015956796
1140.2725830078125 1.2356868982315063 0.29632991552352905 9.436257893504548e-15 0.024646419398933486
1140.284912109375 0.7943202257156372 0.25319594144821167 9.434243649155977e-15 0.024701837832717535
1140.297119140625 0.8434743285179138 0.2569237947463989 9.432263286125297e-15 0.024781642509521133
1140.309326171875 1.0376259088516235 0.27904626727104187 9.430296475621772e-15 0.024885116455475982
1140.3216552734375 1.2556103467941284 0.2989923357963562 9.42832288885467e-15 0.02501245583373128
1140.3338623046875 1.049495816230774 0.2807387709617615 9.426383183405457e-15 0.02515993929967642
1140.3460693359375 1.333604097366333 0.3063998520374298 9.424456183450454e-15 0.025327535773623205
1140.3583984375 1.2216682434082031 0.29692625999450684 9.42252325426482e-15 0.02551601630630772
1140.37060546875 0.6033592224121094 0.23378272354602814 9.420622512331181e-15 0.02572046417425477
1140.3828125 0.8586266040802002 0.26293861865997314 9.418735322924698e-15 0.02594148010997848
1140.3951416015625 0.9522067308425903 0.2727344036102295 9.416842204287585e-15 0.026180403938672544
1140.4073486328125 0.9551972150802612 0.27254173159599304 9.41498042586952e-15 0.02643139185200828
1140.4195556640625 1.0011767148971558 0.27814170718193054 9.413132199978611e-15 0.02669565800196261
1140.431884765625 1.0679391622543335 0.2849191129207611 9.411278044857072e-15 0.026975012353206044
1140.444091796875 0.8211259245872498 0.25925296545028687 9.40945522995458e-15 0.0272629399204004
1140.456298828125 0.6262580156326294 0.2388005256652832 9.407645967579245e-15 0.027561197871197738
1140.4686279296875 0.7964352965354919 0.25898435711860657 9.405830775973279e-15 0.027872015579077872
1140.4808349609375 1.175920009613037 0.2974506616592407 9.404046077553414e-15 0.028188369482555098
1140.4930419921875 0.8283435106277466 0.2637275755405426 9.402274084627758e-15 0.02851250828273625
1140.50537109375 1.1316840648651123 0.29545068740844727 9.400497009504419e-15 0.028846984352036444
1140.517578125 1.4797849655151367 0.3270686864852905 9.398749580534233e-15 0.029184467203636617
1140.52978515625 0.6617361903190613 0.24703092873096466 9.397015704091204e-15 0.029527553701299433
1140.5421142578125 1.1166993379592896 0.2972373068332672 9.395275898417543e-15 0.02987911074657497
1140.5543212890625 0.6646776795387268 0.2465454638004303 9.393566585929984e-15 0.030231563266842502
1140.566650390625 0.9447781443595886 0.27778390049934387 9.391852191244741e-15 0.030587805018241033
1140.578857421875 0.9332126975059509 0.27914148569107056 9.390166595679705e-15 0.03095092391062887
1140.591064453125 1.001115083694458 0.28508177399635315 9.388493705608878e-15 0.03131323540492426
1140.6033935546875 0.8700752854347229 0.2708948254585266 9.386815733340367e-15 0.03167785378716571
1140.6156005859375 1.0392544269561768 0.28708165884017944 9.385166560192063e-15 0.03204801677799995
1140.6278076171875 1.1479443311691284 0.2999228239059448 9.38352924550502e-15 0.03241598853549449
1140.64013671875 1.1695330142974854 0.29941168427467346 9.381887695653242e-15 0.032785049237610865
1140.65234375 0.9080965518951416 0.27201828360557556 9.380274097888722e-15 0.03315856406263798
1140.66455078125 1.0611639022827148 0.2848576605319977 9.378673205618412e-15 0.03352878786685978
1140.6768798828125 0.7439506649971008 0.25293922424316406 9.377067231150418e-15 0.03389912743016389
1140.6890869140625 0.881081759929657 0.2677561044692993 9.375489208769683e-15 0.03427298985520152
1140.7012939453125 1.0896753072738647 0.28545844554901123 9.373922197817262e-15 0.03464271784505976
1140.713623046875 0.9932073354721069 0.2785893380641937 9.372351798733053e-15 0.03501174918593611
1140.725830078125 0.9146785736083984 0.2635244131088257 9.370808504703156e-15 0.03538355370148982
1140.738037109375 1.1552293300628662 0.2880515158176422 9.369276222101573e-15 0.03575054377271054
1140.7503662109375 1.0247479677200317 0.27439969778060913 9.3677405513682e-15 0.036116206924744036
1140.7625732421875 1.3410491943359375 0.3026348650455475 9.366231138656193e-15 0.036484001934638244
1140.7747802734375 0.8760057687759399 0.26168689131736755 9.3647327373725e-15 0.03684647012973211
1140.787109375 1.186124563217163 0.2903655469417572 9.363230947957019e-15 0.03720710809318322
1140.79931640625 0.9454023241996765 0.2677806615829468 9.361755416562902e-15 0.0375693466017833
1140.8115234375 1.067976951599121 0.28064897656440735 9.360290896597099e-15 0.03792586407206385
1140.8238525390625 1.178407073020935 0.28922155499458313 9.358822988499507e-15 0.03828368106020362
1140.8360595703125 1.1366586685180664 0.2857171595096588 9.357379644357386e-15 0.03863558740568983
1140.8482666015625 1.3355282545089722 0.30279383063316345 9.355948158676526e-15 0.03898502490762034
1140.860595703125 0.6996830105781555 0.23994995653629303 9.354513284863877e-15 0.03933535520263297
1140.872802734375 1.4913835525512695 0.3156242370605469 9.353102975006699e-15 0.03967955348615147
1140.885009765625 0.7799690365791321 0.25046631693840027 9.351703676577835e-15 0.040021013996428954
1140.8973388671875 1.0543861389160156 0.27693259716033936 9.350301837050129e-15 0.04036302499647408
1140.9095458984375 1.093919277191162 0.2813679277896881 9.348923714444946e-15 0.040698735574448294
1140.9217529296875 0.9358388185501099 0.266512393951416 9.34755575623513e-15 0.04103150223727165
1140.93408203125 0.81942218542099 0.2549962103366852 9.34618610395942e-15 0.04136453637452752
1140.9462890625 0.857246994972229 0.25821253657341003 9.344839321573286e-15 0.04169117937687472
1140.95849609375 1.0518887042999268 0.27482789754867554 9.343503550615466e-15 0.042014705047076384
1140.9708251953125 1.1332181692123413 0.28524264693260193 9.342164391525857e-15 0.04233824765385317
1140.9830322265625 1.172006368637085 0.2877954840660095 9.340848949358771e-15 0.04265536320836607
1140.9952392578125 0.974907636642456 0.27019956707954407 9.339543671587052e-15 0.04296921742494764
1141.007568359375 0.8163280487060547 0.25214883685112 9.338235852716491e-15 0.04328288665509891
1141.019775390625 1.1703227758407593 0.28683391213417053 9.336950903735507e-15 0.04359011251887412
1141.031982421875 1.0133841037750244 0.27224910259246826 9.335676119149889e-15 0.04389399143992212
1141.0443115234375 1.1703916788101196 0.2869321405887604 9.33439879346543e-15 0.04419748570172649
1141.0565185546875 0.5806847214698792 0.22525964677333832 9.333143490637599e-15 0.04449456961347199
1141.0687255859375 0.9762328267097473 0.27039894461631775 9.331899199238082e-15 0.04478823654515173
1141.0810546875 1.0527502298355103 0.27366212010383606 9.330651519706776e-15 0.045081356452500235
1141.09326171875 0.8562696576118469 0.2541736960411072 9.3294258630321e-15 0.04536810702279906
1141.10546875 0.9377737045288086 0.26677852869033813 9.32821037075279e-15 0.045651398466553486
1141.1177978515625 1.3706573247909546 0.30329278111457825 9.326992337374638e-15 0.04593400047607547
1141.1300048828125 1.1322580575942993 0.2831004559993744 9.325795479820168e-15 0.04621030751675775
1141.1422119140625 0.9399120807647705 0.2667602002620697 9.324608786661064e-15 0.046483114788482376
1141.154541015625 0.9795818328857422 0.26816895604133606 9.32341955240312e-15 0.046755106359582035
1141.166748046875 1.1053451299667358 0.28319206833839417 9.322251493968856e-15 0.047020887022494184
1141.178955078125 1.0595653057098389 0.2776627242565155 9.321092752897012e-15 0.04728316178140324
1141.1912841796875 1.0973014831542969 0.2807145416736603 9.319931470726326e-15 0.047544504257849424
1141.2034912109375 1.14036226272583 0.2860001027584076 9.318791364379322e-15 0.047799722942120045
1141.2158203125 1.1765167713165283 0.2883709669113159 9.317649563966423e-15 0.04805144896918816
1141.22802734375 0.6759554743766785 0.2405029684305191 9.316527245311311e-15 0.04830212414182909
1141.240234375 1.0606508255004883 0.27778613567352295 9.315415091051566e-15 0.048546800471178826
1141.2525634765625 1.1056956052780151 0.2837972044944763 9.31430039569298e-15 0.04878797608494062
1141.2647705078125 1.0594972372055054 0.2780476212501526 9.31320518209218e-15 0.049028013910918475
1141.2769775390625 1.5324056148529053 0.31907185912132263 9.3121192858538e-15 0.049262169662050555
1141.289306640625 1.136703610420227 0.28566044569015503 9.311031695549525e-15 0.04949284502515427
1141.301513671875 1.0602225065231323 0.2789686322212219 9.309963587003037e-15 0.04972229455410015
1141.313720703125 1.16997230052948 0.28702110052108765 9.308903948786022e-15 0.04994598392949536
1141.3260498046875 1.0276507139205933 0.27637749910354614 9.307842616503113e-15 0.05016621307139545
1141.3382568359375 0.9474067687988281 0.2691766917705536 9.306799918945043e-15 0.05038513624581479
1141.3504638671875 0.788657546043396 0.2521853744983673 9.305766538749392e-15 0.05059843555590303
1141.36279296875 0.7089359760284424 0.244127556681633 9.3047306174549e-15 0.05080830139769184
1141.375 0.9799901247024536 0.27020901441574097 9.303714177918195e-15 0.051016787029989415
1141.38720703125 1.1990928649902344 0.29251039028167725 9.302705361678015e-15 0.051219779974980714
1141.3995361328125 1.2001675367355347 0.2940393090248108 9.301695698404888e-15 0.05141937440845883
1141.4117431640625 0.43096470832824707 0.209126815199852 9.300703822823653e-15 0.05161751431096747
1141.4239501953125 0.8826504349708557 0.2639315128326416 9.299720417571891e-15 0.05181030490118983
1141.436279296875 0.5536460280418396 0.22610321640968323 9.298734471221287e-15 0.05199972662589042
1141.448486328125 0.8764356970787048 0.2619442939758301 9.297767159595523e-15 0.052187641592282286
1141.460693359375 1.0150092840194702 0.27021363377571106 9.296808318299231e-15 0.0523703342481496
1141.4730224609375 1.1994938850402832 0.29345929622650146 9.295846935904097e-15 0.05255147913907959
1141.4852294921875 0.8860838413238525 0.2643352448940277 9.294903341200856e-15 0.0527274997951833
1141.4974365234375 0.5436213612556458 0.2202880084514618 9.293968216827087e-15 0.05290022181642508
1141.509765625 0.5426756143569946 0.21994087100028992 9.293030551354477e-15 0.05307133382847085
1141.52197265625 0.6652790904045105 0.2369775027036667 9.292110673573759e-15 0.05323746251956006
1141.5341796875 1.3946422338485718 0.30883315205574036 9.291198419089566e-15 0.05340033401413138
1141.5465087890625 1.0317057371139526 0.27531638741493225 9.290284470539478e-15 0.05356154218295942
1141.5587158203125 0.9311733245849609 0.2678719758987427 9.289386615615389e-15 0.053717909908215275
1141.5709228515625 0.720094621181488 0.24636788666248322 9.288497231020772e-15 0.053871065264637454
1141.583251953125 0.9718442559242249 0.27299484610557556 9.28760615236026e-15 0.05402250627573434
1141.595458984375 0.9714378118515015 0.2715156078338623 9.286731167325746e-15 0.054169246885841696
1141.607666015625 1.018855333328247 0.2769276797771454 9.285863805587758e-15 0.05431281863983976
1141.6199951171875 0.9586694836616516 0.2720579504966736 9.284994749783875e-15 0.054454629745090445
1141.6322021484375 0.914815366268158 0.26911115646362305 9.28414178760599e-15 0.05459187986480598
1141.6444091796875 1.390641689300537 0.3135432302951813 9.283295601691683e-15 0.05472601013312441
1141.65673828125 0.6274093389511108 0.23696599900722504 9.282448568744429e-15 0.05485833171674133
1141.6689453125 0.9456576704978943 0.27312585711479187 9.281616782390225e-15 0.05498623410647903
1141.68115234375 1.2902988195419312 0.3062456250190735 9.2807917722996e-15 0.05511106444986588
1141.6934814453125 1.2355705499649048 0.30306774377822876 9.279965915176026e-15 0.055234034789652504
1141.7056884765625 0.9407990574836731 0.2750307321548462 9.279154457612557e-15 0.05535273365515746
1141.7178955078125 1.2034207582473755 0.30049458146095276 9.278350623345612e-15 0.0554684039271245
1141.730224609375 1.2673499584197998 0.30560362339019775 9.277545095012774e-15 0.05558217574591718
1141.742431640625 0.8639942407608032 0.26610416173934937 9.276754813272985e-15 0.055691808736416236
1141.754638671875 0.8958624601364136 0.2698536515235901 9.275970460763828e-15 0.05579846913709208
1141.7669677734375 1.0336185693740845 0.28245294094085693 9.275185261221723e-15 0.05590318606852772
1141.7791748046875 0.797868549823761 0.2578890323638916 9.274414461239722e-15 0.056003906965056284
1141.7913818359375 1.1528817415237427 0.2926260828971863 9.273649590488351e-15 0.05610169692340489
1141.8037109375 0.8983224630355835 0.2669961452484131 9.272883872704033e-15 0.05619750908872555
1141.81591796875 0.8104247450828552 0.25673559308052063 9.272131707446871e-15 0.056289463605562126
1141.828125 1.0383139848709106 0.2772342562675476 9.271386318453288e-15 0.056378534668736525
1141.8404541015625 1.2170132398605347 0.29004722833633423 9.270640082426757e-15 0.056465590539570426
1141.8526611328125 1.212262511253357 0.29135918617248535 9.269906551894434e-15 0.056548920951391336
1141.864990234375 1.1776882410049438 0.28642737865448 9.269173021362112e-15 0.05662941784938411
1141.877197265625 0.8936880826950073 0.26125186681747437 9.268451349291051e-15 0.05670786670181881
1141.889404296875 1.0917885303497314 0.2791955769062042 9.267737300516516e-15 0.05678272783194901
1141.9017333984375 1.2012946605682373 0.28701815009117126 9.267020710643139e-15 0.0568548039724143
1141.9139404296875 0.96992027759552 0.26794201135635376 9.266317673296918e-15 0.056924793950635634
1141.9261474609375 0.9322723150253296 0.2652982175350189 9.265620565181328e-15 0.05699132918583248
1141.9384765625 1.3216913938522339 0.29990634322166443 9.26492261003279e-15 0.057055130723592945
1141.95068359375 1.4794230461120605 0.3136908710002899 9.264236513345514e-15 0.05711681093427825
1141.962890625 0.8537512421607971 0.2574416697025299 9.263556345888869e-15 0.05717517170362145
1141.9752197265625 1.0076674222946167 0.2707889676094055 9.262875331399276e-15 0.05723084685964208
1141.9874267578125 1.0059925317764282 0.27108609676361084 9.262206175370945e-15 0.05728437132632049
1141.9996337890625 0.6931295394897461 0.23751620948314667 9.261542948573245e-15 0.05733470046983839
1142.011962890625 1.3591334819793701 0.3027499318122864 9.26087802770965e-15 0.05738239655060092
1142.024169921875 1.0862083435058594 0.27943697571754456 9.260225812340265e-15 0.0574279147139796
1142.036376953125 1.2827199697494507 0.29615145921707153 9.259577832135615e-15 0.0574703697517992
1142.0487060546875 1.3638916015625 0.30269667506217957 9.258929851930966e-15 0.05751023879382252
1142.0609130859375 1.169606328010559 0.28808534145355225 9.25829288315463e-15 0.05754790021056868
1142.0731201171875 0.8122107982635498 0.2519589960575104 9.257660996575979e-15 0.05758262399169579
1142.08544921875 1.5233150720596313 0.3136807978153229 9.257027415931433e-15 0.057614813976591184
1142.09765625 0.8514347076416016 0.2557647228240967 9.256405693748148e-15 0.057644768369060115
1142.10986328125 0.9310387969017029 0.26354309916496277 9.255789053762547e-15 0.05767191349658467
1142.1221923828125 0.8518510460853577 0.25564756989479065 9.255171566743998e-15 0.05769680551366171
1142.1343994140625 1.0079721212387085 0.26924824714660645 9.254564244120817e-15 0.057718974547701855
1142.1466064453125 0.7005652189254761 0.2417772263288498 9.25396200369532e-15 0.05773868428709882
1142.158935546875 0.6576969623565674 0.2344800978899002 9.253358916236874e-15 0.0577561257203936
1142.171142578125 1.100637674331665 0.28160518407821655 9.252765993173796e-15 0.057770959998954145
1142.183349609375 0.6630722284317017 0.23631885647773743 9.252177305275455e-15 0.05778339228617477
1142.1956787109375 0.7518779039382935 0.2483992725610733 9.251587770344166e-15 0.05779352860378484
1142.2078857421875 0.47332146763801575 0.21484063565731049 9.251009246841191e-15 0.05780118143989392
1142.2200927734375 1.030852198600769 0.27685219049453735 9.250434111470005e-15 0.05780648491180113
1142.232421875 0.3095313608646393 0.19060444831848145 9.249858129065872e-15 0.05780946675189665
1142.24462890625 0.4359753131866455 0.21092860400676727 9.249292311057106e-15 0.05781009185798449
1142.2568359375 0.3049919009208679 0.18742848932743073 9.248730728213077e-15 0.05780841549593605
1142.2691650390625 0.3969155251979828 0.2050773799419403 9.248167451303153e-15 0.057804398684951845
1142.2813720703125 0.4515380263328552 0.21390868723392487 9.247614338788596e-15 0.05779814076762613
1142.2935791015625 0.8168063759803772 0.2515099048614502 9.247064614405828e-15 0.057789633764088716
1142.305908203125 0.8245687484741211 0.25429120659828186 9.246514042990112e-15 0.05777877014889215
1142.318115234375 0.7104707360267639 0.243547260761261 9.245972788936817e-15 0.05776578340720754
1142.330322265625 0.7358719110488892 0.24778057634830475 9.24543492301531e-15 0.05775059605589628
1142.3426513671875 0.7874003052711487 0.25137418508529663 9.244896210060857e-15 0.05773303755916017
1142.3548583984375 0.8277705311775208 0.2561510503292084 9.244366814468823e-15 0.05771347761117374
1142.3670654296875 0.9340701103210449 0.2628336250782013 9.243840807008578e-15 0.057691760628772154
1142.37939453125 1.036877155303955 0.2758958041667938 9.243313105482438e-15 0.05766766502195796
1142.3916015625 0.9378703832626343 0.2656773626804352 9.242794721318719e-15 0.05764167825624242
1142.40380859375 0.8670130968093872 0.2599314749240875 9.242279725286788e-15 0.05761359295790558
1142.4161376953125 1.2007406949996948 0.2851768434047699 9.241763035188963e-15 0.057583109470596854
1142.4283447265625 0.8272941708564758 0.2561596632003784 9.24125481542061e-15 0.057550847631919685
1142.4405517578125 0.8194572925567627 0.2524285316467285 9.240749983784047e-15 0.057516541580985764
1142.452880859375 0.8980086445808411 0.26002517342567444 9.240243458081589e-15 0.05747982944062261
1142.465087890625 1.288691520690918 0.2968445420265198 9.239745402708603e-15 0.05744145092366072
1142.4774169921875 0.7713848352432251 0.24568034708499908 9.239245653269723e-15 0.057401083343242745
1142.4896240234375 0.6169818043708801 0.2299722582101822 9.238754374160316e-15 0.0573582926587094
1142.5018310546875 0.6216402053833008 0.23267577588558197 9.23826563614975e-15 0.05731395658432826
1142.51416015625 0.8924551010131836 0.26121482253074646 9.23777520407329e-15 0.05726767637452128
1142.5263671875 1.0046337842941284 0.27088725566864014 9.237292395293355e-15 0.05721897475293121
1142.53857421875 0.6959945559501648 0.24006196856498718 9.236812974645209e-15 0.0571688321154415
1142.5509033203125 1.0800005197525024 0.2782977819442749 9.236331012898221e-15 0.05711679973257058
1142.5631103515625 1.1257652044296265 0.28277283906936646 9.235857521480706e-15 0.05706234038451729
1142.5753173828125 0.7303879261016846 0.24363328516483307 9.235386571162033e-15 0.05700655742387682
1142.587646484375 1.0423780679702759 0.2746478021144867 9.234913079744517e-15 0.05694893071087046
1142.599853515625 1.0259031057357788 0.27599668502807617 9.234447211623528e-15 0.05688887844009892
1142.612060546875 1.3628536462783813 0.3077266812324524 9.23398388460138e-15 0.05682760428266056
1142.6243896484375 0.5854803919792175 0.22619929909706116 9.233518863513337e-15 0.056764541122713494
1142.6365966796875 0.7456324696540833 0.25193169713020325 9.233060618688872e-15 0.056699057904400475
1142.6488037109375 1.077451229095459 0.28144052624702454 9.23260491496325e-15 0.05663246098091801
1142.6611328125 1.143578290939331 0.29071828722953796 9.232146670138785e-15 0.056564127787618136
1142.67333984375 0.8364099264144897 0.2622019350528717 9.231696048610846e-15 0.05649337076838589
1142.685546875 0.7417502999305725 0.25072234869003296 9.2312471211488e-15 0.056421613616447965
1142.6978759765625 1.070065975189209 0.2831839323043823 9.230795652587914e-15 0.05634817188244312
1142.7100830078125 1.1861003637313843 0.29438909888267517 9.230350960290606e-15 0.056272311421081286
1142.7222900390625 0.9441707730293274 0.2713466286659241 9.229907962059192e-15 0.05619555183297617
1142.734619140625 1.2862337827682495 0.30593588948249817 9.229463269761883e-15 0.05611717151048692
1142.746826171875 0.7283698320388794 0.2457934319972992 9.229024506695205e-15 0.05603637882139885
1142.759033203125 1.1896640062332153 0.2942182123661041 9.22858828472737e-15 0.055954786551740035
1142.7713623046875 1.062125563621521 0.2750163972377777 9.228148674627745e-15 0.05587079176452692
1142.7835693359375 0.6146337389945984 0.23426701128482819 9.227715840791698e-15 0.05578607127959318
1142.7957763671875 0.956954300403595 0.2734373211860657 9.227284701021545e-15 0.055699819961339235
1142.80810546875 0.918039083480835 0.2705758213996887 9.226850173119604e-15 0.05561116763361174
1142.8203125 0.8322352170944214 0.25221723318099976 9.22642242148124e-15 0.05552189698500329
1142.83251953125 1.0132375955581665 0.2764188051223755 9.225995516875824e-15 0.05543115478376326
1142.8448486328125 1.1506483554840088 0.29219117760658264 9.225566071171566e-15 0.05533802639464132
1142.8570556640625 0.9218785762786865 0.27208200097084045 9.225142554697939e-15 0.05524438076413201
1142.8692626953125 0.8409116268157959 0.26385319232940674 9.224720732290206e-15 0.055149315085699514
1142.881591796875 0.6611666679382324 0.2420797049999237 9.224295521750685e-15 0.05505188407264596
1142.893798828125 0.656846821308136 0.2394324243068695 9.223875393408847e-15 0.054954037197902116
1142.906005859375 1.2039183378219604 0.30017343163490295 9.223456959132903e-15 0.05485482615574757
1142.9183349609375 1.0222926139831543 0.2784869074821472 9.223035983758118e-15 0.05475327030081848
1142.9305419921875 1.1936970949172974 0.2988797724246979 9.222619243548068e-15 0.05465139647656527
1142.9427490234375 0.8159912824630737 0.2547902762889862 9.222204197403914e-15 0.054548220804467286
1142.955078125 0.9997767210006714 0.27777937054634094 9.22178576312797e-15 0.054442718931395226
1142.96728515625 1.0206044912338257 0.28159329295158386 9.22137241104971e-15 0.05433699645160665
1142.9794921875 1.2107188701629639 0.30208539962768555 9.220959906004397e-15 0.05423003431197217
1142.9918212890625 0.6758578419685364 0.2442074865102768 9.220544012827295e-15 0.05412076709368522
1143.0040283203125 1.176850438117981 0.29572802782058716 9.220133201847877e-15 0.05401137522086187
1143.0162353515625 0.6984766721725464 0.2507953643798828 9.219722390868459e-15 0.05390080705853329
1143.028564453125 1.1413575410842896 0.2969597280025482 9.219309038790199e-15 0.05378795790935447
1143.040771484375 0.9154800772666931 0.2728235423564911 9.218899921876675e-15 0.05367508726939957
1143.052978515625 0.8207999467849731 0.26304298639297485 9.218490804963151e-15 0.05356109579821434
1143.0653076171875 1.263895034790039 0.30760127305984497 9.218078299917838e-15 0.05344485519640067
1143.0775146484375 0.6399685740470886 0.23926816880702972 9.217670877070209e-15 0.05332868612273857
1143.0897216796875 0.5866255760192871 0.23000119626522064 9.21726345422258e-15 0.05321146109243424
1143.10205078125 0.4539392590522766 0.2126654088497162 9.216851796210214e-15 0.053092016967682155
1143.1142578125 0.6363229155540466 0.23424579203128815 9.216445220395532e-15 0.05297273213093901
1143.1265869140625 0.5358694791793823 0.22432447969913483 9.216034409416114e-15 0.052852459709307346
1143.1387939453125 0.3172172009944916 0.19124972820281982 9.215626986568484e-15 0.05273000219828628
1143.1510009765625 0.6632636189460754 0.2390938103199005 9.215220410753802e-15 0.05260780350053571
1143.163330078125 0.6374226808547974 0.23368094861507416 9.214809599774384e-15 0.05248467493258393
1143.175537109375 0.5952756404876709 0.22987309098243713 9.214403023959702e-15 0.0523593952629294
1143.187744140625 0.7175410389900208 0.24288906157016754 9.21399644814502e-15 0.0522344638416008
1143.2000732421875 0.7472028136253357 0.24651190638542175 9.213584790132654e-15 0.052108674159906006
1143.2122802734375 0.6246592998504639 0.2311951369047165 9.213177367285025e-15 0.05198076859555687
1143.2244873046875 0.5415836572647095 0.21619097888469696 9.212769944437395e-15 0.05185330647289289
1143.23681640625 0.5801149606704712 0.226183220744133 9.212357439392083e-15 0.05172504412699494
1143.2490234375 0.8118216395378113 0.2513565421104431 9.211949169511506e-15 0.0515947124458186
1143.26123046875 0.8047975301742554 0.24828097224235535 9.211540052597982e-15 0.05146490819539851
1143.2735595703125 0.8086730241775513 0.25110581517219543 9.211126700519722e-15 0.05133437277745282
1143.2857666015625 0.7653707265853882 0.2458953559398651 9.210716736573251e-15 0.051201812700679854
1143.2979736328125 1.0366673469543457 0.2731812596321106 9.210305925593833e-15 0.051069869015942
1143.310302734375 0.8415066599845886 0.25364232063293457 9.209890032416731e-15 0.05093725586309049
1143.322509765625 0.9585099816322327 0.2642890512943268 9.209478374404365e-15 0.050802666571560844
1143.334716796875 1.029309630393982 0.2689768075942993 9.209065022326105e-15 0.05066877861120748
1143.3470458984375 1.186607837677002 0.28574639558792114 9.208646588050162e-15 0.05053429215666905
1143.3592529296875 1.2336950302124023 0.290306031703949 9.208232388938954e-15 0.050397870473769917
1143.3714599609375 0.7633703351020813 0.24346144497394562 9.207816495761852e-15 0.05026224337469035
1143.3837890625 0.9905784130096436 0.26533985137939453 9.20739467335412e-15 0.05012471081103826
1143.39599609375 1.0359222888946533 0.27275311946868896 9.206977086111123e-15 0.04998802987421438
1143.408203125 1.0728509426116943 0.27509424090385437 9.206557804802232e-15 0.049850857092174045
1143.4205322265625 0.9952074885368347 0.26782873272895813 9.206133441295658e-15 0.04971183794394185
1143.4327392578125 0.9990406036376953 0.2694834768772125 9.205711618887925e-15 0.04957374616811586
1143.4449462890625 1.1841984987258911 0.28378528356552124 9.205288102414298e-15 0.04943523191011077
1143.457275390625 1.4909262657165527 0.30755022168159485 9.204859503742988e-15 0.04929492358692917
1143.469482421875 0.9175768494606018 0.26112422347068787 9.204433446170519e-15 0.04915562523781001
1143.481689453125 0.9492546319961548 0.2591952979564667 9.204005694532155e-15 0.049015969143195455
1143.4940185546875 1.035239577293396 0.2694089114665985 9.203572860696108e-15 0.04887457922837194
1143.5062255859375 0.649176299571991 0.23320941627025604 9.203141720925956e-15 0.0487342726289552
1143.5184326171875 1.0300673246383667 0.27076396346092224 9.202709734122856e-15 0.04859367504744857
1143.53076171875 1.0716278553009033 0.2758464813232422 9.202270971056178e-15 0.048451397077804985
1143.54296875 1.4511668682098389 0.3060239553451538 9.201834749088342e-15 0.04831028875198238
1143.55517578125 0.9162484407424927 0.2607068419456482 9.201396833054612e-15 0.04816894929537269
1143.5675048828125 0.7595395445823669 0.24297820031642914 9.20095298779025e-15 0.048025994669123
1143.5797119140625 1.065840244293213 0.27091699838638306 9.200510836591784e-15 0.04788427098067063
1143.5919189453125 0.8763971328735352 0.25621679425239563 9.200066991327423e-15 0.047742390959896394
1143.604248046875 1.3038240671157837 0.29607102274894714 9.19961721683243e-15 0.047598951754336934
1143.616455078125 0.9481815099716187 0.2596810460090637 9.199169136403333e-15 0.047456814976754615
1143.628662109375 0.9902642369270325 0.2673265039920807 9.198718514875394e-15 0.047314587126632945
1143.6409912109375 1.065685510635376 0.2736148238182068 9.198261117083877e-15 0.04717086640754894
1143.6531982421875 0.9097693562507629 0.2571413516998291 9.197806260391201e-15 0.047028516498661646
1143.6654052734375 1.0680094957351685 0.2751919627189636 9.197348862599684e-15 0.04688613308177905
1143.677734375 1.1422737836837769 0.28048259019851685 9.196884688544588e-15 0.04674231986792023
1143.68994140625 0.9878231883049011 0.26485389471054077 9.196422208555387e-15 0.04659994246947253
1143.7021484375 0.758415162563324 0.2427041381597519 9.195958034500292e-15 0.04645759684091593
1143.7144775390625 1.136879324913025 0.2758980989456177 9.195485390115724e-15 0.04631388323929235
1143.7266845703125 1.296210527420044 0.29372885823249817 9.195015286829998e-15 0.046171666806213305
1143.7388916015625 1.0658512115478516 0.27341726422309875 9.19454264244543e-15 0.04602954597804031
1143.751220703125 1.0681222677230835 0.27260199189186096 9.194062374764337e-15 0.045886117404498404
1143.763427734375 1.144680142402649 0.2791365385055542 9.193583801149138e-15 0.04574424799119604
1143.7757568359375 0.9907039403915405 0.26544785499572754 9.193097604237414e-15 0.045602527456204515
1143.7879638671875 1.3439148664474487 0.29820510745048523 9.192613101391585e-15 0.045459568558616444
1143.8001708984375 1.1080502271652222 0.27786317467689514 9.192126057446914e-15 0.045318217942598535
1143.8125 0.6039596199989319 0.22342365980148315 9.19163054317277e-15 0.0451770806473939
1143.82470703125 0.6849785447120667 0.23651398718357086 9.19113672296452e-15 0.04503476118711816
1143.8369140625 0.9170517325401306 0.26044827699661255 9.190639514624482e-15 0.04489410577424882
1143.8492431640625 0.9491466879844666 0.2618377208709717 9.190134682987919e-15 0.04475371276670115
1143.8614501953125 0.7217133641242981 0.23933202028274536 9.18963154541725e-15 0.04461221072153759
1143.8736572265625 0.7241719365119934 0.23951593041419983 9.189124172681844e-15 0.04447240883472883
1143.885986328125 0.37731754779815674 0.19721093773841858 9.188609176649914e-15 0.04433292449056384
1143.898193359375 0.7614157795906067 0.24436762928962708 9.18809502765093e-15 0.044192388360255144
1143.910400390625 0.45570266246795654 0.2082502692937851 9.187578337553105e-15 0.04405360091035405
1143.9227294921875 0.4535510241985321 0.20780348777770996 9.18705233009286e-15 0.04391517897323137
1143.9349365234375 0.30037960410118103 0.185893252491951 9.186527169665563e-15 0.04377576760285521
1143.9471435546875 0.48886117339134216 0.209053635597229 9.185999468139423e-15 0.043638135734805225
1143.95947265625 0.6053648591041565 0.22615911066532135 9.185461602217917e-15 0.04350091824332604
1143.9716796875 0.6391651630401611 0.22566425800323486 9.184926277395252e-15 0.043362769973465595
1143.98388671875 0.2233714610338211 0.17255355417728424 9.184385870374904e-15 0.0432264352615197
1143.9962158203125 0.44950416684150696 0.20408464968204498 9.183836993025083e-15 0.04309055396847101
1144.0084228515625 0.7174407243728638 0.23636963963508606 9.18328896270821e-15 0.0429538004060906
1144.0206298828125 0.37323513627052307 0.19311580061912537 9.182737544259547e-15 0.04281888491420442
1144.032958984375 0.7948321104049683 0.24578137695789337 9.182175961415517e-15 0.04268312244755976
1144.045166015625 1.0706223249435425 0.2745240330696106 9.181616072637382e-15 0.042549218860050926
1144.057373046875 0.6427745819091797 0.22941359877586365 9.181051101661564e-15 0.04241583865777958
1144.0697021484375 0.9101783633232117 0.258738249540329 9.180476813323325e-15 0.04228166158255346
1144.0819091796875 0.8344472646713257 0.25093433260917664 9.179904219050981e-15 0.042149358095265016
1144.0941162109375 0.8745032548904419 0.256102979183197 9.179326542580954e-15 0.04201761220954187
1144.1064453125 0.7575168013572693 0.24328504502773285 9.17873870171556e-15 0.04188511593812046
1144.11865234375 0.9462714195251465 0.2611626982688904 9.17815255491606e-15 0.04175450843282409
1144.130859375 0.8782223463058472 0.25688838958740234 9.177561325918876e-15 0.04162447543814583
1144.1431884765625 0.833939254283905 0.25143831968307495 9.176959932526325e-15 0.04149374315742508
1144.1553955078125 0.9499690532684326 0.2631196975708008 9.176359386166722e-15 0.041364900494995936
1144.1676025390625 0.7197520732879639 0.23937563598155975 9.175753757609435e-15 0.04123666451744024
1144.179931640625 0.8763357996940613 0.25675538182258606 9.175137964656781e-15 0.04110775582370857
1144.192138671875 0.8349916934967041 0.2507133483886719 9.174523018737075e-15 0.0409807472026745
1144.204345703125 1.064526915550232 0.27322468161582947 9.173902990619685e-15 0.04085435235161551
1144.2166748046875 0.7205684185028076 0.2395131140947342 9.17327195107398e-15 0.0407273244754891
1144.2288818359375 1.0670322179794312 0.2747780382633209 9.17264260559417e-15 0.040602187073744925
1144.2410888671875 1.211153268814087 0.28443098068237305 9.17200733088373e-15 0.04047767637680986
1144.25341796875 0.9064591526985168 0.25661981105804443 9.171361044744974e-15 0.04035255961309487
1144.265625 1.2948853969573975 0.2926691770553589 9.170715605639167e-15 0.040229321095744036
1144.27783203125 0.7949049472808838 0.2468564212322235 9.170065084335675e-15 0.04010671478098891
1144.2901611328125 1.0223828554153442 0.2682611346244812 9.169402704570923e-15 0.03998352938737507
1144.3023681640625 0.7948336601257324 0.24295713007450104 9.168741171839117e-15 0.03986219989538507
1144.3145751953125 0.7969346642494202 0.2475089728832245 9.168074556909628e-15 0.03974150348884455
1144.326904296875 1.2940725088119507 0.2940094769001007 9.16739523648593e-15 0.039620239621326124
1144.339111328125 1.0269460678100586 0.2696065604686737 9.166716763095179e-15 0.039500806564345806
1144.351318359375 0.8744456171989441 0.25579845905303955 9.166033207506745e-15 0.0393820016056279
1144.3636474609375 0.7938346862792969 0.24602925777435303 9.165337793457049e-15 0.039262636938441564
1144.3758544921875 0.7571871280670166 0.2423677146434784 9.164642379407353e-15 0.039145078586650624
1144.3880615234375 1.0999798774719238 0.2760162055492401 9.163941883159974e-15 0.03902813127922666
1144.400390625 0.8746733665466309 0.2561757564544678 9.163227834385439e-15 0.03891062734505764
1144.41259765625 1.2542741298675537 0.2904089391231537 9.162515479676798e-15 0.03879489234295407
1144.4249267578125 1.0109577178955078 0.42386823892593384 9.161789572441001e-15 0.03867974850771033
1144.4371337890625 1.2670680284500122 0.4575011730194092 9.161064512238151e-15 0.038564043946499545
1144.4493408203125 1.0068485736846924 0.4218716323375702 9.160334369837618e-15 0.03845006772111682
1144.461669921875 0.9275082945823669 0.41219523549079895 9.159589827876981e-15 0.03833665686109268
1144.473876953125 0.9252398610115051 0.4116039574146271 9.15884697998224e-15 0.03822267254566884
1144.486083984375 1.0140684843063354 0.42434802651405334 9.15809735582392e-15 0.03811036396194655
1144.4984130859375 1.011853814125061 0.4240553081035614 9.157334179138443e-15 0.037998589779822074
1144.5106201171875 1.2698452472686768 0.45773130655288696 9.156571849485914e-15 0.03788622958064042
1144.5228271484375 0.8420504927635193 0.3996470272541046 9.155803590602755e-15 0.03777548972603154
1144.53515625 0.5884495973587036 0.3586629629135132 9.155020932159492e-15 0.03766524371271045
1144.54736328125 0.7607946991920471 0.386688232421875 9.154239120749176e-15 0.03755438548268359
1144.5595703125 1.108945369720459 0.2787478566169739 9.15345138010823e-15 0.03744508702862214
1144.5718994140625 0.7977768778800964 0.24808944761753082 9.152648392874232e-15 0.03733624354464872
1144.5841064453125 0.6065247654914856 0.22693340480327606 9.151846252673183e-15 0.03722674952974356
1144.5963134765625 0.7582827210426331 0.24309492111206055 9.151038183241502e-15 0.037118757516219285
1144.608642578125 0.6795946955680847 0.23362383246421814 9.150214867216771e-15 0.03701116430759455
1144.620849609375 1.1109907627105713 0.2787778079509735 9.149392398224987e-15 0.03690288430780215
1144.633056640625 1.2862693071365356 0.2903299033641815 9.148563152969625e-15 0.03679603809072125
1144.6453857421875 0.8350307941436768 0.25104859471321106 9.147718661121212e-15 0.03668953671575818
1144.6575927734375 0.7573900818824768 0.24222612380981445 9.146875863338694e-15 0.036582293504191524
1144.6697998046875 0.8345758318901062 0.2509431540966034 9.146025442259651e-15 0.036476420306231466
1144.68212890625 0.9527652859687805 0.2638833522796631 9.145159774587557e-15 0.03636977051308345
1144.6943359375 0.8741475939750671 0.255636990070343 9.14429495394841e-15 0.036264441527223835
1144.70654296875 0.9073811173439026 0.25654786825180054 9.143422510012739e-15 0.03615934860930726
1144.7188720703125 0.9863001108169556 0.26611971855163574 9.142533972451069e-15 0.03605342550141971
1144.7310791015625 0.7254584431648254 0.24081356823444366 9.141647128955294e-15 0.03594874166921021
1144.7432861328125 0.6047758460044861 0.22574284672737122 9.140752662162993e-15 0.035844234264911574
1144.755615234375 0.3724813759326935 0.19322097301483154 9.139842101744695e-15 0.03573882239164684
1144.767822265625 0.377835750579834 0.19720004498958588 9.138932388359344e-15 0.03563458546411143
1144.780029296875 0.45356306433677673 0.20777131617069244 9.138015051677467e-15 0.03553044167117052
1144.7923583984375 0.3370444178581238 0.1904340386390686 9.137080774336646e-15 0.03542533088301509
1144.8045654296875 0.07211162149906158 0.14064091444015503 9.136148191061719e-15 0.03532130441137918
1144.8167724609375 0.2979946732521057 0.18219688534736633 9.135207984490266e-15 0.035217304813999165
1144.8291015625 0.2591290771961212 0.1767168939113617 9.134249990226922e-15 0.03511225991150204
1144.84130859375 0.40980294346809387 0.19733178615570068 9.133293690029472e-15 0.03500823092575313
1144.853515625 0.22218403220176697 0.1718052178621292 9.132329766535496e-15 0.03490414638203856
1144.8658447265625 0.25809445977211 0.17566105723381042 9.131347208316681e-15 0.03479893949507758
1144.8780517578125 0.45002344250679016 0.2059471309185028 9.130367191196708e-15 0.03469466666284842
1144.8902587890625 0.29873910546302795 0.1848134994506836 9.129377856714315e-15 0.034590259027952465
1144.902587890625 0.5271666049957275 0.2162986546754837 9.128371581572977e-15 0.034484646561817024
1144.914794921875 0.3366231918334961 0.19025318324565887 9.127366153464586e-15 0.034379892894723645
1144.927001953125 0.37328508496284485 0.19404490292072296 9.126352255026723e-15 0.03427492607641349
1144.9393310546875 0.527885377407074 0.21606095135211945 9.12531972186402e-15 0.03416867284123722
1144.9515380859375 0.49263083934783936 0.21290744841098785 9.124289729800159e-15 0.03406320600618847
1144.9637451171875 0.6461876630783081 0.2305670976638794 9.123250420373877e-15 0.03395744136142177
1144.97607421875 0.7607169151306152 0.24395465850830078 9.122192476222757e-15 0.033850306601251795
1144.98828125 0.979015052318573 0.25974541902542114 9.12113622613753e-15 0.03374388312907094
1145.00048828125 0.44606685638427734 0.20090322196483612 9.120071505722832e-15 0.033637101410472305
1145.0128173828125 0.869489848613739 0.2528917193412781 9.118987303550347e-15 0.033528848535663444
1145.0250244140625 1.0605032444000244 0.27182918787002563 9.117904795443756e-15 0.033421250299655175
1145.0372314453125 0.7580143809318542 0.24332410097122192 9.116812969974745e-15 0.0333132088687416
1145.049560546875 0.7971444129943848 0.2460511028766632 9.115701662747947e-15 0.03320362683773745
1145.061767578125 1.2526267766952515 0.2895203232765198 9.114592896619991e-15 0.03309462893012971
1145.0740966796875 1.0259878635406494 0.2678676247596741 9.113462954668354e-15 0.032985123924781895
1145.0863037109375 0.7194320559501648 0.23657967150211334 9.112335553815559e-15 0.03287398714223775
1145.0985107421875 0.8388261795043945 0.25151941180229187 9.111198835600343e-15 0.03276339550441016
1145.11083984375 0.9459969401359558 0.26140519976615906 9.110041788594394e-15 0.03265222932056836
1145.123046875 0.9846371412277222 0.2651462256908417 9.108886435654339e-15 0.03253934891189644
1145.13525390625 1.2465153932571411 0.2867066264152527 9.107721765351864e-15 0.032426968877300046
1145.1475830078125 0.9903584718704224 0.2663341462612152 9.106536766258656e-15 0.032313962373468764
1145.1597900390625 0.8334605097770691 0.2507123053073883 9.105353461231341e-15 0.032199168905253595
1145.1719970703125 0.8669300675392151 0.25089752674102783 9.10415999180866e-15 0.032084842945158495
1145.184326171875 1.2928158044815063 0.2933851480484009 9.102946193595245e-15 0.03196984166010115
1145.196533203125 1.3755290508270264 0.3010925352573395 9.101734089447724e-15 0.03185298547689404
1145.208740234375 0.7200497388839722 0.23888997733592987 9.100511820904836e-15 0.03173657671979916
1145.2210693359375 0.947869598865509 0.2621036171913147 9.099268376538266e-15 0.0316194560432675
1145.2332763671875 1.0257971286773682 0.2692532241344452 9.098027473270539e-15 0.031500426263746925
1145.2454833984375 1.0631800889968872 0.2724708318710327 9.096776405607444e-15 0.03138183782536753
1145.2578125 1.1022177934646606 0.27664968371391296 9.095502468054774e-15 0.031262514892347396
1145.27001953125 0.7973060011863708 0.2475186288356781 9.094231071600945e-15 0.031141232228224302
1145.2822265625 0.49506187438964844 0.21260006725788116 9.092950357784697e-15 0.031020400142041764
1145.2945556640625 1.055553674697876 0.2690815329551697 9.091646774078872e-15 0.030898818338388034
1145.3067626953125 1.1019320487976074 0.2767549455165863 9.090344884438942e-15 0.030775259603205016
1145.3189697265625 1.139570713043213 0.27980929613113403 9.089033677436593e-15 0.03065217027313252
1145.331298828125 0.799115002155304 0.24650074541568756 9.08769875351172e-15 0.03052709636857075
1145.343505859375 0.7144017219543457 0.2338651716709137 9.086366370685689e-15 0.030402517663932822
1145.355712890625 0.7601341605186462 0.24401088058948517 9.085024670497238e-15 0.030277202538892295
1145.3680419921875 0.9396293759346008 0.25702109932899475 9.08365755932037e-15 0.030149916971340618
1145.3802490234375 1.061393141746521 0.2716993987560272 9.082294683308238e-15 0.030023171472173822
1145.3924560546875 0.8316155672073364 0.24915717542171478 9.080920795867791e-15 0.029895742812762808
1145.40478515625 1.4048396348953247 0.301658034324646 9.079522344471874e-15 0.029766352028821795
1145.4169921875 1.1389868259429932 0.2797679305076599 9.078127281207746e-15 0.02963759714052359
1145.42919921875 1.2150980234146118 0.2864522635936737 9.076721206515304e-15 0.029508203863472644
1145.4415283203125 0.9856773614883423 0.2644359767436981 9.075290567867392e-15 0.029376919537427038
1145.4537353515625 1.0666049718856812 0.27324822545051575 9.073862470318321e-15 0.029246358117416212
1145.4659423828125 0.758561372756958 0.24264496564865112 9.072424208373883e-15 0.02911526584757656
1145.478271484375 1.0248676538467407 0.2695244252681732 9.070960535441028e-15 0.02898235172291685
1145.490478515625 1.4480756521224976 0.3063229024410248 9.069500250639961e-15 0.028850297837818804
1145.502685546875 0.9065350294113159 0.2562243640422821 9.06802895441058e-15 0.028717823818298075
1145.5150146484375 1.256019115447998 0.28955313563346863 9.066531400159835e-15 0.02858365395214366
1145.5272216796875 0.9168850779533386 0.2584358751773834 9.065037234040878e-15 0.028450501322517936
1145.5394287109375 1.0940320491790771 0.2727433443069458 9.063532056493608e-15 0.0283170882786706
1145.5517578125 1.0682159662246704 0.27442097663879395 9.062000620924972e-15 0.028182136343769353
1145.56396484375 0.8785227537155151 0.2536715865135193 9.060473420521072e-15 0.02804838457353935
1145.576171875 0.9811065793037415 0.2629677951335907 9.058934361655911e-15 0.02791456661123789
1145.5885009765625 1.1734267473220825 0.2815779149532318 9.057368197736438e-15 0.027779417935396386
1145.6007080078125 0.9535623788833618 0.26254695653915405 9.055805421948754e-15 0.027645683910078392
1145.6129150390625 1.3255820274353027 0.2942873239517212 9.054231634732755e-15 0.02751212537748869
1145.625244140625 1.1024597883224487 0.27537572383880615 9.052630742462445e-15 0.027377488809581144
1145.637451171875 1.174054503440857 0.2804715633392334 9.051033238323923e-15 0.02724453908288617
1145.649658203125 1.0619696378707886 0.2718751132488251 9.049424722757087e-15 0.02711203171520681
1145.6619873046875 0.7203167676925659 0.23931095004081726 9.047788255102992e-15 0.026978760727575896
1145.6741943359375 1.1040949821472168 0.2762874364852905 9.046155175580686e-15 0.02684747408938825
1145.6864013671875 0.8341194987297058 0.24915412068367004 9.044511084630065e-15 0.026716961063787376
1145.69873046875 0.9146494269371033 0.2598636746406555 9.042838194559238e-15 0.026586059998081897
1145.7109375 1.136988878250122 0.27862122654914856 9.041169539653147e-15 0.026457483189770276
1145.7232666015625 0.9962626099586487 0.26792609691619873 9.039472085626849e-15 0.026330064460666967
1145.7354736328125 0.6848406195640564 0.23463942110538483 9.037778866765288e-15 0.026202691530176712
1145.7476806640625 0.9824755787849426 0.263869971036911 9.036073789442465e-15 0.026078035464260043
1145.760009765625 0.7214584350585938 0.2395976483821869 9.034339065966488e-15 0.025954973375202493
1145.772216796875 1.1459920406341553 0.2799636721611023 9.032609424688195e-15 0.02583246799114769
1145.784423828125 0.7945500016212463 0.2464110553264618 9.030867077915693e-15 0.025713114269203967
1145.7967529296875 0.9480125904083252 0.260274738073349 9.029095084990037e-15 0.02559585980521154
1145.8089599609375 1.1407573223114014 0.2796480059623718 9.027328174262064e-15 0.025479735096530273
1145.8211669921875 0.7903791666030884 0.2428356111049652 9.025547711006936e-15 0.025367247032507895
1145.83349609375 0.9121391773223877 0.258835107088089 9.023737601598653e-15 0.02525741149985338
1145.845703125 0.8788690567016602 0.25674790143966675 9.021932574388054e-15 0.025149376921081882
1145.85791015625 1.4141285419464111 0.3040306866168976 9.020114841683247e-15 0.025045485769282106
1145.8702392578125 0.8711509704589844 0.2531806230545044 9.01826576875939e-15 0.024944876626786284
1145.8824462890625 0.7610957622528076 0.2437981218099594 9.016422625066165e-15 0.02484680754334381
1145.8946533203125 0.9058524966239929 0.2555469870567322 9.014565928845784e-15 0.02475344616596195
1145.906982421875 0.8380240201950073 0.25227323174476624 9.012677892406354e-15 0.024664037682735382
1145.919189453125 0.9839433431625366 0.2633928954601288 9.010795785197555e-15 0.024577984237208486
1145.931396484375 0.7227581143379211 0.239946186542511 9.0089001254616e-15 0.02449724099417388
1145.9437255859375 1.1402744054794312 0.2797347605228424 9.006972278473649e-15 0.024421169749617725
1145.9559326171875 1.1705564260482788 0.2790168821811676 9.005050360716329e-15 0.02434933935484391
1145.9681396484375 1.1395548582077026 0.27948787808418274 9.003114890431853e-15 0.024283432371990113
1145.98046875 0.8808154463768005 0.25615501403808594 9.001147232895381e-15 0.024222390497207768
1145.99267578125 0.9154163599014282 0.25894463062286377 8.99918550458954e-15 0.024167690384947524
1146.0048828125 1.0677003860473633 0.272830069065094 8.997210223756543e-15 0.024118954792674285
1146.0172119140625 0.9419440031051636 0.2578243911266327 8.995201061605656e-15 0.024076067675146952
1146.0294189453125 1.026131272315979 0.2696409821510315 8.993198675718347e-15 0.024040140119137916
1146.0416259765625 1.0664616823196411 0.273135244846344 8.991182737303881e-15 0.024010986134809363
1146.053955078125 0.9149301052093506 0.26011306047439575 8.989132917571526e-15 0.023988681442236696
1146.066162109375 0.9139654040336609 0.2597465217113495 8.987089027069801e-15 0.023973944699413434
1146.078369140625 1.1839786767959595 0.28510162234306335 8.985032431073868e-15 0.023966771403629194
1146.0906982421875 1.0322562456130981 0.2715361416339874 8.98294025969415e-15 0.023967472396006294
1146.1029052734375 1.1044095754623413 0.277064710855484 8.980855711610957e-15 0.023976295725029285
1146.1151123046875 1.0665948390960693 0.2738337814807892 8.978756763967661e-15 0.023993452097323047
1146.12744140625 0.7942274212837219 0.24381454288959503 8.97662224094058e-15 0.0240194933692303
1146.1396484375 1.290893793106079 0.29170674085617065 8.974495341210025e-15 0.02405414023061598
1146.15185546875 1.6089082956314087 0.31940165162086487 8.972354041919366e-15 0.024097843433931804
1146.1641845703125 0.6826806664466858 0.23512908816337585 8.970177167244922e-15 0.0241513957448796
1146.1763916015625 1.1420118808746338 0.2802669405937195 8.968007915867004e-15 0.024213953837880674
1146.1885986328125 0.959286093711853 0.2653305232524872 8.965823417896035e-15 0.024286198294668743
1146.200927734375 0.834821343421936 0.2501955032348633 8.963603344541281e-15 0.024369203008512082
1146.213134765625 1.3408809900283813 0.2981232702732086 8.961390047450106e-15 0.024461494817926394
1146.225341796875 0.9525240063667297 0.2636232078075409 8.959163197831774e-15 0.02456402230039932
1146.2376708984375 0.9907981157302856 0.2660536766052246 8.956899078763764e-15 0.024678119144505992
1146.2498779296875 0.8786555528640747 0.25698602199554443 8.954642582992278e-15 0.02480166761549747
1146.2620849609375 0.9549606442451477 0.26420751214027405 8.95237168766069e-15 0.02493587315699973
1146.2744140625 0.6874029636383057 0.23700837790966034 8.950062675846474e-15 0.02508235600347915
1146.28662109375 1.1812525987625122 0.28385040163993835 8.947762134361732e-15 0.025238310098932442
1146.298828125 1.4153003692626953 0.30371758341789246 8.945447193316886e-15 0.025405227945326552
1146.3111572265625 1.0337529182434082 0.2720612585544586 8.943093288756466e-15 0.025585010830392902
1146.3233642578125 1.3025341033935547 0.295046329498291 8.940747854525519e-15 0.02577414506035207
1146.335693359375 0.9944642782211304 0.26826128363609314 8.938364303811945e-15 0.02597441361015183
1146.347900390625 1.0761187076568604 0.27546432614326477 8.935989223427844e-15 0.026188013093886808
1146.360107421875 0.8776410818099976 0.25637853145599365 8.933598049417745e-15 0.026410722161335595
1146.3724365234375 1.104097843170166 0.27560123801231384 8.93116875892502e-15 0.026644608882620206
1146.3846435546875 1.0322585105895996 0.2717759609222412 8.928747938761767e-15 0.026892166372061523
1146.3968505859375 1.111536979675293 0.27924561500549316 8.926311872005464e-15 0.02714848513011659
1146.4091796875 0.7650322914123535 0.24562868475914001 8.923835147667692e-15 0.02741589376412085
1146.42138671875 1.0278440713882446 0.2699258029460907 8.921368587725288e-15 0.027697211080913255
1146.43359375 0.7987884879112244 0.24778445065021515 8.918885934156885e-15 0.027986799620619562
1146.4459228515625 0.9182817339897156 0.26124298572540283 8.916362623007015e-15 0.02828733085865242
1146.4581298828125 1.0320683717727661 0.27156567573547363 8.913849476252511e-15 0.02860188190738813
1146.4703369140625 0.8357145190238953 0.24893707036972046 8.91132023587201e-15 0.028924155491689908
1146.482666015625 1.0349355936050415 0.27232447266578674 8.908749490877093e-15 0.02925712161843666
1146.494873046875 0.9900479316711426 0.26671749353408813 8.906188910277543e-15 0.029604155629935666
1146.507080078125 0.806444525718689 0.24947574734687805 8.903612236051996e-15 0.029958286630775734
1146.5194091796875 0.8315491676330566 0.254153847694397 8.900994057212033e-15 0.030322782261436834
1146.5316162109375 1.2139158248901367 0.2902165651321411 8.898386042767437e-15 0.030701331505018182
1146.5438232421875 0.8753969669342041 0.2610292434692383 8.895761934696843e-15 0.031086325382859496
1146.55615234375 1.137137532234192 0.2833844721317291 8.893094627945939e-15 0.03148129015162374
1146.568359375 0.9694596529006958 0.27215179800987244 8.89043833262335e-15 0.031890249113623974
1146.58056640625 0.8361527323722839 0.256428986787796 8.887765943674762e-15 0.03230493358761079
1146.5928955078125 0.9022405743598938 0.26078787446022034 8.885050356045865e-15 0.032729227959075693
1146.6051025390625 0.8225973844528198 0.2531147599220276 8.882344932812335e-15 0.03316735601649005
1146.6173095703125 1.019012451171875 0.27835890650749207 8.879623415952807e-15 0.03361051104134205
1146.629638671875 1.195414423942566 0.29139116406440735 8.876858700412969e-15 0.03406744440408998
1146.641845703125 0.9907479286193848 0.27157628536224365 8.874104149268498e-15 0.03452893563978871
1146.654052734375 0.8881575465202332 0.26282018423080444 8.871333504498029e-15 0.034999315421195665
1146.6663818359375 1.3335628509521484 0.30534544587135315 8.868517966981355e-15 0.03548328751608401
1146.6785888671875 0.8828968405723572 0.2628069818019867 8.865713440892996e-15 0.0359711182022928
1146.6907958984375 0.8667423129081726 0.2583736777305603 8.86289282117864e-15 0.03646743537268093
1146.703125 0.9725743532180786 0.2725946307182312 8.860027308718078e-15 0.036977172290556415
1146.71533203125 0.7565878629684448 0.24804140627384186 8.857172807685831e-15 0.037490071201871415
1146.7275390625 0.9124631881713867 0.2637464702129364 8.85430136599464e-15 0.03801100923468602
1146.7398681640625 1.2060561180114746 0.296933650970459 8.851385031557243e-15 0.038545206183970164
1146.7520751953125 1.2547938823699951 0.29866915941238403 8.84847970854816e-15 0.03908189821823022
1146.7642822265625 0.7925056219100952 0.25753897428512573 8.845557444880133e-15 0.03962622835181922
1146.776611328125 1.021315336227417 0.2705439627170563 8.842589441432954e-15 0.040183613492336206
1146.788818359375 1.1625019311904907 0.2893108129501343 8.839633296447037e-15 0.040742905053842635
1146.801025390625 1.0551201105117798 0.28107237815856934 8.836659363769227e-15 0.04130940063884829
1146.8133544921875 1.2575856447219849 0.3036649525165558 8.833638844279318e-15 0.04188876363616282
1146.8255615234375 1.212329626083374 0.29468074440956116 8.830631030283618e-15 0.042469394008804486
1146.8377685546875 0.6889004111289978 0.24266335368156433 8.827605428596026e-15 0.04305686250334263
1146.85009765625 1.0198761224746704 0.2854934632778168 8.82453154603044e-15 0.04365703454964629
1146.8623046875 1.1114566326141357 0.29065781831741333 8.82147121599201e-15 0.044257873347883045
1146.87451171875 0.810838520526886 0.2621963620185852 8.818393098261688e-15 0.04486519518035308
1146.8868408203125 0.8019040822982788 0.26250991225242615 8.815266699653372e-15 0.045485025349198085
1146.8990478515625 1.2247285842895508 0.30816537141799927 8.812153853572213e-15 0.046104972957295244
1146.9112548828125 0.87334144115448 0.27227088809013367 8.809022372766213e-15 0.04673102870820102
