wave flux_norm flux_err cont_fit cont_err
1140.0902099609375 1.4239699840545654 0.2892393469810486 6.733429121891753e-15 0.025396397298304417
1140.1025390625 0.8233366012573242 0.23893703520298004 6.730893105247673e-15 0.02503995111901882
1140.11474609375 1.2614319324493408 0.2766449749469757 6.728403675415693e-15 0.0246898537460352
1140.126953125 1.0631980895996094 0.2595210373401642 6.725936268440341e-15 0.02435318004007499
1140.1392822265625 0.8634493947029114 0.24277709424495697 6.723465896849674e-15 0.02402653169056612
1140.1514892578125 0.7964209914207458 0.2368786633014679 6.721042112071106e-15 0.023706933314893524
1140.1636962890625 1.5042545795440674 0.2963864505290985 6.718639926632693e-15 0.023400809086864482
1140.176025390625 1.1711714267730713 0.2708004415035248 6.716235200095438e-15 0.023105074868887413
1140.188232421875 1.519688606262207 0.2975873649120331 6.7138762133373345e-15 0.022817033506628427
1140.200439453125 1.107202410697937 0.2656499445438385 6.711538825919386e-15 0.022542506558279874
1140.2127685546875 0.7741070985794067 0.23565538227558136 6.7091997444355435e-15 0.022278675974195583
1140.2249755859375 1.2813133001327515 0.28056612610816956 6.706905555697905e-15 0.022023169442239497
1140.2371826171875 1.1805469989776611 0.27251505851745605 6.704632966300422e-15 0.02178113580911657
1140.24951171875 0.8386642336845398 0.24039268493652344 6.702359106353518e-15 0.021550065301461346
1140.26171875 1.2138391733169556 0.27541548013687134 6.700128868603397e-15 0.021327877591017255
1140.27392578125 1.0483356714248657 0.26185736060142517 6.697920653709905e-15 0.021119034378110996
1140.2862548828125 0.9124531745910645 0.2494165599346161 6.695711591783466e-15 0.020921332655431033
1140.2984619140625 0.9167943596839905 0.25022977590560913 6.693545728537337e-15 0.02073299064047482
1140.3106689453125 0.8531510829925537 0.24451707303524017 6.691401041114889e-15 0.020557763354160284
1140.322998046875 1.1276662349700928 0.26934000849723816 6.689256353692441e-15 0.020393737259115172
1140.335205078125 0.9191750884056091 0.2510426938533783 6.6871544414338294e-15 0.020239440091797685
1140.347412109375 1.194298267364502 0.27505984902381897 6.685073704998899e-15 0.020097902304763816
1140.3597412109375 0.9928299784660339 0.2578714191913605 6.682993392080443e-15 0.0199674995658163
1140.3719482421875 0.7637832760810852 0.23671141266822815 6.6809545837764016e-15 0.01984704848377831
1140.3841552734375 0.5104263424873352 0.20855939388275146 6.6789373748125155e-15 0.019738861164439323
1140.396484375 0.6889930367469788 0.22920328378677368 6.676921012881577e-15 0.01964160585900509
1140.40869140625 0.5940054655075073 0.2195381224155426 6.674945308532106e-15 0.019554370088947347
1140.4208984375 0.7920094132423401 0.24005429446697235 6.67299120352279e-15 0.019478764073040413
1140.4332275390625 1.32662034034729 0.28966066241264343 6.6710383690628955e-15 0.019413738954047372
1140.4454345703125 1.0228259563446045 0.26361456513404846 6.669125768667995e-15 0.01935864799365152
1140.4576416015625 1.290429711341858 0.286798357963562 6.667233920580303e-15 0.019314419790066158
1140.469970703125 0.8708308935165405 0.24804791808128357 6.665344613591452e-15 0.019280275434406084
1140.482177734375 0.7915462851524353 0.24278812110424042 6.663494693634649e-15 0.019255833119117462
1140.494384765625 0.7984427213668823 0.24387739598751068 6.661665525985053e-15 0.01924136713953196
1140.5067138671875 0.898688554763794 0.2536373436450958 6.659839322950773e-15 0.01923637113651527
1140.5189208984375 1.1933811902999878 0.28039267659187317 6.6580516599155926e-15 0.019240704804214533
1140.5311279296875 1.088504433631897 0.2723618149757385 6.6562843256711465e-15 0.019254041490306278
1140.54345703125 0.9096272587776184 0.2559289038181305 6.654520803074963e-15 0.01927613218779363
1140.5556640625 0.6535195112228394 0.2284214049577713 6.652794973444932e-15 0.01930707314440931
1140.56787109375 0.6792576313018799 0.22915427386760712 6.6510898961221095e-15 0.01934598472761611
1140.5802001953125 1.111362099647522 0.2726747393608093 6.649388630447549e-15 0.019392867391287892
1140.5924072265625 0.9465596675872803 0.2594747841358185 6.647724634222668e-15 0.019448034999043476
1140.6046142578125 1.1809241771697998 0.2793187201023102 6.646081390304995e-15 0.01951011782607181
1140.616943359375 0.6229078769683838 0.222830131649971 6.644441958035584e-15 0.01957935069695357
1140.629150390625 0.7997954487800598 0.24135558307170868 6.642839371699379e-15 0.019656247418758693
1140.641357421875 0.9887798428535461 0.2569419741630554 6.641257114153908e-15 0.019739012271080193
1140.6536865234375 1.0317624807357788 0.2656461298465729 6.639679515289647e-15 0.019828094721156746
1140.6658935546875 0.9727746844291687 0.260894238948822 6.6381383388421176e-15 0.019924200314556804
1140.6781005859375 0.8602847456932068 0.24618786573410034 6.636617067668849e-15 0.020025152611651786
1140.6904296875 1.0604314804077148 0.2675155997276306 6.635100878693264e-15 0.02013160815028719
1140.70263671875 0.9489181041717529 0.25208884477615356 6.633620265101463e-15 0.02024444136820033
1140.71484375 1.1017252206802368 0.27048900723457336 6.632159556783923e-15 0.020361155608527196
1140.7271728515625 1.0109094381332397 0.26160183548927307 6.630704777697014e-15 0.020482592945059733
1140.7393798828125 1.0200837850570679 0.25986412167549133 6.629284726960942e-15 0.020609778402492836
1140.7515869140625 1.1927157640457153 0.2777400314807892 6.627884581499131e-15 0.0207399499404966
1140.763916015625 1.2596467733383179 0.27883854508399963 6.62649036526795e-15 0.020874104877746196
1140.776123046875 1.406777262687683 0.29275235533714294 6.625130453871133e-15 0.021013409319924542
1140.788330078125 1.1968680620193481 0.27563872933387756 6.623790447748577e-15 0.02115488279044472
1140.8006591796875 1.1474159955978394 0.26982489228248596 6.622456794373125e-15 0.021299665068247646
1140.8128662109375 1.068277359008789 0.262557715177536 6.62115659879909e-15 0.02144903145192146
1140.8250732421875 1.2021161317825317 0.27346906065940857 6.619876308499315e-15 0.021599827793660247
1140.83740234375 1.132196068763733 0.2678235173225403 6.618603217979592e-15 0.02175331648130533
1140.849609375 1.0313705205917358 0.25844821333885193 6.617362738228338e-15 0.02191087236574882
1140.86181640625 1.3932640552520752 0.2870158851146698 6.616141740234871e-15 0.022069196487690557
1140.8741455078125 1.125119686126709 0.26674067974090576 6.6149287890544025e-15 0.02222965525392236
1140.8863525390625 1.222424864768982 0.2728953957557678 6.613747601609456e-15 0.022393715112987028
1140.8985595703125 1.1576027870178223 0.2692992091178894 6.612585895922297e-15 0.022557954686024912
1140.910888671875 0.9233158826828003 0.24867351353168488 6.611432237048137e-15 0.02272383533447765
1140.923095703125 1.0914995670318604 0.2636697292327881 6.610309918393025e-15 0.022892888638680532
1140.935302734375 1.0229196548461914 0.2572207450866699 6.6092070814957e-15 0.023061618110258995
1140.9476318359375 0.8579598665237427 0.24248936772346497 6.608113138444321e-15 0.023231545933062512
1140.9598388671875 1.2537199258804321 0.27574077248573303 6.607049688579043e-15 0.023404262005467358
1140.9720458984375 0.9243452548980713 0.24897438287734985 6.6060052969550784e-15 0.02357621222927897
1140.984375 1.289863109588623 0.27859726548194885 6.604970222693534e-15 0.023748980221050518
1140.99658203125 0.6544875502586365 0.22018246352672577 6.6039652181016165e-15 0.023924182652019236
1141.0087890625 1.1562120914459229 0.26845431327819824 6.602978848234539e-15 0.024098240129107537
1141.0211181640625 1.2897212505340576 0.2782225012779236 6.602002642762828e-15 0.02427277824155667
1141.0333251953125 0.7592918276786804 0.23295365273952484 6.601055659927798e-15 0.02444944161894376
1141.0455322265625 0.9932084679603577 0.2550482749938965 6.600127735334081e-15 0.024624639565041465
1141.057861328125 0.9937453269958496 0.25477197766304016 6.599209975135731e-15 0.024800023027396197
1141.070068359375 0.9904735088348389 0.25460001826286316 6.59832016702464e-15 0.024977259408607008
1141.082275390625 1.0248044729232788 0.25803855061531067 6.59745026418781e-15 0.025152752857351454
1141.0946044921875 1.0905356407165527 0.2632233500480652 6.596590525746347e-15 0.025328173872318026
1141.1068115234375 0.8916837573051453 0.24610526859760284 6.5957583158756695e-15 0.02550520392312046
1141.1190185546875 0.9312788248062134 0.2494998425245285 6.594945587762779e-15 0.025680262236746017
1141.13134765625 1.1376936435699463 0.2678084373474121 6.594143871078203e-15 0.025855026609475903
1141.1435546875 0.9008508324623108 0.24697324633598328 6.593368835931465e-15 0.026031179816083348
1141.15576171875 1.3382763862609863 0.28377386927604675 6.592612859026041e-15 0.026205169574607657
1141.1680908203125 0.7082622647285461 0.22998355329036713 6.591868740581878e-15 0.026378677927317098
1141.1802978515625 0.6156190037727356 0.22105781733989716 6.59115088015908e-15 0.026553378938826963
1141.1925048828125 0.7469127774238586 0.23403142392635345 6.590451654461121e-15 0.026725757263555354
1141.204833984375 0.777238130569458 0.2362353801727295 6.589764710740898e-15 0.02689749547073975
1141.217041015625 1.1917428970336914 0.2748701572418213 6.589103601525566e-15 0.027070250095433734
1141.229248046875 1.2848764657974243 0.2809552848339081 6.5884607035186e-15 0.027240557475478114
1141.2415771484375 1.077156662940979 0.26321732997894287 6.5878309345223166e-15 0.02741008266117215
1141.2537841796875 0.841664731502533 0.2425687313079834 6.587225729481503e-15 0.027580470111447316
1141.2659912109375 0.8754611015319824 0.24497486650943756 6.58663915916553e-15 0.027748306655074585
1141.2783203125 1.0404586791992188 0.26024311780929565 6.5860657178602386e-15 0.02791524955335284
1141.29052734375 0.8735324740409851 0.24512940645217896 6.585516840510418e-15 0.028082916195979198
1141.302734375 1.3812401294708252 0.288219690322876 6.584986174368963e-15 0.028247954873578996
1141.3150634765625 0.6984372138977051 0.22790361940860748 6.584469060754664e-15 0.02841199716439666
1141.3272705078125 0.6998581290245056 0.2268100380897522 6.5839756640628886e-15 0.02857663922215467
1141.3394775390625 1.3514353036880493 0.2861989438533783 6.583500478579479e-15 0.028738595912281794
1141.351806640625 0.8735550045967102 0.2458919882774353 6.583039269139699e-15 0.028899477390936606
1141.364013671875 0.8105430603027344 0.2401576042175293 6.5826013531059685e-15 0.029060849563752187
1141.376220703125 1.084685206413269 0.2651467025279999 6.582181648280604e-15 0.029219494907011083
1141.3885498046875 1.142261028289795 0.26848459243774414 6.581776343015343e-15 0.029376994246467916
1141.4007568359375 0.950473427772522 0.2537844777107239 6.581393484123184e-15 0.029534887456369337
1141.4129638671875 1.0711407661437988 0.26532429456710815 6.581028412922917e-15 0.02969002884428471
1141.42529296875 0.8342854380607605 0.24371181428432465 6.580678588315701e-15 0.029843975262326638
1141.4375 1.0482295751571655 0.2590752840042114 6.58035036304864e-15 0.02999822639733839
1141.44970703125 0.6519607901573181 0.22448496520519257 6.580040348989945e-15 0.030149713322149226
1141.4620361328125 1.0462065935134888 0.2647150456905365 6.579745581524301e-15 0.030299955735955637
1141.4742431640625 1.0235689878463745 0.2637254297733307 6.579471566365864e-15 0.03045043207070499
1141.4864501953125 1.3034310340881348 0.286571741104126 6.579215762415793e-15 0.030598143652178934
1141.498779296875 1.0527567863464355 0.26387646794319153 6.57897605209172e-15 0.03074458380225239
1141.510986328125 1.1997716426849365 0.2782421112060547 6.5787562470419076e-15 0.030891182226191766
1141.523193359375 0.7970410585403442 0.24065475165843964 6.578554653200461e-15 0.031035030062785546
1141.5355224609375 0.9986870884895325 0.26175156235694885 6.578369152985012e-15 0.031177575509897214
1141.5477294921875 0.8186693787574768 0.24448873102664948 6.578203558043824e-15 0.031320223920138085
1141.5599365234375 0.9727567434310913 0.2576391398906708 6.578055750794528e-15 0.03146014209135984
1141.572265625 0.8443523049354553 0.2459198385477066 6.577924460687704e-15 0.03159874237363922
1141.58447265625 0.9381551146507263 0.2548742890357971 6.577812228822193e-15 0.03173739091217714
1141.5966796875 1.3284482955932617 0.28728538751602173 6.577717784648574e-15 0.031873336267172335
1141.6090087890625 1.0898743867874146 0.2671443521976471 6.5776402811339e-15 0.03200795718385448
1141.6212158203125 0.9812566041946411 0.2557471692562103 6.577581412344066e-15 0.03214258083380552
1141.6334228515625 1.0075879096984863 0.2600044310092926 6.577540331246124e-15 0.03227453401526239
1141.645751953125 1.1114258766174316 0.26825305819511414 6.577516190807127e-15 0.03240516057528891
1141.657958984375 0.982033908367157 0.2558620572090149 6.5775102615764965e-15 0.03253574690337344
1141.670166015625 1.1614757776260376 0.27214890718460083 6.577522120037758e-15 0.03266370733894937
1141.6824951171875 0.8080355525016785 0.2392536699771881 6.577551342674438e-15 0.0327903452791912
1141.6947021484375 1.3208191394805908 0.2829747498035431 6.577598353003011e-15 0.03291690960590577
1141.7069091796875 1.0059479475021362 0.25688251852989197 6.577662303990529e-15 0.03304089138252347
1141.71923828125 1.1396369934082031 0.2679113745689392 6.577744889702886e-15 0.033163559021545795
1141.7314453125 0.7661969661712646 0.23434416949748993 6.577843992557715e-15 0.03328612196676317
1141.74365234375 1.0223361253738403 0.25665321946144104 6.577960459587962e-15 0.03340615659185077
1141.7559814453125 1.586168646812439 0.3006266951560974 6.578095561343049e-15 0.03352489111018772
1141.7681884765625 1.2923331260681152 0.27840909361839294 6.578246756724134e-15 0.033643495845058734
1141.7803955078125 1.1147594451904297 0.2635274827480316 6.578415316280638e-15 0.03375962856598195
1141.792724609375 1.1501246690750122 0.26698851585388184 6.5786029340784546e-15 0.033874476306552624
1141.804931640625 1.6453142166137695 0.3039172887802124 6.578805798469322e-15 0.03398917290601348
1141.817138671875 1.1818244457244873 0.2689223885536194 6.5790256035191345e-15 0.03410145916391073
1141.8294677734375 1.1135627031326294 0.26211804151535034 6.5792653138432074e-15 0.03421248293465995
1141.8416748046875 1.1485295295715332 0.2664417028427124 6.579519847243857e-15 0.034323338569307374
1141.8538818359375 1.1799876689910889 0.2686830759048462 6.579791321303452e-15 0.034431845736036054
1141.8662109375 1.0816553831100464 0.26077011227607727 6.580082700637308e-15 0.03453911329123411
1141.87841796875 0.8851487636566162 0.24387821555137634 6.580388056014793e-15 0.03464620547762574
1141.890625 1.1133824586868286 0.2634168267250061 6.580710775567697e-15 0.03475101135892025
1141.9029541015625 1.3085685968399048 0.27754321694374084 6.581053823911335e-15 0.03485460497572107
1141.9151611328125 1.3091999292373657 0.2779660224914551 6.581410001265655e-15 0.03495801699277929
1141.9273681640625 1.048496961593628 0.25806254148483276 6.581783119278921e-15 0.03505920734764879
1141.939697265625 0.8187111616134644 0.23754830658435822 6.582177413115868e-15 0.035159220628184204
1141.951904296875 0.9501845240592957 0.24950040876865387 6.5825844124470234e-15 0.03525904769766764
1141.964111328125 1.1817924976348877 0.26930493116378784 6.5830079289206506e-15 0.035356720879466876
1141.9764404296875 0.9177876114845276 0.24584242701530457 6.583453044734433e-15 0.03545324707722368
1141.9886474609375 1.4772204160690308 0.2911801040172577 6.58391044252595e-15 0.035549589312367944
1142.0008544921875 1.3414822816848755 0.27915018796920776 6.584383933943465e-15 0.03564384661574984
1142.01318359375 1.210681438446045 0.2706166207790375 6.584879448217609e-15 0.0357369961963967
1142.025390625 0.6856649518013 0.2238033413887024 6.585386820953014e-15 0.03582996015260741
1142.03759765625 0.8165615797042847 0.23680047690868378 6.585910710830891e-15 0.03592091527577002
1142.0499267578125 1.1093677282333374 0.262267529964447 6.586456200048923e-15 0.03601079547524467
1142.0621337890625 0.6517066359519958 0.22045773267745972 6.5870131242117425e-15 0.0361004991860634
1142.0743408203125 0.7508559226989746 0.23044860363006592 6.587586565517034e-15 0.03618826464602333
1142.086669921875 0.7492144107818604 0.2278728038072586 6.5881820296789535e-15 0.036274998281633365
1142.098876953125 0.9169391393661499 0.24639496207237244 6.5887885052691875e-15 0.03636156530942076
1142.111083984375 0.8515499830245972 0.2393823117017746 6.5894110744854194e-15 0.036446263817972176
1142.1234130859375 0.7855725288391113 0.23415207862854004 6.590056513591227e-15 0.03652996948463115
1142.1356201171875 1.1501786708831787 0.2650475800037384 6.5907116935759284e-15 0.03661352140514627
1142.1478271484375 1.2640382051467896 0.27649661898612976 6.5913829671866275e-15 0.03669527818359171
1142.16015625 0.8223051428794861 0.23579752445220947 6.59207795771985e-15 0.036776088433520614
1142.17236328125 0.7338326573371887 0.22975458204746246 6.592781842099018e-15 0.036856757699024016
1142.1845703125 1.0811270475387573 0.2630463242530823 6.593502243620658e-15 0.03693570761516734
1142.1968994140625 0.5965181589126587 0.2148158699274063 6.594245938548347e-15 0.0370137493623113
1142.2091064453125 0.854735791683197 0.24337923526763916 6.5949985273219824e-15 0.03709167224241333
1142.2213134765625 0.7957733273506165 0.23814067244529724 6.595766786205142e-15 0.03716794497042903
1142.233642578125 0.5847095847129822 0.21659354865550995 6.5965591855272985e-15 0.037243355904148914
1142.245849609375 0.7219935059547424 0.23120556771755219 6.5973600551789274e-15 0.03731866858304146
1142.258056640625 0.7446785569190979 0.23556604981422424 6.5981765949400806e-15 0.03739240300059332
1142.2703857421875 1.079589605331421 0.265701025724411 6.599017698656704e-15 0.03746532487244834
1142.2825927734375 0.8908194899559021 0.25030088424682617 6.599866002153379e-15 0.03753816655227817
1142.2947998046875 0.7480185031890869 0.23686577379703522 6.600730399276052e-15 0.037609501071411464
1142.30712890625 1.317710280418396 0.28035905957221985 6.601619360354196e-15 0.037680070306415694
1142.3193359375 0.8994795680046082 0.2492872178554535 6.602515521212391e-15 0.03775058489435196
1142.33154296875 0.8283140063285828 0.24125923216342926 6.60342735218011e-15 0.03781966237948754
1142.3438720703125 0.9128841757774353 0.24774393439292908 6.604364170619773e-15 0.03788802223689455
1142.3560791015625 0.7956867218017578 0.23865510523319244 6.6053077653230145e-15 0.03795635518079278
1142.3682861328125 1.1829050779342651 0.27355560660362244 6.6062666066193064e-15 0.0380233172366831
1142.380615234375 1.2575780153274536 0.27980837225914 6.607250858904016e-15 0.03808961234789276
1142.392822265625 1.0755903720855713 0.2638351321220398 6.60824146393583e-15 0.038155904545996336
1142.405029296875 1.0819271802902222 0.26324141025543213 6.609247315560694e-15 0.0382208986502907
1142.4173583984375 1.4344184398651123 0.29212096333503723 6.610278578173976e-15 0.038285268541456814
1142.4295654296875 1.1054457426071167 0.2666485011577606 6.611315770017889e-15 0.038349666602455014
1142.4417724609375 1.010030746459961 0.25614026188850403 6.612368208454853e-15 0.038412832056124196
1142.4541015625 1.1080513000488281 0.2643360197544098 6.6134464813967075e-15 0.03847542456139549
1142.46630859375 0.9429614543914795 0.24354581534862518 6.614529836536246e-15 0.03853807481908626
1142.478515625 1.0353134870529175 0.25732535123825073 6.6156284382688346e-15 0.038599559123655994
1142.4908447265625 1.1132197380065918 0.26147088408470154 6.616753721539262e-15 0.03866051268154665
1142.5030517578125 0.9188500642776489 0.24493151903152466 6.6178832399744255e-15 0.03872155773682714
1142.5152587890625 1.3049653768539429 0.2765198051929474 6.619027581486166e-15 0.038781498820156364
1142.527587890625 1.0036137104034424 0.2510817348957062 6.620199028052219e-15 0.03884095910399066
1142.539794921875 1.1946719884872437 0.2676082253456116 6.621374286266534e-15 0.0389005429815585
1142.552001953125 1.3913284540176392 0.2827894389629364 6.6225647910739e-15 0.038959082436956914
1142.5643310546875 0.8063587546348572 0.23413777351379395 6.6237819774191044e-15 0.039017187666503556
1142.5765380859375 0.9958612322807312 0.24856263399124146 6.625002551896098e-15 0.0390754464381831
1142.5887451171875 0.9685744047164917 0.24866452813148499 6.626238372966142e-15 0.039132723719719625
1142.60107421875 0.9041604399681091 0.24315860867500305 6.627501299090498e-15 0.03918961240522873
1142.61328125 1.0355836153030396 0.2537970244884491 6.62876718983017e-15 0.039246688001987454
1142.62548828125 0.8688075542449951 0.23904012143611908 6.630047903646418e-15 0.03930283664469699
1142.6378173828125 1.0011911392211914 0.25128620862960815 6.631356569549926e-15 0.03935863837009079
1142.6500244140625 1.066463828086853 0.25690969824790955 6.6326669295193284e-15 0.039414663590810126
1142.6622314453125 1.294415831565857 0.27543938159942627 6.6339925360817814e-15 0.03946981359903177
1142.674560546875 1.1950178146362305 0.2672607898712158 6.635346094731494e-15 0.039524662624528306
1142.686767578125 0.7390416860580444 0.2266855686903 6.636701347447101e-15 0.0395797664314608
1142.698974609375 1.295819878578186 0.27541109919548035 6.638070999722811e-15 0.03963404933245663
1142.7113037109375 0.7053138613700867 0.22198979556560516 6.639469451118728e-15 0.039688070138821724
1142.7235107421875 1.0677119493484497 0.25699394941329956 6.6408691730640654e-15 0.03974237926523531
1142.7357177734375 1.1318730115890503 0.2624235153198242 6.642282871053033e-15 0.039795916088128096
1142.748046875 1.2334011793136597 0.27086126804351807 6.643726215195154e-15 0.03984922783723245
1142.76025390625 1.0821367502212524 0.25790709257125854 6.6451695593372755e-15 0.039902861013497264
1142.7724609375 1.0442748069763184 0.255491703748703 6.6466273030395e-15 0.039955767290691245
1142.7847900390625 1.2705236673355103 0.2742331326007843 6.648114269378405e-15 0.04000848649007102
1142.7969970703125 1.040749192237854 0.25471603870391846 6.64960123571731e-15 0.04006155957900119
1142.8092041015625 1.1210647821426392 0.26229679584503174 6.651102601616318e-15 0.04011394467097859
1142.821533203125 1.0770341157913208 0.2587020993232727 6.652634037184954e-15 0.04016618151616807
1142.833740234375 0.8208463788032532 0.23432320356369019 6.654164202204169e-15 0.040218800810104954
1142.845947265625 1.0188394784927368 0.25388652086257935 6.655708766783487e-15 0.040270773407254025
1142.8582763671875 0.812056839466095 0.2347382754087448 6.657283401032433e-15 0.040322628292543544
1142.8704833984375 0.8775820732116699 0.23940406739711761 6.658856764731958e-15 0.0403748929181217
1142.8826904296875 0.9151230454444885 0.24287067353725433 6.660444527991586e-15 0.040426548421676006
1142.89501953125 0.6079069972038269 0.2114037126302719 6.662062360920842e-15 0.04047811431447115
1142.9072265625 0.951991856098175 0.24793750047683716 6.663678499784203e-15 0.04053012169802793
1142.91943359375 1.020398736000061 0.25450217723846436 6.6653090382076674e-15 0.04058154474709301
1142.9317626953125 1.1896369457244873 0.2677270174026489 6.6669696463007595e-15 0.04063291245537045
1142.9439697265625 1.1102813482284546 0.26379531621932983 6.668628136811483e-15 0.040684742629050336
1142.9561767578125 0.9796839952468872 0.25270965695381165 6.670301026882311e-15 0.04073601854727976
1142.968505859375 1.2935941219329834 0.2787301242351532 6.672004410139239e-15 0.040787264378708436
1142.980712890625 0.8730454444885254 0.24249587953090668 6.673705252297326e-15 0.04083899474739234
1142.992919921875 0.7728000283241272 0.23136137425899506 6.675420070499042e-15 0.040890193716264865
1143.0052490234375 0.8511745929718018 0.24061192572116852 6.677165805403333e-15 0.04094138180135695
1143.0174560546875 1.2218801975250244 0.2733175456523895 6.678908575692309e-15 0.040993080157049284
1143.0296630859375 0.7355762124061584 0.2290724515914917 6.680664898508441e-15 0.04104426598016684
1143.0419921875 0.9166606068611145 0.24759335815906525 6.6824529850600944e-15 0.04109546013383656
1143.05419921875 0.8820400834083557 0.24357575178146362 6.684236836447012e-15 0.04114717857994599
1143.06640625 0.8983656167984009 0.24590632319450378 6.686034663877559e-15 0.04119840536782924
1143.0787353515625 0.8632893562316895 0.24015174806118011 6.687864678560102e-15 0.04124965295094702
1143.0909423828125 0.5231091976165771 0.20782925188541412 6.689690034561435e-15 0.041301439225961085
1143.1031494140625 0.6529702544212341 0.21840496361255646 6.691528943089924e-15 0.04135274757657738
1143.115478515625 0.32057899236679077 0.1778833121061325 6.693400038870409e-15 0.04140408571624779
1143.127685546875 0.4329764246940613 0.1943756490945816 6.695266475969684e-15 0.0414559802301386
1143.139892578125 0.6866284012794495 0.22622069716453552 6.697146465596115e-15 0.0415073968503812
1143.1522216796875 0.7966902256011963 0.23455506563186646 6.699058642474541e-15 0.04155885806202179
1143.1644287109375 0.6754434108734131 0.21978759765625 6.7009657371552844e-15 0.04161087730428533
1143.1766357421875 0.7667166590690613 0.23110291361808777 6.70288596084671e-15 0.0416624305600219
1143.18896484375 0.7039341330528259 0.22624635696411133 6.704839218823078e-15 0.04171402674856052
1143.201171875 0.49705755710601807 0.1962577998638153 6.706786547568816e-15 0.0417661886398876
1143.21337890625 0.47459837794303894 0.19613094627857208 6.70874742884171e-15 0.0418178826235673
1143.2257080078125 0.8506600856781006 0.23889176547527313 6.710740920883073e-15 0.0418696238869526
1143.2379150390625 0.695511519908905 0.22475701570510864 6.712728483693805e-15 0.04192192862124102
1143.2501220703125 0.6307799816131592 0.2127721756696701 6.7147291755152196e-15 0.04197375927544614
1143.262451171875 0.8685792088508606 0.23813337087631226 6.716762901621577e-15 0.04202563738758994
1143.274658203125 0.8275178074836731 0.23685286939144135 6.718789851464357e-15 0.04207807621247493
1143.286865234375 0.6379497647285461 0.21455544233322144 6.720830353834292e-15 0.04213003081149656
1143.2991943359375 0.8268295526504517 0.23325371742248535 6.7229043140056444e-15 0.042182026021189194
1143.3114013671875 0.7227626442909241 0.2206851691007614 6.724970650880471e-15 0.04223457509560581
1143.3236083984375 0.8871548771858215 0.24245312809944153 6.727050540282454e-15 0.04228662916470114
1143.3359375 0.7403388023376465 0.22642357647418976 6.729163887485854e-15 0.04233871279515498
1143.34814453125 0.6716520190238953 0.2218180149793625 6.731269611392728e-15 0.04239133618463743
1143.3603515625 0.895999550819397 0.2400170862674713 6.7333884643102845e-15 0.04244345307400359
1143.3726806640625 0.9993119835853577 0.24997329711914062 6.735541198545731e-15 0.04249558158501829
1143.3848876953125 0.7271672487258911 0.22293269634246826 6.7376854624517056e-15 0.04254823122514871
1143.3970947265625 0.9624760746955872 0.2454828917980194 6.739842855368362e-15 0.042600359021713434
1143.409423828125 0.9437773823738098 0.2460852861404419 6.7420349766358564e-15 0.04265247979585311
1143.421630859375 0.8830063939094543 0.24107268452644348 6.7442182040574044e-15 0.04270510226314038
1143.433837890625 0.6020787358283997 0.21005122363567352 6.7464137134566875e-15 0.04275717735847779
1143.4461669921875 0.7562628984451294 0.22692656517028809 6.748644374723282e-15 0.04280922271876467
1143.4583740234375 1.0295830965042114 0.25229543447494507 6.750865718627456e-15 0.04286174564471486
1143.4705810546875 1.0001416206359863 0.2499465048313141 6.753099768025839e-15 0.0429136957722389
1143.48291015625 1.1150346994400024 0.26067686080932617 6.755368969291534e-15 0.042965589570260636
1143.4951171875 0.732418417930603 0.22407123446464539 6.757628006161861e-15 0.04301792927524424
1143.50732421875 0.8130242824554443 0.2292252779006958 6.759899748526397e-15 0.04306967054779393
1143.5196533203125 0.7717747688293457 0.22429190576076508 6.7622070662747176e-15 0.04312131837382544
1143.5318603515625 0.7394408583641052 0.22007887065410614 6.764504219627671e-15 0.0431733824673463
1143.5440673828125 0.9627513289451599 0.24214699864387512 6.7668132314418865e-15 0.04322481622781845
1143.556396484375 1.0470995903015137 0.24613578617572784 6.76915824215636e-15 0.043276122363059645
1143.568603515625 0.8309878706932068 0.22850815951824188 6.771492664958993e-15 0.04332780359711584
1143.580810546875 1.0826740264892578 0.2512008547782898 6.773839369739361e-15 0.0433788200244393
1143.5931396484375 1.0526347160339355 0.24966630339622498 6.776221649903514e-15 0.043429674411365235
1143.6053466796875 1.17642343044281 0.25966712832450867 6.778592918639352e-15 0.043480855396340466
1143.6175537109375 0.9285185933113098 0.2387520968914032 6.780976469352926e-15 0.043531340343984884
1143.6298828125 0.8298243284225464 0.2277592420578003 6.783396442483231e-15 0.043581615794712314
1143.64208984375 0.8308743834495544 0.22951814532279968 6.7858041336358015e-15 0.04363217066967007
1143.654296875 1.2662733793258667 0.26563209295272827 6.788224530282581e-15 0.04368199035291958
1143.6666259765625 1.0501447916030884 0.249021515250206 6.790680925829618e-15 0.043731558991932956
1143.6788330078125 1.1158846616744995 0.2542306184768677 6.793125462915394e-15 0.04378135265686659
1143.6910400390625 1.0445412397384644 0.24657851457595825 6.7955818584624315e-15 0.04383036921586762
1143.703369140625 1.2304308414459229 0.2608259618282318 6.7980750999426746e-15 0.04387908346144555
1143.715576171875 0.9834991097450256 0.2424222230911255 6.800555635928709e-15 0.04392796737836865
1143.727783203125 0.9558877944946289 0.2408849447965622 6.803048453892478e-15 0.04397603039132062
1143.7401123046875 0.8953155875205994 0.23546963930130005 6.8055776942729795e-15 0.04402374336112552
1143.7523193359375 0.8898943662643433 0.2339724451303482 6.808094229159272e-15 0.04407155980709358
1143.7645263671875 0.9868230819702148 0.2433253973722458 6.810622622506826e-15 0.04411851687872965
1143.77685546875 0.6428077816963196 0.21080799400806427 6.8131882853040594e-15 0.0441650667854616
1143.7890625 0.8287270665168762 0.22865022718906403 6.815739972057663e-15 0.044211649442632464
1143.80126953125 0.826446533203125 0.22750598192214966 6.818303940789002e-15 0.04425732984011254
1143.8135986328125 0.8559943437576294 0.23013581335544586 6.82090517897002e-15 0.044302549942835424
1143.8258056640625 0.957509458065033 0.24004235863685608 6.823492017590934e-15 0.04434773150093261
1143.8380126953125 0.7032437324523926 0.2157326191663742 6.826091138189584e-15 0.04439196311415776
1143.850341796875 0.7622485160827637 0.22078147530555725 6.828727528237913e-15 0.044435672272124506
1143.862548828125 0.6114716529846191 0.20716620981693268 6.8313499422426125e-15 0.0444792676972215
1143.874755859375 0.7646293640136719 0.22247765958309174 6.833983367675626e-15 0.04452187177551388
1143.8870849609375 0.5479884147644043 0.19952361285686493 6.83665533310774e-15 0.04456389257369649
1143.8992919921875 0.7632068991661072 0.2214135378599167 6.839312051946803e-15 0.04460571724286826
1143.9114990234375 0.5151352882385254 0.19458404183387756 6.841980205730654e-15 0.04464650496584565
1143.923828125 0.4229007661342621 0.18410669267177582 6.8446864759971315e-15 0.04468664698574344
1143.93603515625 0.4847356677055359 0.19196665287017822 6.847377923187032e-15 0.04472651047131312
1143.9482421875 0.6716328859329224 0.21286165714263916 6.850080381805247e-15 0.04476528842942186
1143.9605712890625 0.7602149248123169 0.2198653668165207 6.852820956906088e-15 0.04480335596516137
1143.9727783203125 0.4231377840042114 0.1846625953912735 6.855546285413879e-15 0.0448410592580251
1143.9849853515625 0.7306212186813354 0.2179083675146103 6.858282625349984e-15 0.04487763541702508
1143.997314453125 0.6361564993858337 0.20684416592121124 6.8610579288016626e-15 0.04491343152285528
1144.009521484375 0.8822183609008789 0.2315896451473236 6.86381671511087e-15 0.0449487752043744
1144.021728515625 0.6972323656082153 0.21322612464427948 6.8665865128483914e-15 0.0449829397420297
1144.0340576171875 0.7564442753791809 0.21854649484157562 6.86939569761796e-15 0.04501626442210569
1144.0462646484375 0.9143258333206177 0.23508380353450775 6.872187941728584e-15 0.045049041491201994
1144.0584716796875 0.855665385723114 0.22983895242214203 6.874991197267522e-15 0.04508059893880524
1144.07080078125 1.0379893779754639 0.24549685418605804 6.877833839838508e-15 0.04511124222165453
1144.0830078125 0.9722731113433838 0.238989919424057 6.880659118234074e-15 0.0451412431286701
1144.09521484375 1.09817373752594 0.2500683665275574 6.883495831574429e-15 0.045169985942862055
1144.1075439453125 0.9081013202667236 0.23224158585071564 6.886371508430357e-15 0.04519774573220215
1144.1197509765625 1.0299227237701416 0.24359168112277985 6.889229821110867e-15 0.045224763605745844
1144.1319580078125 0.909963071346283 0.23332197964191437 6.892098721703217e-15 0.04525047791595122
1144.144287109375 0.849715530872345 0.22811537981033325 6.895007856360562e-15 0.04527514520508273
1144.156494140625 0.7580710649490356 0.21991048753261566 6.8978983562930675e-15 0.04529897154898591
1144.168701171875 0.876183271408081 0.2298496514558792 6.900799867653887e-15 0.04532145501477216
1144.1810302734375 1.513128638267517 0.2793816924095154 6.903741613079701e-15 0.045342822863261606
1144.1932373046875 0.6352106928825378 0.207626610994339 6.906664723780676e-15 0.045363242378256736
1144.2054443359375 1.0589327812194824 0.24562542140483856 6.909598422393491e-15 0.045382285366010355
1144.2177734375 0.5709860324859619 0.19975745677947998 6.912571931554827e-15 0.0454001444668447
1144.22998046875 1.0823613405227661 0.24555368721485138 6.915526805991324e-15 0.045416949831557356
1144.2421875 0.9977467656135559 0.24067197740077972 6.918492268339661e-15 0.0454323477991059
1144.2545166015625 0.8505840301513672 0.22766603529453278 6.921498388269467e-15 0.045446490273657915
1144.2667236328125 1.1174312829971313 0.25034821033477783 6.9244850264414855e-15 0.04545947654281345
1144.2789306640625 1.0866458415985107 0.2474830001592636 6.927481829008871e-15 0.045471023184744476
1144.291259765625 0.66038578748703 0.20911064743995667 6.930519712674199e-15 0.04548124784724117
1144.303466796875 0.8397893905639648 0.22550572454929352 6.933537267548792e-15 0.04549020928580597
1144.315673828125 0.6604995131492615 0.2089110165834427 6.9365658338517e-15 0.045497705124062676
1144.3280029296875 0.9646104574203491 0.23749271035194397 6.939634634219602e-15 0.04550381372689839
1144.3402099609375 0.7802984714508057 0.2207912802696228 6.942683529313244e-15 0.045508548132278795
1144.3524169921875 0.5385220646858215 0.1955510824918747 6.945743012318727e-15 0.045511798148467016
1144.36474609375 1.0186275243759155 0.24078203737735748 6.948843152905677e-15 0.0455135934817704
1144.376953125 0.6556044816970825 0.20757579803466797 6.9519225411854204e-15 0.04551390705941
1144.38916015625 0.7181684374809265 0.21429453790187836 6.955012517377004e-15 0.04551271414042801
1144.4014892578125 0.839756190776825 0.22584445774555206 6.95814357466653e-15 0.045510004413068024
1144.4136962890625 1.080299735069275 0.24634180963039398 6.961253456132374e-15 0.04550570959222746
1144.4259033203125 0.8030341863632202 0.22094684839248657 6.964373925510059e-15 0.045499889418661996
1144.438232421875 0.776939868927002 0.21926575899124146 6.967535475985685e-15 0.0454924964361971
1144.450439453125 0.8982678055763245 0.2308640033006668 6.970675427121157e-15 0.04548340502061344
1144.462646484375 0.748425304889679 0.2169971466064453 6.973825966168469e-15 0.0454727807244113
1144.4749755859375 0.7798125743865967 0.21965289115905762 6.9770175863137236e-15 0.04546052645608244
1144.4871826171875 0.83734530210495 0.2247590869665146 6.980187607118823e-15 0.04544646522655386
1144.4993896484375 0.8943739533424377 0.22970139980316162 6.9833673688028154e-15 0.04543086781823196
1144.51171875 1.044302225112915 0.239915132522583 6.986589058617697e-15 0.04541357908605278
1144.52392578125 1.0800100564956665 0.24533982574939728 6.98978872557595e-15 0.0453943871973436
1144.5361328125 1.0753220319747925 0.2445063292980194 6.992998133413097e-15 0.04537364965699116
1144.5484619140625 0.7993034720420837 0.2195669561624527 6.9962494693811324e-15 0.04535117356081404
1144.5606689453125 0.9851749539375305 0.23746813833713531 6.999478358976066e-15 0.04532668916042883
1144.5728759765625 0.8921031951904297 0.22883807122707367 7.002716565933419e-15 0.04530066174181158
1144.585205078125 0.7696664929389954 0.21715141832828522 7.005997124538135e-15 0.04527284847766574
1144.597412109375 1.1366746425628662 0.24977560341358185 7.0092552367697486e-15 0.045242924533302815
1144.609619140625 0.7988113164901733 0.21977971494197845 7.0125222428473084e-15 0.04521147219608404
1144.6219482421875 0.7684841156005859 0.21692265570163727 7.015832024088705e-15 0.0451781871027791
1144.6341552734375 0.9498124718666077 0.23391090333461761 7.019118511924051e-15 0.04514269170185953
1144.6463623046875 1.248718500137329 0.257230669260025 7.022414317121818e-15 0.045105684807761594
1144.65869140625 0.7375741004943848 0.2123778611421585 7.025752473966947e-15 0.04506679814351361
1144.6708984375 0.6821452379226685 0.2088720053434372 7.029067337406027e-15 0.04502561316670554
1144.68310546875 0.8250815868377686 0.2214464247226715 7.032391518207526e-15 0.04498293063789275
1144.6954345703125 0.645746648311615 0.2039075344800949 7.0357580506563884e-15 0.04493834237441955
1144.7076416015625 1.0594905614852905 0.24089036881923676 7.039100442666254e-15 0.04489135907270996
1144.7198486328125 0.7047895193099976 0.2095566987991333 7.042452575555013e-15 0.04484290330072092
1144.732177734375 0.4389348328113556 0.18220354616641998 7.045847483607608e-15 0.04479251150318948
1144.744384765625 0.46757972240448 0.18485906720161438 7.049217827704733e-15 0.0447396376645082
1144.756591796875 0.3781946003437042 0.1742967814207077 7.0525974891642775e-15 0.044685324518871715
1144.7689208984375 0.6185228824615479 0.20168399810791016 7.056020349304132e-15 0.04462904911261704
1144.7811279296875 0.20046459138393402 0.14901229739189148 7.059418221972043e-15 0.04457021218738183
1144.7933349609375 0.3187994360923767 0.16646789014339447 7.0628249884858996e-15 0.044509976570963436
1144.8056640625 0.28750142455101013 0.15989625453948975 7.066274953680066e-15 0.04444775586553061
1144.81787109375 0.22986923158168793 0.15346483886241913 7.069700354918763e-15 0.04438290102858304
1144.830078125 0.22892825305461884 0.15311208367347717 7.073134226486932e-15 0.044316687068436
1144.8424072265625 0.2556874454021454 0.15598656237125397 7.0766112967354106e-15 0.04424847962303254
1144.8546142578125 0.3474561870098114 0.17000052332878113 7.080062955995472e-15 0.044177567625800905
1144.8668212890625 0.40431320667266846 0.17676816880702972 7.083523932617953e-15 0.04410535062731884
1144.879150390625 0.3463566303253174 0.16934734582901 7.087028107920744e-15 0.04403112975440603
1144.891357421875 0.3173695206642151 0.16587640345096588 7.090506448718644e-15 0.04395414174509309
1144.903564453125 0.3171311616897583 0.16557677090168 7.09399368336249e-15 0.04387590464930837
1144.9158935546875 0.37660476565361023 0.17360903322696686 7.097524540203119e-15 0.043795674257007915
1144.9281005859375 0.4933404326438904 0.187007874250412 7.10102871550591e-15 0.043712613181915765
1144.9403076171875 0.8178457617759705 0.21959681808948517 7.104542208171121e-15 0.043628374947629986
1144.95263671875 0.5480886697769165 0.19227883219718933 7.108098899516642e-15 0.043542147449963334
1144.96484375 0.8089154362678528 0.2150975465774536 7.111629332840798e-15 0.04345304286510345
1144.97705078125 0.9066804051399231 0.2276214212179184 7.115168236494426e-15 0.04336283615789494
1144.9893798828125 0.8726247549057007 0.22405703365802765 7.11875203289426e-15 0.043270657726154606
1145.0015869140625 0.9909307360649109 0.23462128639221191 7.122307877206833e-15 0.04317556180842908
1145.0137939453125 0.6671904921531677 0.2050582468509674 7.125872191848879e-15 0.04307944742750921
1145.026123046875 0.5768440365791321 0.19467930495738983 7.12948139923713e-15 0.042981386762094946
1145.038330078125 0.9286631941795349 0.22881366312503815 7.13306265453812e-15 0.04288038098279424
1145.050537109375 0.6336339712142944 0.19949398934841156 7.136652380168584e-15 0.04277844216279144
1145.0628662109375 0.6614645719528198 0.20210033655166626 7.140286151512305e-15 0.042674595992274196
1145.0750732421875 0.7546142339706421 0.21314948797225952 7.143892817801714e-15 0.04256778507348981
1145.0872802734375 1.041736125946045 0.23734936118125916 7.147507954420595e-15 0.042460140768338296
1145.099609375 1.3320503234863281 0.25929898023605347 7.151167136752734e-15 0.04235063273372146
1145.11181640625 1.1057010889053345 0.24304072558879852 7.154797519964666e-15 0.04223815712594809
1145.1240234375 1.1016796827316284 0.24213485419750214 7.158437220539018e-15 0.04212494947674912
1145.1363525390625 1.2442402839660645 0.2526114583015442 7.162120966826627e-15 0.042009942101227854
1145.1485595703125 1.3264648914337158 0.25714999437332153 7.165776761026976e-15 0.041891960925409116
1145.1607666015625 0.921149492263794 0.22644686698913574 7.169440178523851e-15 0.04177337578441377
1145.173095703125 1.155428409576416 0.24576415121555328 7.17314848876693e-15 0.04165304690285351
1145.185302734375 1.0650955438613892 0.23812204599380493 7.176827999889803e-15 0.041529770759669536
1145.197509765625 0.8318082690238953 0.21818844974040985 7.180515981342148e-15 0.04140601711546583
1145.2098388671875 1.0380792617797852 0.23636700212955475 7.184248855540698e-15 0.04128059706796081
1145.2220458984375 1.1197624206542969 0.24182617664337158 7.187952930619041e-15 0.041152259744501735
1145.2342529296875 0.801344633102417 0.21491731703281403 7.191663781960962e-15 0.0410235829587019
1145.24658203125 0.9190592765808105 0.22616232931613922 7.195420373082035e-15 0.04089333441165989
1145.2587890625 0.8588863015174866 0.21963195502758026 7.199147318049954e-15 0.04076021923453069
1145.27099609375 1.1736862659454346 0.24535918235778809 7.202881886314398e-15 0.040626910046268346
1145.2833251953125 0.9189775586128235 0.22623836994171143 7.206662194357994e-15 0.04049212726215103
1145.2955322265625 1.0605370998382568 0.23707538843154907 7.210412009215489e-15 0.0403545444409018
1145.3077392578125 1.3496559858322144 0.25871649384498596 7.214170294402456e-15 0.04021692925830458
1145.320068359375 1.0868176221847534 0.2391829937696457 7.217973472335628e-15 0.040077963431040114
1145.332275390625 0.8569828271865845 0.2191481739282608 7.221746157082699e-15 0.039936278836400836
1145.344482421875 0.9459301829338074 0.2281169295310974 7.225527312159242e-15 0.03979473245279762
1145.3568115234375 1.0276745557785034 0.23409168422222137 7.22935335998199e-15 0.03965196290901048
1145.3690185546875 1.2007523775100708 0.24638524651527405 7.233148914618636e-15 0.03950658746354104
1145.3812255859375 0.8834072947502136 0.2214244157075882 7.236952092551808e-15 0.039361523583915335
1145.3935546875 1.2023850679397583 0.24774010479450226 7.240801010264131e-15 0.03921539399760685
1145.40576171875 0.7676354050636292 0.21107986569404602 7.244619434790354e-15 0.039066775707392344
1145.41796875 1.1480071544647217 0.24400243163108826 7.248444635580154e-15 0.038918669284139285
1145.4302978515625 1.024363398551941 0.23303981125354767 7.252315576149106e-15 0.038769661858794977
1145.4425048828125 1.1412783861160278 0.24269428849220276 7.256156023531957e-15 0.03861831472084735
1145.4547119140625 0.881097137928009 0.2210707813501358 7.260003247178386e-15 0.03846768036845073
1145.467041015625 0.9398500323295593 0.22661735117435455 7.263896210603967e-15 0.0383163328417126
1145.479248046875 1.1626815795898438 0.24354977905750275 7.267758680843447e-15 0.03816281468445555
1145.491455078125 0.6216971278190613 0.19704227149486542 7.271627080313557e-15 0.038010234574357794
1145.5037841796875 1.1995095014572144 0.24714598059654236 7.275542066595767e-15 0.03785714674438237
1145.5159912109375 0.7348530292510986 0.20713409781455994 7.27942486562598e-15 0.03770208463980227
1145.5281982421875 1.1681344509124756 0.24435360729694366 7.28331528795272e-15 0.037548188113101545
1145.54052734375 1.0512299537658691 0.23515047132968903 7.287252297091557e-15 0.03739401352883932
1145.552734375 1.0465742349624634 0.23409074544906616 7.291156271945452e-15 0.03723808641015707
1145.56494140625 1.3027825355529785 0.2534579336643219 7.295067870095873e-15 0.037083578132389466
1145.5772705078125 1.1332037448883057 0.24099603295326233 7.299025208025445e-15 0.036929030017048885
1145.5894775390625 1.0411416292190552 0.2327623963356018 7.302950358703021e-15 0.03677298339126434
1145.6016845703125 1.1589086055755615 0.24247360229492188 7.306882285644176e-15 0.036618620224874755
1145.614013671875 0.9594449400901794 0.2269529104232788 7.310860799397429e-15 0.036464480154055685
1145.626220703125 1.1526552438735962 0.2411690652370453 7.31480627886574e-15 0.03630912751306767
1145.638427734375 0.9565811157226562 0.22550331056118011 7.318758534597628e-15 0.036155737115055465
1145.6507568359375 1.0765479803085327 0.23635882139205933 7.322757377141616e-15 0.0360028606236577
1145.6629638671875 1.0469471216201782 0.23385155200958252 7.32672318540066e-15 0.035849081910372456
1145.6751708984375 1.0133576393127441 0.23073448240756989 7.330695769923283e-15 0.03569756080097802
1145.6875 0.9257843494415283 0.2232472151517868 7.334714941258005e-15 0.03554686240486744
1145.69970703125 0.8626226186752319 0.2157849669456482 7.338700231274836e-15 0.03539561274532308
1145.7119140625 1.010115146636963 0.22961390018463135 7.342693144588193e-15 0.035246918766515645
1145.7242431640625 1.0983850955963135 0.23735328018665314 7.346731797680701e-15 0.03509939007055761
1145.7364501953125 0.756287157535553 0.208051398396492 7.350737416488267e-15 0.03495168957156911
1145.7486572265625 0.8935046195983887 0.21852192282676697 7.354748964526463e-15 0.03480686127326688
1145.760986328125 0.7559754848480225 0.20805957913398743 7.358807099376759e-15 0.03466355733785323
1145.773193359375 1.0641664266586304 0.2340540736913681 7.362832199942111e-15 0.03452050010411389
1145.785400390625 0.8377478718757629 0.21360743045806885 7.366863229738094e-15 0.03438064249542787
1145.7977294921875 0.9797420501708984 0.22726602852344513 7.370940846346177e-15 0.03424269139021741
1145.8099365234375 1.0580546855926514 0.2322671264410019 7.374984581636369e-15 0.0341054368964655
1145.8221435546875 0.7501024603843689 0.20635586977005005 7.379034246157191e-15 0.033971721403959335
1145.83447265625 1.0661765336990356 0.23406235873699188 7.38313134452306e-15 0.03384031665399158
1145.8466796875 1.056960940361023 0.23184193670749664 7.387193714538092e-15 0.03371008542363951
1145.85888671875 1.0616421699523926 0.23345661163330078 7.391262860816702e-15 0.03358374750375375
1145.8712158203125 0.8932426571846008 0.21917442977428436 7.395377746874463e-15 0.03346014327616945
1145.8834228515625 0.8858438730239868 0.21713696420192719 7.399458751614334e-15 0.03333822044683594
1145.8956298828125 0.9998924732208252 0.22621780633926392 7.403545685584836e-15 0.03322054615213982
1145.907958984375 0.8345203995704651 0.21174535155296326 7.407679206367437e-15 0.03310604755665623
1145.920166015625 1.2805899381637573 0.24909189343452454 7.411778845832148e-15 0.03299377434004422
1145.932373046875 0.884746253490448 0.21731765568256378 7.415883567494543e-15 0.03288610139890262
1145.9447021484375 1.0282762050628662 0.22924689948558807 7.420034875969036e-15 0.03278205695922403
1145.9569091796875 0.746914267539978 0.2054322510957718 7.424152303125639e-15 0.03268080584439609
1145.9691162109375 1.1371221542358398 0.23787906765937805 7.428274812479926e-15 0.032584509248996696
1145.9814453125 1.054280400276184 0.23167327046394348 7.432444755679259e-15 0.03249229753976966
1145.99365234375 0.7465683221817017 0.205447718501091 7.43657827646186e-15 0.032403464992955065
1146.005859375 0.9126810431480408 0.2199791818857193 7.440718573508039e-15 0.03231993617847676
1146.0181884765625 0.9934631586074829 0.2261069118976593 7.444906304399264e-15 0.03224095436235341
1146.0303955078125 0.8842642307281494 0.21733680367469788 7.449057612873757e-15 0.03216595901184
1146.0426025390625 0.992206335067749 0.2259407937526703 7.453214003545934e-15 0.03209658649335029
1146.054931640625 0.7674366235733032 0.20611117780208588 7.457418675096104e-15 0.03203222670958433
1146.067138671875 0.8782179951667786 0.2160450965166092 7.461586924229543e-15 0.031972462093730405
1146.079345703125 0.7932972311973572 0.20810453593730927 7.465761102593612e-15 0.03191863068490286
1146.0916748046875 0.8538423776626587 0.2142142504453659 7.469982714802727e-15 0.031870257729147144
1146.1038818359375 0.713201642036438 0.2015036791563034 7.474167057562164e-15 0.03182709055402756
1146.1160888671875 1.1261259317398071 0.23583291471004486 7.47835732955223e-15 0.03179013179023666
1146.12841796875 1.0399261713027954 0.22779439389705658 7.482595882420291e-15 0.03175906191495092
1146.140625 0.9898199439048767 0.22471342980861664 7.486797165838673e-15 0.03173380329935316
1146.15283203125 0.987401008605957 0.22452975809574127 7.491003531454737e-15 0.03171499010757446
1146.1651611328125 0.6799400448799133 0.19639074802398682 7.495257330915849e-15 0.03170246829537873
1146.1773681640625 0.907371461391449 0.2184506356716156 7.499474707960228e-15 0.031696342592513554
1146.1895751953125 0.8242529034614563 0.21094024181365967 7.50369716720229e-15 0.031696851364836735
1146.201904296875 1.0435395240783691 0.22928041219711304 7.5079670602894e-15 0.03170402625799972
1146.214111328125 0.9621438980102539 0.22259165346622467 7.512200530959776e-15 0.03171815092527106
1146.226318359375 1.0118780136108398 0.2260679453611374 7.51643823679489e-15 0.03173905512189505
1146.2386474609375 0.8783181309700012 0.21530626714229584 7.520724223507996e-15 0.03176694654303147
1146.2508544921875 1.1171218156814575 0.23299501836299896 7.524972940771424e-15 0.03180230749814157
1146.2630615234375 0.5691945552825928 0.1851726919412613 7.529225893199588e-15 0.03184453331916179
1146.275390625 0.7635560631752014 0.20258818566799164 7.533527126505745e-15 0.03189402527282515
1146.28759765625 1.1187728643417358 0.2340848445892334 7.537791090362223e-15 0.03195145934415204
1146.2998046875 0.8744494915008545 0.2136387825012207 7.542059289383438e-15 0.03201577554169296
1146.3121337890625 0.8176229000091553 0.20940345525741577 7.546374922249698e-15 0.0320875789691253
1146.3243408203125 0.8986712694168091 0.21612219512462616 7.55065328566628e-15 0.03216775318844682
1146.3365478515625 0.7345010042190552 0.2014569789171219 7.554936731280545e-15 0.032254766213226
1146.348876953125 0.9540467262268066 0.22072802484035492 7.559267610739856e-15 0.03234942320009172
1146.361083984375 0.7341380715370178 0.20160257816314697 7.56356037371654e-15 0.03245282486196202
1146.373291015625 0.8649769425392151 0.21157588064670563 7.567858218890909e-15 0.032562956312378405
1146.3856201171875 0.9272051453590393 0.21774721145629883 7.572203497910324e-15 0.032680824689642334
1146.3978271484375 0.8918203711509705 0.21440525352954865 7.576510660447112e-15 0.03280774904329148
1146.4100341796875 0.7827690243721008 0.20510484278202057 7.580822058148636e-15 0.03294123338413076
1146.42236328125 0.812881350517273 0.20767968893051147 7.585181736728154e-15 0.03308248574055467
1146.4345703125 0.8639311194419861 0.2117318958044052 7.589502451792098e-15 0.03323305424277059
1146.44677734375 0.7283449769020081 0.2003869116306305 7.593827402020779e-15 0.03338994795226656
1146.4591064453125 0.7523664832115173 0.20100265741348267 7.598200633127453e-15 0.03355458340694821
1146.4713134765625 0.7761026620864868 0.20224091410636902 7.6025357477515e-15 0.03372872589463233
1146.4835205078125 0.9509279727935791 0.21964377164840698 7.606874250507337e-15 0.033908892700694575
1146.4957275390625 0.8738512992858887 0.21382738649845123 7.611217835460857e-15 0.034096734413245185
1146.508056640625 1.0098252296447754 0.22709791362285614 7.615608854259423e-15 0.03429421551397112
1146.520263671875 0.8213331699371338 0.211542546749115 7.619960909542416e-15 0.03449738071557261
1146.532470703125 0.793087363243103 0.21083460748195648 7.624318047023092e-15 0.034708100248236486
1146.5447998046875 1.0646283626556396 0.23648637533187866 7.628722618348814e-15 0.03492853855545231
1146.5570068359375 0.7838192582130432 0.2123572826385498 7.633087379126016e-15 0.03515426213259231
1146.5692138671875 0.8915544748306274 0.22152306139469147 7.637456375067953e-15 0.035387375052932886
1146.58154296875 0.8493152260780334 0.21399681270122528 7.641873651887884e-15 0.03563024317042239
1146.59375 0.7674801349639893 0.2102416306734085 7.646251118159295e-15 0.035877988914917815
1146.60595703125 0.9122610688209534 0.2204427719116211 7.650632819595441e-15 0.03613290464392323
1146.6182861328125 0.8255666494369507 0.21598592400550842 7.655062801909581e-15 0.03639755172120384
1146.6304931640625 1.1470773220062256 0.24482877552509308 7.6594529736752e-15 0.03666664759015228
1146.6427001953125 0.9757548570632935 0.22936014831066132 7.663846533572608e-15 0.03694266650243848
1146.655029296875 0.9175869822502136 0.22674861550331116 7.66828837434801e-15 0.03722839842284925
1146.667236328125 1.2034034729003906 0.2489895522594452 7.67269040457489e-15 0.03751807969303784
1146.679443359375 0.9998776316642761 0.23033569753170013 7.677096669966507e-15 0.037814450471738335
1146.6917724609375 1.0919523239135742 0.2385968267917633 7.68155036920317e-15 0.03812043228343188
1146.7039794921875 0.90428626537323 0.22611969709396362 7.685964257891312e-15 0.03842990956064187
1146.7161865234375 0.9488729238510132 0.22664207220077515 7.690381534711244e-15 0.03874576842458137
1146.728515625 1.3512037992477417 0.25934648513793945 7.694847092409168e-15 0.0390711585316689
1146.74072265625 0.7701466083526611 0.21276332437992096 7.699271992525625e-15 0.03939955873635191
1146.7529296875 0.972855269908905 0.23223024606704712 7.70370028077387e-15 0.03973404750763687
1146.7652587890625 1.2875051498413086 0.26021990180015564 7.708177696933056e-15 0.04007795608941181
1146.7774658203125 1.0065701007843018 0.23427487909793854 7.712613608477827e-15 0.040424405755484435
1146.7896728515625 0.9623798131942749 0.2332342267036438 7.717053755187334e-15 0.0407766183141673
1146.802001953125 1.2434128522872925 0.2549206018447876 7.721541335741888e-15 0.04113814646098755
1146.814208984375 1.0473971366882324 0.23962053656578064 7.725988258714973e-15 0.041501704770788746
1146.826416015625 0.9871284365653992 0.23462671041488647 7.730438569819847e-15 0.04187076135125209
1146.8387451171875 1.1416054964065552 0.24924539029598236 7.734937161802714e-15 0.042248977998955814
1146.8509521484375 0.9053117036819458 0.22730803489685059 7.739394249171166e-15 0.04262875855731761
1146.8631591796875 1.0459426641464233 0.23914316296577454 7.743855571704355e-15 0.04301371492173309
1146.87548828125 0.9729644060134888 0.23177097737789154 7.74836432808259e-15 0.04340769812098684
1146.8876953125 0.902027428150177 0.2273770123720169 7.752832426879356e-15 0.043802806246518264
1146.89990234375 1.080862283706665 0.24279099702835083 7.757303066774964e-15 0.0442027841964269
1146.9122314453125 0.7576865553855896 0.2125275582075119 7.761821987548566e-15 0.04461165028721563
