wave flux_norm flux_err cont_fit cont_err
1248.082275390625 0.9149416089057922 0.13255976140499115 8.628912674993848e-15 0.024794490869312905
1248.0946044921875 1.0020911693572998 0.13753987848758698 8.621741694062393e-15 0.024247344370737486
1248.1068115234375 0.9423530101776123 0.13336366415023804 8.614646946096191e-15 0.023710787779541113
1248.1190185546875 1.0869996547698975 0.1402425765991211 8.607554739228831e-15 0.023179607238966064
1248.13134765625 1.0581859350204468 0.13761574029922485 8.600396463791585e-15 0.022664417257524046
1248.1435546875 1.1909371614456177 0.14384113252162933 8.593313574286644e-15 0.02215996579806665
1248.15576171875 0.9027202725410461 0.12867775559425354 8.58623491994644e-15 0.021661479759236536
1248.1680908203125 1.0917607545852661 0.13872307538986206 8.57909019703635e-15 0.02117883975333439
1248.1802978515625 0.9600720405578613 0.13175182044506073 8.572020860058566e-15 0.020707201027758013
1248.1925048828125 0.8913125395774841 0.12825404107570648 8.564956605278465e-15 0.020242085831230935
1248.204833984375 1.0351089239120483 0.13636063039302826 8.557826281928478e-15 0.01979281557782763
1248.217041015625 0.831611156463623 0.124466173350811 8.550771344510797e-15 0.01935478390639476
1248.229248046875 0.9275076985359192 0.13034802675247192 8.5437214892908e-15 0.01892389066886769
1248.2415771484375 1.0850741863250732 0.13874250650405884 8.536606412533863e-15 0.018508786881490148
1248.2537841796875 1.0511351823806763 0.13763953745365143 8.52956756874218e-15 0.01810523911381934
1248.2659912109375 1.1587163209915161 0.1429230272769928 8.522534654181128e-15 0.01770948881515399
1248.2783203125 1.1327121257781982 0.14106744527816772 8.515436518083137e-15 0.017329491447788684
1248.29052734375 1.07750403881073 0.1390341818332672 8.508413767917451e-15 0.016961379114456224
1248.302734375 0.9068818688392639 0.12959153950214386 8.501397794015344e-15 0.016601728127475263
1248.3150634765625 0.9237487316131592 0.1311204582452774 8.494316598576298e-15 0.016257779007209178
1248.3272705078125 1.1842964887619019 0.14384809136390686 8.487312483135452e-15 0.015926004670680664
1248.3394775390625 0.9557379484176636 0.13168442249298096 8.480314296925237e-15 0.015603371582757933
1248.351806640625 1.056133508682251 0.13738901913166046 8.473252583243978e-15 0.015296358024831659
1248.364013671875 0.959047257900238 0.13238118588924408 8.466267102527972e-15 0.014998896992961749
1248.376220703125 0.8652743697166443 0.12772446870803833 8.459287551042596e-15 0.014716962199083404
1248.3885498046875 1.2037426233291626 0.14569362998008728 8.452245319119124e-15 0.014447610333949767
1248.4007568359375 1.0109469890594482 0.13568513095378876 8.445279320160905e-15 0.014188361707303651
1248.4129638671875 1.0257612466812134 0.1368788480758667 8.43832094449921e-15 0.013944393958392327
1248.42529296875 0.9789053797721863 0.1345396339893341 8.43129988839942e-15 0.013713097337298924
1248.4375 1.1818069219589233 0.14429786801338196 8.424355065264882e-15 0.013492338358062
1248.44970703125 0.75899338722229 0.12134648859500885 8.417417018393922e-15 0.01328647096095076
1248.4620361328125 0.6768351793289185 0.11689386516809464 8.41041798515076e-15 0.01309319569839539
1248.4742431640625 0.9304865002632141 0.131780207157135 8.40349518487285e-15 0.012910701717422576
1248.4864501953125 1.0269355773925781 0.1368667036294937 8.396579160858519e-15 0.012742502422554645
1248.498779296875 1.1424182653427124 0.1432652324438095 8.389602997504932e-15 0.012586608589343877
1248.510986328125 0.8736785650253296 0.1288725584745407 8.382703067116599e-15 0.012441493305114215
1248.523193359375 0.9847041368484497 0.13559997081756592 8.37581076002479e-15 0.012309860915218558
1248.5355224609375 1.1678205728530884 0.1448826640844345 8.368858313593727e-15 0.012190001489631215
1248.5477294921875 0.9114665389060974 0.13091515004634857 8.361982100127917e-15 0.012080662207604068
1248.5599365234375 1.0468569993972778 0.13879874348640442 8.355115204024526e-15 0.011983750240652905
1248.572265625 1.203716516494751 0.14635029435157776 8.348187321548933e-15 0.011897841918824188
1248.58447265625 1.0125586986541748 0.13654674589633942 8.34133651907154e-15 0.011821929558139174
1248.5966796875 0.9883005619049072 0.13576927781105042 8.33449418692362e-15 0.011757183708778951
1248.6090087890625 0.964525580406189 0.1345275491476059 8.327592562469392e-15 0.0117024515819021
1248.6212158203125 1.0009428262710571 0.13635379076004028 8.320768018013364e-15 0.011656958384056424
1248.6334228515625 0.9527934789657593 0.13392499089241028 8.313952790919756e-15 0.011621220741799847
1248.645751953125 1.0755250453948975 0.14036054909229279 8.307077424486893e-15 0.01159433991525119
1248.657958984375 1.1385149955749512 0.14378495514392853 8.300280832118125e-15 0.01157576770459058
1248.6702880859375 1.04166841506958 0.1385006606578827 8.293424100410101e-15 0.011565451173256953
1248.6824951171875 0.9058390855789185 0.1306176483631134 8.286645295733225e-15 0.011562745959411782
1248.6947021484375 1.0448039770126343 0.13885489106178284 8.279876655451716e-15 0.01156730757287124
1248.70703125 1.0063780546188354 0.13635580241680145 8.273049569896846e-15 0.011578617638984772
1248.71923828125 0.8835794925689697 0.13029664754867554 8.266299564340177e-15 0.011596268864323956
1248.7314453125 0.8482212424278259 0.1278308928012848 8.259559723178874e-15 0.011620107696799052
1248.7437744140625 1.072396159172058 0.14051900804042816 8.252762283777158e-15 0.011649249036970732
1248.7559814453125 0.9590266346931458 0.13455195724964142 8.246041924373643e-15 0.011683498112519343
1248.7681884765625 0.7531312108039856 0.12290049344301224 8.239332576398441e-15 0.011722878710614126
1248.780517578125 1.1478557586669922 0.1448199599981308 8.232566477215774e-15 0.011766224278578475
1248.792724609375 1.0257047414779663 0.13844604790210724 8.225877458031307e-15 0.01181353351919259
1248.804931640625 1.0870988368988037 0.14128781855106354 8.219199450275154e-15 0.011864980212112488
1248.8172607421875 1.087612509727478 0.1419139951467514 8.212464691311535e-15 0.01191919862779649
1248.8294677734375 1.1134216785430908 0.1431565135717392 8.205807859379063e-15 0.011976355916590391
1248.8416748046875 1.0012472867965698 0.1367427110671997 8.199162038874906e-15 0.012036745801414454
1248.85400390625 1.1294397115707397 0.14456680417060852 8.19246031419623e-15 0.012098874289446927
1248.8662109375 1.0666078329086304 0.1410282999277115 8.185835669515754e-15 0.012163042289210172
1248.87841796875 0.9455450177192688 0.135029137134552 8.17922288329654e-15 0.012229648920536927
1248.8907470703125 0.9707682728767395 0.1360301971435547 8.172555886968701e-15 0.012297117839750148
1248.9029541015625 1.0831568241119385 0.14238543808460236 8.165965970639063e-15 0.012365861595085936
1248.9151611328125 0.6581684947013855 0.11740472912788391 8.159387912770686e-15 0.012436356543609138
1248.927490234375 0.9071400761604309 0.13200701773166656 8.152755644793685e-15 0.012506992850290595
1248.939697265625 1.034457802772522 0.14038583636283875 8.146201303847831e-15 0.012578261010403198
1248.951904296875 0.9212322235107422 0.1333070546388626 8.139658821363239e-15 0.01265070075938965
1248.9642333984375 1.0975332260131836 0.1431490033864975 8.13306297580297e-15 0.012722697159124764
1248.9764404296875 0.7950119972229004 0.12564794719219208 8.1265442102409e-15 0.012794802491923002
1248.9886474609375 1.2648347616195679 0.1521204113960266 8.12003815017304e-15 0.012867591071394045
1249.0009765625 0.8249769806861877 0.1283465027809143 8.11347957406245e-15 0.012939477464270292
1249.01318359375 1.0006195306777954 0.13845668733119965 8.10699807795006e-15 0.013011769534064226
1249.025390625 0.9643828272819519 0.13622531294822693 8.100529287331879e-15 0.013082910610464668
1249.0377197265625 0.8906580209732056 0.13259075582027435 8.094008827703916e-15 0.01315351504579313
1249.0499267578125 0.8781672716140747 0.13179261982440948 8.0875662951071e-15 0.013224174046653358
1249.0621337890625 0.904205322265625 0.13337785005569458 8.081135620971545e-15 0.013293396565491517
1249.074462890625 1.0188285112380981 0.14015737175941467 8.074654971892102e-15 0.013361801217759397
1249.086669921875 1.0041241645812988 0.13838772475719452 8.06825140281086e-15 0.013429984632654724
1249.098876953125 1.0199609994888306 0.1403922736644745 8.061860539223826e-15 0.013496525754944023
1249.1112060546875 0.9052867889404297 0.13358086347579956 8.055419700692904e-15 0.013562040832081871
1249.1234130859375 1.1233986616134644 0.1458752304315567 8.04905678919313e-15 0.013627113937575316
1249.1356201171875 1.0589960813522339 0.14247938990592957 8.042706583187564e-15 0.013690409137137417
1249.14794921875 1.0113356113433838 0.14011123776435852 8.036307249271058e-15 0.013752530500393401
1249.16015625 0.8210253119468689 0.12955237925052643 8.0299858423857e-15 0.013814045699143442
1249.17236328125 0.7554314732551575 0.1247701421380043 8.023677988027497e-15 0.013873704144729767
1249.1846923828125 0.8445459604263306 0.13012881577014923 8.017321005758353e-15 0.013932091894655715
1249.1968994140625 0.9122549891471863 0.13451451063156128 8.01104110348741e-15 0.013989753088085472
1249.2091064453125 0.949959933757782 0.1369839757680893 8.00477560077657e-15 0.014045525596708986
1249.221435546875 0.964382529258728 0.1379132717847824 7.998462664220683e-15 0.01409997529259929
1249.233642578125 0.8757285475730896 0.13294117152690887 7.992226807662997e-15 0.014153615981661528
1249.245849609375 1.0044498443603516 0.1404746174812317 7.986005350665414e-15 0.014205380042656339
1249.2581787109375 1.0431296825408936 0.1420765519142151 7.979736459822785e-15 0.014255802888041503
1249.2703857421875 1.133890151977539 0.14679746329784393 7.973544648978356e-15 0.014305368746904577
1249.2825927734375 0.9700042009353638 0.1383238285779953 7.967368084726978e-15 0.014353102755176195
1249.294921875 0.8638471961021423 0.13188333809375763 7.9611449336635e-15 0.014399506937944484
1249.30712890625 1.0569227933883667 0.14277014136314392 7.954998862598223e-15 0.014445038271333076
1249.3194580078125 1.0249452590942383 0.14159663021564484 7.948807051753794e-15 0.014488808269788461
1249.3316650390625 0.7930249571800232 0.12863877415657043 7.942691473874618e-15 0.014531288289439956
1249.3438720703125 0.9457746148109436 0.13724248111248016 7.93659198962144e-15 0.014572902167836242
1249.356201171875 0.843255877494812 0.13137705624103546 7.930447612622057e-15 0.014612848146470781
1249.368408203125 1.0751657485961914 0.14445334672927856 7.924379468587928e-15 0.014651564372929266
1249.380615234375 0.9107595086097717 0.13577482104301453 7.918327418179796e-15 0.014689446547882611
1249.3929443359375 1.0788954496383667 0.14510394632816315 7.912231322058406e-15 0.014725769922149549
1249.4051513671875 0.7809457778930664 0.12772250175476074 7.90621145890227e-15 0.014760942266522812
1249.4173583984375 0.7684036493301392 0.12703445553779602 7.900208536405079e-15 0.014795332912048223
1249.4296875 1.0397160053253174 0.14277949929237366 7.89416156819463e-15 0.014828286832181362
1249.44189453125 1.0170166492462158 0.14147059619426727 7.888191679982382e-15 0.014860187011345956
1249.4541015625 0.5776950120925903 0.11465298384428024 7.882237885396132e-15 0.014891368998037169
1249.4664306640625 0.9412010908126831 0.13751809298992157 7.876241739162518e-15 0.014921252380605361
1249.4786376953125 0.8625205159187317 0.13195815682411194 7.870321825894158e-15 0.014950185761004561
1249.4908447265625 0.7985367178916931 0.1292116940021515 7.864418853284743e-15 0.014978485233445875
1249.503173828125 0.7349017262458801 0.12523077428340912 7.858474376060912e-15 0.015005625908273208
1249.515380859375 0.8250702619552612 0.1306704729795456 7.852606131802334e-15 0.01503193507955365
1249.527587890625 0.8250702023506165 0.13101723790168762 7.846754828202702e-15 0.015057703862757397
1249.5399169921875 0.801922082901001 0.1298975944519043 7.840862867021601e-15 0.015082462147425917
1249.5521240234375 0.6856145262718201 0.12231878191232681 7.835047138805753e-15 0.015106509753169272
1249.5643310546875 0.7106797695159912 0.12364668399095535 7.82924835124885e-15 0.01513012239177597
1249.57666015625 0.7756408452987671 0.12773750722408295 7.823409753143426e-15 0.015152874484954561
1249.5888671875 0.7657026052474976 0.12807230651378632 7.817647388003255e-15 0.01517504565763856
1249.60107421875 0.7238600850105286 0.12495951354503632 7.811902810554976e-15 0.01519689407878387
1249.6134033203125 0.8550931811332703 0.13264520466327667 7.806119269591124e-15 0.015218032138183688
1249.6256103515625 0.8976776599884033 0.13634251058101654 7.800411961592525e-15 0.015238720400319301
1249.6378173828125 0.5960202217102051 0.1159810721874237 7.79472159425287e-15 0.015259205873360953
1249.650146484375 0.8442728519439697 0.1327870935201645 7.788993957463537e-15 0.015279125940716185
1249.662353515625 0.9498791098594666 0.13870684802532196 7.783341706606509e-15 0.015298926139094601
1249.674560546875 0.7288504242897034 0.12582597136497498 7.77770809047432e-15 0.015318257198888272
1249.6868896484375 0.927722692489624 0.13846740126609802 7.772037204892453e-15 0.01533736117005833
1249.6990966796875 0.899086594581604 0.13568228483200073 7.766441705242891e-15 0.015356470290552105
1249.7113037109375 0.9128785133361816 0.13717922568321228 7.760864840318168e-15 0.015375250031845355
1249.7236328125 0.9269149303436279 0.13818855583667755 7.755251552976714e-15 0.015393933913291798
1249.73583984375 1.0726460218429565 0.14631694555282593 7.749713651567566e-15 0.015412747347735341
1249.748046875 0.9146198630332947 0.137364462018013 7.744194384883257e-15 0.015431365625028934
1249.7603759765625 0.8400792479515076 0.13358290493488312 7.73864038984811e-15 0.015450011765668483
1249.7725830078125 0.8926776647567749 0.1366025060415268 7.733160933712322e-15 0.01546891607672204
1249.7847900390625 0.8641454577445984 0.1345473825931549 7.727701806367268e-15 0.015487745173909684
1249.797119140625 0.9945163726806641 0.14195401966571808 7.72220710363843e-15 0.015506723578198083
1249.809326171875 0.8790671229362488 0.1353422850370407 7.716787786841896e-15 0.015526085781478207
1249.821533203125 0.6808729767799377 0.12337198108434677 7.71138795180315e-15 0.015545482248175972
1249.8338623046875 0.7606537938117981 0.1282343715429306 7.705955082479461e-15 0.01556514342430977
1249.8460693359375 0.9882293343544006 0.14152581989765167 7.700595905022183e-15 0.015585302747562648
1249.8582763671875 0.976334273815155 0.14175184071063995 7.69525705635564e-15 0.015605600053872142
1249.87060546875 1.0681768655776978 0.14697957038879395 7.6898860204371e-15 0.015626263297580434
1249.8828125 1.131291151046753 0.14956443011760712 7.684589523417919e-15 0.015647537451086845
1249.89501953125 0.9490234851837158 0.13921277225017548 7.679313355189472e-15 0.01566903496332424
1249.9073486328125 1.203715205192566 0.15389232337474823 7.674004999709029e-15 0.01569099386631157
1249.9195556640625 1.084288477897644 0.1479649841785431 7.668771183127945e-15 0.01571366610959045
1249.9317626953125 0.870991051197052 0.13495351374149323 7.663557695337594e-15 0.015736632687301345
1249.944091796875 1.1380444765090942 0.15068241953849792 7.658313714361143e-15 0.015760140556457893
1249.956298828125 1.0448750257492065 0.14518693089485168 7.653143425251103e-15 0.015784457533790326
1249.9686279296875 0.944117546081543 0.1400008350610733 7.647943489987909e-15 0.01580912404436176
1249.9808349609375 0.8593369126319885 0.1344878226518631 7.642816399558178e-15 0.015834398626521824
1249.9930419921875 1.063772201538086 0.14729902148246765 7.63771048495213e-15 0.015860562998186847
1250.00537109375 0.9955735206604004 0.14287905395030975 7.632576618258821e-15 0.015887117741225348
1250.017578125 1.1730597019195557 0.1533566415309906 7.62751474936603e-15 0.01591433472853687
1250.02978515625 1.0252529382705688 0.14505480229854584 7.622475750362814e-15 0.015942510741915803
1250.0421142578125 1.1047112941741943 0.14937323331832886 7.617407952239391e-15 0.01597109945906515
1250.0543212890625 0.9439199566841125 0.14039193093776703 7.612412998949433e-15 0.01600038927674648
1250.0665283203125 0.9309893846511841 0.1398623287677765 7.60744091554905e-15 0.01603069003653407
1250.078857421875 1.294293999671936 0.1595846265554428 7.602441727094355e-15 0.016061412680492628
1250.091064453125 1.0803049802780151 0.14829811453819275 7.597514536440177e-15 0.01609285658939451
1250.103271484375 1.2293013334274292 0.15637189149856567 7.592610215675574e-15 0.016125352594876026
1250.1156005859375 1.0554392337799072 0.14723432064056396 7.587679636889607e-15 0.016158260194901287
1250.1278076171875 1.2760354280471802 0.15923912823200226 7.582821055904156e-15 0.01619189596189694
1250.1400146484375 1.2433385848999023 0.1570667326450348 7.577986191841229e-15 0.01622660677863048
1250.15234375 0.9470288157463074 0.1405087560415268 7.573125916789884e-15 0.016261701673749896
1250.16455078125 1.0155506134033203 0.14454399049282074 7.568337639539055e-15 0.016297516460074588
1250.1767578125 0.8810077905654907 0.13699999451637268 7.563572232177802e-15 0.01633441429782797
1250.1890869140625 1.049216389656067 0.14764614403247833 7.558783107894027e-15 0.01637165358397978
1250.2012939453125 1.0578582286834717 0.1467467099428177 7.55406513437782e-15 0.01640958892281159
1250.2135009765625 1.0324106216430664 0.14540335536003113 7.549371724817084e-15 0.016448596990034946
1250.225830078125 1.0486207008361816 0.1472983956336975 7.544654598333825e-15 0.0164878909026403
1250.238037109375 1.170829176902771 0.15402983129024506 7.540008622618135e-15 0.01652783954347688
1250.250244140625 1.0361098051071167 0.1464986950159073 7.535387210857915e-15 0.016568834994495782
1250.2625732421875 1.0783919095993042 0.14948803186416626 7.530743776241067e-15 0.01661004888771577
1250.2747802734375 1.0390360355377197 0.14757055044174194 7.526170645358841e-15 0.016651862698635174
1250.2869873046875 0.9683389663696289 0.14256514608860016 7.521622078432086e-15 0.016694681829314106
1250.29931640625 1.0127549171447754 0.14544621109962463 7.517053182714596e-15 0.01673763543647726
1250.3115234375 1.055411696434021 0.14816105365753174 7.512553743698781e-15 0.01678155963404235
1250.32373046875 1.0265741348266602 0.1461215615272522 7.508079715671384e-15 0.016825557540557458
1250.3360595703125 0.9347311854362488 0.14136044681072235 7.5035862058862e-15 0.01687003554352617
1250.3482666015625 0.972368061542511 0.1425737738609314 7.499162152802691e-15 0.016915416061935272
1250.3604736328125 1.1383675336837769 0.15276850759983063 7.494762663674652e-15 0.01696077307010896
1250.372802734375 1.0015310049057007 0.1455903947353363 7.490345386854721e-15 0.017006522133770692
1250.385009765625 0.8507819771766663 0.1362103819847107 7.485997566736464e-15 0.017053094248248423
1250.397216796875 0.9356756806373596 0.14084917306900024 7.481675157606626e-15 0.017099535027301896
1250.4095458984375 0.9221717119216919 0.14098648726940155 7.477334960784895e-15 0.01714627089793437
1250.4217529296875 0.811995804309845 0.1336110681295395 7.473064220664839e-15 0.017193736734583614
1250.4339599609375 0.9094131588935852 0.14020144939422607 7.4688188915332e-15 0.017240957130321376
1250.4462890625 0.8123542666435242 0.13346447050571442 7.464558315808511e-15 0.017288366415424673
1250.45849609375 0.8135972023010254 0.13434390723705292 7.460364655686655e-15 0.017336403827338764
1250.470703125 0.6919912695884705 0.1265334039926529 7.456198100619111e-15 0.01738407672788143
1250.4830322265625 0.45824119448661804 0.10847007483243942 7.452016298958516e-15 0.01743182602896536
1250.4952392578125 0.5689423680305481 0.11722921580076218 7.44790310696665e-15 0.01748008913510699
1250.5074462890625 0.5154351592063904 0.1139650046825409 7.4438153259632e-15 0.017527868146256974
1250.519775390625 0.5431159138679504 0.1163727417588234 7.439714839465542e-15 0.01757560473982721
1250.531982421875 0.4332932233810425 0.10679037123918533 7.435681268570717e-15 0.01762373420840658
1250.544189453125 0.5847980976104736 0.11924788355827332 7.431674802730204e-15 0.01767125963862358
1250.5565185546875 0.5556938052177429 0.11648976802825928 7.427654784362536e-15 0.01771861766768899
1250.5687255859375 0.7348273992538452 0.12905637919902802 7.423702528630647e-15 0.017766241309272807
1250.5810546875 0.6389666795730591 0.12310442328453064 7.419738414437497e-15 0.01781314265134187
1250.59326171875 0.7360303401947021 0.129435732960701 7.41584121584718e-15 0.017859755454747606
1250.60546875 0.8338135480880737 0.13582094013690948 7.411971122311175e-15 0.017906496262401535
1250.6177978515625 0.8334208130836487 0.13585607707500458 7.408090017346856e-15 0.017952399571565126
1250.6300048828125 0.7652958631515503 0.13100004196166992 7.40427582798537e-15 0.017997891179793557
1250.6422119140625 0.9411969184875488 0.14207357168197632 7.400488743678196e-15 0.018043376551463687
1250.654541015625 0.9567438364028931 0.1431974172592163 7.396692342008602e-15 0.018087912137707367
1250.666748046875 0.8927122354507446 0.14047197997570038 7.392962008908894e-15 0.018131915478446455
1250.678955078125 0.7664731740951538 0.13211771845817566 7.389259627896445e-15 0.018175773144927996
1250.6912841796875 1.1816620826721191 0.1564566195011139 7.385548776554524e-15 0.018218581685671625
1250.7034912109375 0.9615121483802795 0.14462360739707947 7.381903146749542e-15 0.018260736028946175
1250.7156982421875 0.963741660118103 0.1441703736782074 7.378285469031819e-15 0.01830261228466084
1250.72802734375 0.8648330569267273 0.1376011073589325 7.374661862083465e-15 0.018343343465411333
1250.740234375 0.9894407987594604 0.14615854620933533 7.371101782606155e-15 0.018383310303249766
1250.75244140625 1.0305858850479126 0.1479300707578659 7.367571349281999e-15 0.018422866473146626
1250.7647705078125 0.9488948583602905 0.1438736617565155 7.364034986727212e-15 0.0184611948759834
1250.7769775390625 0.9217453598976135 0.1422341912984848 7.360562998676417e-15 0.01849865726600924
1250.7891845703125 0.9204264283180237 0.14054979383945465 7.357119809745828e-15 0.01853558052963026
1250.801513671875 0.9906085133552551 0.14613686501979828 7.353671538617556e-15 0.018571206417368268
1250.813720703125 0.7576374411582947 0.13214519619941711 7.350287641993275e-15 0.0186058753535253
1250.825927734375 0.7578859925270081 0.13145825266838074 7.3469325444892e-15 0.018639890292384505
1250.8382568359375 0.9225536584854126 0.14199204742908478 7.343574058853337e-15 0.018672551254787124
1250.8504638671875 0.7467633485794067 0.13194334506988525 7.340279100688518e-15 0.018704175907527924
1250.8626708984375 1.0776032209396362 0.15086404979228973 7.3370146357098e-15 0.01873504359996321
1250.875 0.9797561168670654 0.14548030495643616 7.333746782599293e-15 0.0187645182675874
1250.88720703125 0.9107280969619751 0.1412428468465805 7.33054245695983e-15 0.01879289578226518
1250.8994140625 1.0236706733703613 0.14899252355098724 7.327367777473521e-15 0.018820426674607493
1250.9117431640625 1.0766055583953857 0.1510201096534729 7.324192250954265e-15 0.018846550060384857
1250.9239501953125 0.9946412444114685 0.146412655711174 7.321078557840158e-15 0.018871532424215617
1250.9361572265625 1.025091528892517 0.14915743470191956 7.317995357912152e-15 0.018895597755285373
1250.948486328125 1.0063778162002563 0.14676512777805328 7.314913005017094e-15 0.018918259970162114
1250.960693359375 1.0510623455047607 0.15019424259662628 7.311891638494238e-15 0.018939972401221965
1250.972900390625 0.9275711178779602 0.1423729658126831 7.30890161219043e-15 0.018960302214741202
1250.9852294921875 1.011346459388733 0.1478451043367386 7.30591243291957e-15 0.018979471486236833
1250.9974365234375 1.1767866611480713 0.15691496431827545 7.302984240020911e-15 0.018997660215089425
1251.0096435546875 1.1678121089935303 0.15722741186618805 7.300088234374249e-15 0.019014517569864404
1251.02197265625 1.1669683456420898 0.1564231514930725 7.297193922793481e-15 0.019030241721617987
1251.0341796875 1.3477312326431274 0.16609524190425873 7.294360597584915e-15 0.019044988261567312
1251.04638671875 0.7485456466674805 0.13214024901390076 7.291558612595398e-15 0.01905848610960484
1251.0587158203125 0.9868688583374023 0.14736078679561615 7.288760862770617e-15 0.01907090962673803
1251.0709228515625 1.1549919843673706 0.15664999186992645 7.286023252285091e-15 0.019082397842483747
1251.0831298828125 0.7886350154876709 0.13453607261180878 7.283316982018614e-15 0.01909275313881748
1251.095458984375 1.2238103151321411 0.15923094749450684 7.280616640982767e-15 0.019102133664954068
1251.107666015625 1.001556396484375 0.1473940908908844 7.277974745220281e-15 0.01911066261072431
1251.119873046875 0.9039244651794434 0.14226087927818298 7.275365883742738e-15 0.019118217949285782
1251.1322021484375 0.8753676414489746 0.14015454053878784 7.272762951495825e-15 0.01912494000350668
1251.1444091796875 0.8339422941207886 0.13756589591503143 7.27021931155522e-15 0.01913094248435473
1251.1566162109375 1.0599852800369263 0.15117661654949188 7.267707858866611e-15 0.019136172391967052
1251.1689453125 1.1561222076416016 0.1564999669790268 7.265204029474528e-15 0.019140764476954078
1251.18115234375 1.1439242362976074 0.15587013959884644 7.262758645355805e-15 0.019144827055517115
1251.193359375 1.0456407070159912 0.1506548672914505 7.260346295522024e-15 0.01914836861564932
1251.2056884765625 0.9902613759040833 0.14763367176055908 7.257943263050664e-15 0.019151517712911598
1251.2178955078125 1.115891456604004 0.15442626178264618 7.25559698178677e-15 0.01915439765239796
1251.230224609375 0.9364556074142456 0.144913911819458 7.25326171195119e-15 0.019157059321164283
1251.242431640625 0.9616860151290894 0.1452629119157791 7.250982346290128e-15 0.019159638475433203
1251.254638671875 0.7233949899673462 0.13055697083473206 7.248737708979904e-15 0.01916228362911324
1251.2669677734375 0.9921569228172302 0.14758361876010895 7.246504083097995e-15 0.019165066943087596
1251.2791748046875 1.060878038406372 0.15151119232177734 7.244326361390604e-15 0.019168153677228524
1251.2913818359375 0.9085128307342529 0.14283089339733124 7.242182521001103e-15 0.019171718225843282
1251.3037109375 0.9646837711334229 0.1462784707546234 7.240052233138759e-15 0.019175848465717495
1251.31591796875 1.0047246217727661 0.14789694547653198 7.237977002417986e-15 0.019180734996637003
1251.328125 0.9107207655906677 0.14320215582847595 7.235935653015103e-15 0.019186609443177252
1251.3404541015625 1.1457197666168213 0.15586470067501068 7.23390955020527e-15 0.01919353681121017
1251.3526611328125 0.825218677520752 0.13728223741054535 7.231937657504062e-15 0.01920175895795044
1251.3648681640625 0.9779325127601624 0.14624761044979095 7.230000493153692e-15 0.0192115786604685
1251.377197265625 0.8401108384132385 0.1387329250574112 7.228079422429319e-15 0.019223006932654003
1251.389404296875 1.0648102760314941 0.15172189474105835 7.226211714780623e-15 0.01923635175651988
1251.401611328125 0.8690378665924072 0.14000482857227325 7.224379582515712e-15 0.019252007424517718
1251.4139404296875 1.0524348020553589 0.15140214562416077 7.222564390909746e-15 0.01926990054928712
1251.4261474609375 1.2628036737442017 0.16283677518367767 7.220802562379457e-15 0.01929042183696088
1251.4383544921875 1.0935955047607422 0.1536831259727478 7.219075462200006e-15 0.019314074620795662
1251.45068359375 0.7694271802902222 0.1342310905456543 7.217367843778341e-15 0.019340658189912895
1251.462890625 0.8833391070365906 0.1417841911315918 7.215712741399406e-15 0.01937066837276764
1251.47509765625 0.8694745302200317 0.14023348689079285 7.214093214404256e-15 0.019404742981414896
1251.4874267578125 0.9675266742706299 0.14609993994235992 7.212493169166893e-15 0.019442502016523294
1251.4996337890625 1.1096320152282715 0.15448282659053802 7.210945639972259e-15 0.01948456599880914
1251.5118408203125 1.0117676258087158 0.1486072540283203 7.20943368616141e-15 0.019531733624474402
1251.524169921875 1.05620276927948 0.1521318256855011 7.207942908174243e-15 0.019583391722668077
1251.536376953125 0.8565014004707336 0.13942579925060272 7.206503799196858e-15 0.019640303490480036
1251.548583984375 0.9750556349754333 0.178683340549469 7.205101112636204e-15 0.01970345721650929
1251.5609130859375 0.9124783873558044 0.17388421297073364 7.203721295965127e-15 0.019771939681650693
1251.5731201171875 1.078602910041809 0.18613529205322266 7.202391454237938e-15 0.01984746774408426
1251.5853271484375 1.0166996717453003 0.181399405002594 7.201098881960428e-15 0.019928894082073854
1251.59765625 0.8734174370765686 0.17138753831386566 7.199830026605441e-15 0.020017281379225725
1251.60986328125 0.8314318060874939 0.1669536679983139 7.198611146194342e-15 0.02011397603664512
1251.6220703125 0.7289398312568665 0.15973319113254547 7.197429535232922e-15 0.02021742053265296
1251.6343994140625 1.0129584074020386 0.1798224002122879 7.19627333525992e-15 0.020328882428341667
1251.6466064453125 0.8920916318893433 0.17201930284500122 7.195166263197859e-15 0.020449960592221254
1251.6588134765625 0.7522681355476379 0.16236351430416107 7.194096460585477e-15 0.02057860623057896
1251.671142578125 0.7694571614265442 0.16236574947834015 7.193053763027406e-15 0.020716326010070747
1251.683349609375 1.012367844581604 0.17984065413475037 7.19205934634733e-15 0.020864981316249108
1251.695556640625 0.7734280228614807 0.16416774690151215 7.19110304614988e-15 0.021021971718434715
1251.7078857421875 0.9139259457588196 0.17412322759628296 7.190174698039689e-15 0.02118905148856007
1251.7200927734375 0.892822265625 0.17171844840049744 7.189294630807492e-15 0.0213683769425545
1251.7322998046875 1.0993469953536987 0.1871829777956009 7.188451833024974e-15 0.021556719890741614
1251.74462890625 0.8295964598655701 0.16645869612693787 7.187639528428557e-15 0.021756106304107105
1251.7568359375 0.998504638671875 0.18050552904605865 7.186873810644239e-15 0.02196900793836605
1251.76904296875 0.7937440872192383 0.1654188632965088 7.186146209342548e-15 0.022191495997540306
1251.7813720703125 1.014115333557129 0.1796153038740158 7.185450795292852e-15 0.02242590075485775
1251.7935791015625 0.8693531155586243 0.16863270103931427 7.184801121022308e-15 0.022675017117267417
1251.8057861328125 0.9113826155662537 0.1725306659936905 7.18418956323439e-15 0.022934173359857746
1251.818115234375 0.9116447567939758 0.17257030308246613 7.183611886764363e-15 0.023206004855899208
1251.830322265625 1.07384192943573 0.1862667351961136 7.18307910304054e-15 0.023493663229549266
1251.842529296875 1.436607837677002 0.20982392132282257 7.18258528283229e-15 0.023791676388451526
1251.8548583984375 0.9355030059814453 0.17970527708530426 7.182126190974879e-15 0.024103016837107895
1251.8670654296875 0.6985223889350891 0.1571388840675354 7.181711144830724e-15 0.024431196625781304
1251.87939453125 0.8914876580238342 0.17629708349704742 7.181331674070354e-15 0.02476990192161272
1251.8916015625 1.0002341270446777 0.18409010767936707 7.180996249023242e-15 0.02512247629008547
1251.90380859375 0.9500604867935181 0.18215882778167725 7.180699787491703e-15 0.025492812074684634
1251.9161376953125 1.0205059051513672 0.18505288660526276 7.18044144244279e-15 0.02587370359439838
1251.9283447265625 0.9224545359611511 0.17916226387023926 7.18022544904124e-15 0.02626888920801107
1251.9405517578125 1.2014634609222412 0.19884975254535675 7.180049266188211e-15 0.02668265481363606
1251.952880859375 1.0297678709030151 0.18461906909942627 7.179912893883703e-15 0.0271069036619068
1251.965087890625 0.9933938980102539 0.14835482835769653 7.179817179160664e-15 0.02754577471509247
1251.977294921875 0.9027915596961975 0.14382994174957275 7.179762122019092e-15 0.028003941205413455
1251.9896240234375 0.8763066530227661 0.1426522433757782 7.179747722458989e-15 0.028472434786726897
1252.0018310546875 1.0995091199874878 0.15487176179885864 7.179774827513301e-15 0.028955763775706984
1252.0140380859375 0.9647499918937683 0.14837513864040375 7.179841743116134e-15 0.0294590566601955
1252.0263671875 0.8924350142478943 0.14395174384117126 7.17995101036633e-15 0.029972402496547583
1252.03857421875 0.7499873638153076 0.13483718037605286 7.180100088165046e-15 0.03050075703141292
1252.05078125 0.8641688823699951 0.1418820023536682 7.180290670578179e-15 0.031049674663589877
1252.0631103515625 1.1068772077560425 0.15756674110889435 7.180524451671621e-15 0.031608311512583094
1252.0753173828125 1.0197004079818726 0.15257354080677032 7.180798043313584e-15 0.03218207092063496
1252.0875244140625 0.9751118421554565 0.14861981570720673 7.181112292537015e-15 0.032776936252695774
1252.099853515625 1.1537201404571533 0.1603943556547165 7.181472281539598e-15 0.03338115251123317
1252.112060546875 1.0538926124572754 0.15350165963172913 7.181870387024808e-15 0.03400055443181932
1252.124267578125 0.8998615145683289 0.14598369598388672 7.182309997124433e-15 0.03464157173593031
1252.1365966796875 0.870147705078125 0.1429988443851471 7.182796194036157e-15 0.035291542847451174
1252.1488037109375 0.9785930514335632 0.14891624450683594 7.183320507430507e-15 0.03595674773469318
1252.1610107421875 1.0708121061325073 0.15478549897670746 7.183886325439273e-15 0.036644047473469714
1252.17333984375 1.222558617591858 0.1658056676387787 7.18450127135898e-15 0.0373398889225123
1252.185546875 1.160344123840332 0.16019806265830994 7.185151792662471e-15 0.03805097680510587
1252.19775390625 0.8517428040504456 0.14267927408218384 7.185845512646272e-15 0.038784668119233486
1252.2100830078125 1.0064582824707031 0.15063533186912537 7.186588360541014e-15 0.03952642848113927
1252.2222900390625 1.0173147916793823 0.15113621950149536 7.187367630852488e-15 0.04029112041349979
1252.2344970703125 1.1145591735839844 0.15742866694927216 7.188189252811325e-15 0.04106360367723401
1252.246826171875 1.009273886680603 0.1507403403520584 7.189062543779944e-15 0.041851354365967826
1252.259033203125 0.7847386002540588 0.13600604236125946 7.189970563099401e-15 0.04266251855458482
1252.271240234375 0.9578235149383545 0.14405687153339386 7.190921781099167e-15 0.04348102258383822
1252.2835693359375 0.8372423648834229 0.1390070766210556 7.191926362174611e-15 0.04431483644638474
1252.2957763671875 1.1231894493103027 0.15603221952915192 7.192963977534998e-15 0.04517253092959089
1252.3079833984375 0.9566766619682312 0.14566358923912048 7.194045638608641e-15 0.04603714286373284
1252.3203125 1.0988969802856445 0.15430276095867157 7.195182356823857e-15 0.04691709479547054
1252.33251953125 0.9279345870018005 0.14404505491256714 7.196351262291067e-15 0.04782141125089459
1252.3447265625 0.9382593631744385 0.14404799044132233 7.197564213471536e-15 0.04873221483250478
1252.3570556640625 0.7857083082199097 0.13530366122722626 7.19883391585947e-15 0.049658392537161644
1252.3692626953125 1.0647776126861572 0.15107664465904236 7.200134958466452e-15 0.05060945245882284
1252.3814697265625 0.9832533597946167 0.1468116194009781 7.20148089381964e-15 0.05156657231035397
1252.393798828125 0.8602701425552368 0.1405281275510788 7.20288442741324e-15 0.052539109426390174
1252.406005859375 1.0957541465759277 0.15315386652946472 7.204319301225889e-15 0.053537042414165514
1252.418212890625 0.8685314655303955 0.13938184082508087 7.205798220751795e-15 0.05454062456540913
1252.4305419921875 0.9969993829727173 0.14822326600551605 7.207337279616956e-15 0.055559683597499736
1252.4427490234375 0.9258272647857666 0.14358723163604736 7.20890598463527e-15 0.05660465205773274
1252.4549560546875 0.8806880116462708 0.14053919911384583 7.21051958239979e-15 0.05765487984637115
1252.46728515625 0.8683884143829346 0.14015555381774902 7.212195013569459e-15 0.05872066060853759
1252.4794921875 0.8409855365753174 0.13893160223960876 7.213899243859335e-15 0.059812882962512075
1252.49169921875 0.9456726908683777 0.14495690166950226 7.215648366895415e-15 0.06090996398643704
1252.5040283203125 0.8417895436286926 0.13907119631767273 7.217461017402539e-15 0.06202266534687578
1252.5162353515625 0.9970681667327881 0.15013334155082703 7.219301619996923e-15 0.06316238074487092
1252.528564453125 1.036295771598816 0.15305981040000916 7.221206597095298e-15 0.06430654859694733
1252.540771484375 1.0045921802520752 0.15242627263069153 7.223138679247985e-15 0.06546643239177584
1252.552978515625 0.7593950033187866 0.13789963722229004 7.225116501179824e-15 0.06665389243229823
1252.5653076171875 0.9964476227760315 0.1541481614112854 7.227160391681548e-15 0.0678454519010738
1252.5775146484375 0.7786816954612732 0.13937488198280334 7.229230540204638e-15 0.06905277935120747
1252.5897216796875 0.854922890663147 0.14455100893974304 7.231346428506879e-15 0.07028827482477079
1252.60205078125 1.0087428092956543 0.15383142232894897 7.233530926477848e-15 0.07152747516661696
1252.6142578125 1.108263611793518 0.1595906764268875 7.235739988404287e-15 0.07278257348446533
1252.62646484375 0.9912614226341248 0.1522049903869629 7.237995637142825e-15 0.07406640947736229
1252.6387939453125 0.9024794101715088 0.1475948989391327 7.240320742583038e-15 0.07535356219184648
