wave flux_norm flux_err cont_fit cont_err
1257.007080078125 0.8855727314949036 0.14013054966926575 6.124657648854141e-15 0.042921218452081196
1257.01708984375 0.8348230123519897 0.13690726459026337 6.125998925526118e-15 0.04204611871863268
1257.0269775390625 0.9350050091743469 0.1434270143508911 6.12729869758368e-15 0.041189337020722784
1257.0369873046875 1.201645851135254 0.15727777779102325 6.128590422828243e-15 0.04036095069320487
1257.0469970703125 1.1779857873916626 0.1556786149740219 6.1298571606008614e-15 0.03954056024855629
1257.0570068359375 1.0909522771835327 0.1507219672203064 6.13109933441801e-15 0.038738480436759266
1257.06689453125 0.8751507997512817 0.13799120485782623 6.132302544719585e-15 0.03795468654671888
1257.076904296875 0.8201113939285278 0.13654647767543793 6.1334964376587395e-15 0.03719848880849028
1257.0869140625 1.0744574069976807 0.15078742802143097 6.134666190158898e-15 0.0364512069042116
1257.0968017578125 0.8467764854431152 0.13771598041057587 6.135798249692903e-15 0.03572230034437472
1257.1068115234375 0.9228096008300781 0.142023965716362 6.136920568348015e-15 0.035020399458187745
1257.1168212890625 0.8326864242553711 0.13710743188858032 6.1380195935970775e-15 0.03432820154476512
1257.126708984375 1.0866972208023071 0.15075652301311493 6.139081349396461e-15 0.03365450543117961
1257.13671875 0.9969194531440735 0.1465684175491333 6.140133364316951e-15 0.03300727146059381
1257.146728515625 0.8833940625190735 0.13995245099067688 6.141162085831391e-15 0.03237057590460584
1257.1566162109375 0.9586085677146912 0.14442488551139832 6.14215565547852e-15 0.03175257161751874
1257.1666259765625 0.9195931553840637 0.1419907510280609 6.143138637213809e-15 0.0311604874011269
1257.1766357421875 1.0475258827209473 0.14856591820716858 6.144098749059522e-15 0.030579805239693864
1257.1865234375 1.0316641330718994 0.14790977537631989 6.1450245560708706e-15 0.030017992037758942
1257.196533203125 0.9969202876091003 0.1459018588066101 6.145939775170379e-15 0.02948158817752826
1257.20654296875 1.1452043056488037 0.15449146926403046 6.146832547896785e-15 0.02895742141082406
1257.2164306640625 0.8817394971847534 0.13945312798023224 6.147692286338248e-15 0.02845229679119834
1257.2264404296875 0.9825237393379211 0.14525897800922394 6.148541013351397e-15 0.027972044220994353
1257.2364501953125 1.0466901063919067 0.1485656350851059 6.149367293991443e-15 0.027504836259903038
1257.2464599609375 1.032469391822815 0.14800766110420227 6.150171975291335e-15 0.027056754399285888
1257.25634765625 0.9931604266166687 0.14631319046020508 6.150945739888652e-15 0.026627786053494074
1257.266357421875 0.9715522527694702 0.14427737891674042 6.151707222508233e-15 0.026222836459265812
1257.2763671875 1.2508453130722046 0.1586565226316452 6.152447529304134e-15 0.025831877128210008
1257.2862548828125 1.2362273931503296 0.1582067906856537 6.153157766430406e-15 0.025459964324151096
1257.2962646484375 0.9839071035385132 0.14490322768688202 6.153855721578944e-15 0.025111271839616315
1257.3062744140625 1.0063215494155884 0.14680145680904388 6.1545325009038e-15 0.024777093466526262
1257.316162109375 1.1310352087020874 0.1535164713859558 6.155180904624923e-15 0.024461749527810318
1257.326171875 1.0271238088607788 0.14831162989139557 6.155816602851838e-15 0.024168605792826446
1257.336181640625 0.878963828086853 0.13937684893608093 6.156431548771544e-15 0.023890306804623066
1257.3460693359375 0.8806305527687073 0.1394306719303131 6.157018966120465e-15 0.023630382099558023
1257.3560791015625 0.889774739742279 0.1403432935476303 6.157593677975177e-15 0.023391466273951052
1257.3660888671875 0.9058853387832642 0.14037401974201202 6.158148061039155e-15 0.023167432357844436
1257.3759765625 1.0713870525360107 0.14964275062084198 6.158676186081768e-15 0.02296109409071302
1257.385986328125 0.8823723196983337 0.13867433369159698 6.159190758597225e-15 0.022774346266491618
1257.39599609375 1.0446778535842896 0.14828996360301971 6.159685849354895e-15 0.02260226310075379
1257.4058837890625 1.0963832139968872 0.1508610099554062 6.160155529124148e-15 0.02244692112936006
1257.4158935546875 0.9943403005599976 0.14557108283042908 6.160611656366244e-15 0.02230953401123568
1257.4259033203125 0.8174991607666016 0.135062113404274 6.161048301850554e-15 0.022186319550570172
1257.4359130859375 1.144626259803772 0.15385672450065613 6.16146588909355e-15 0.022078657198994094
1257.44580078125 0.8809385299682617 0.13872596621513367 6.1618597594140234e-15 0.021986101424923656
1257.455810546875 0.9163374900817871 0.1417468935251236 6.1622400772073406e-15 0.021909051507030083
1257.4658203125 0.9770585894584656 0.1454980969429016 6.162600913242871e-15 0.02184513507152958
1257.4757080078125 0.7666345238685608 0.13224025070667267 6.162939726421773e-15 0.02179489538442941
1257.4857177734375 1.0312224626541138 0.14770659804344177 6.1632637165240974e-15 0.021758198768365603
1257.4957275390625 0.9677062630653381 0.14427413046360016 6.16356991893453e-15 0.021733624307538103
1257.505615234375 1.1066919565200806 0.1516219824552536 6.163854098488334e-15 0.02172118541304057
1257.515625 0.9938010573387146 0.14556992053985596 6.164124301998508e-15 0.021720289602534658
1257.525634765625 0.8787378668785095 0.13889124989509583 6.164376294300316e-15 0.02173038790361913
1257.5355224609375 1.1836988925933838 0.15504518151283264 6.164607534294916e-15 0.021751029148900765
1257.5455322265625 1.1710067987442017 0.15447759628295898 6.1648243747294135e-15 0.021781248142248893
1257.5555419921875 0.9045771360397339 0.14041079580783844 6.165023850988492e-15 0.021821272339889945
1257.5654296875 0.9158608317375183 0.1415139138698578 6.1652038454897834e-15 0.021870262445472067
1257.575439453125 0.9924952983856201 0.14568844437599182 6.165368593398024e-15 0.021926956967934657
1257.58544921875 1.0474753379821777 0.14746007323265076 6.165516824163794e-15 0.021992258701820602
1257.5953369140625 0.9265702366828918 0.1422950029373169 6.16564599668825e-15 0.022065019824084525
1257.6053466796875 0.8790835738182068 0.13927221298217773 6.165760769652603e-15 0.0221437505028222
1257.6153564453125 1.259374737739563 0.15901650488376617 6.165858178441537e-15 0.022229927180159682
1257.625244140625 0.9645490646362305 0.14454084634780884 6.1659386465715265e-15 0.022322167543027006
1257.63525390625 0.7389504313468933 0.13093966245651245 6.166003868108465e-15 0.02242003176056612
1257.645263671875 0.980419933795929 0.1448695808649063 6.166052572502932e-15 0.022521802955590458
1257.6552734375 0.9433239102363586 0.14238081872463226 6.166085606787875e-15 0.02262959553734136
1257.6651611328125 0.8297553658485413 0.13598237931728363 6.1661021239303466e-15 0.02274178383048063
1257.6751708984375 0.9802937507629395 0.14480291306972504 6.1661033944797675e-15 0.022856551937365074
1257.6851806640625 0.9414094090461731 0.14249473810195923 6.166088994919664e-15 0.022976378812945862
1257.695068359375 0.8152014017105103 0.13541695475578308 6.16605934876651e-15 0.02309952260803157
1257.705078125 0.9278081059455872 0.14237581193447113 6.166014456020306e-15 0.023224099822499525
1257.715087890625 0.9803086519241333 0.14495228230953217 6.165953893164577e-15 0.02335287934616203
1257.7249755859375 0.9182847738265991 0.14068110287189484 6.165879354265219e-15 0.02348403161295729
1257.7349853515625 1.0973690748214722 0.15021607279777527 6.165789145256336e-15 0.023615644112061473
1257.7449951171875 0.7784385681152344 0.13300320506095886 6.1656841131708766e-15 0.02375069778887428
1257.7548828125 0.9692986011505127 0.14392238855361938 6.165565952074735e-15 0.023887331311549978
1257.764892578125 0.8391863703727722 0.13735011219978333 6.165431697352595e-15 0.024023607526342514
1257.77490234375 0.7791282534599304 0.1328125298023224 6.165283043070352e-15 0.024162669343744003
1257.7847900390625 1.081743836402893 0.15047618746757507 6.165122530326847e-15 0.024302635602778167
1257.7947998046875 0.86777263879776 0.1384662240743637 6.164945500440871e-15 0.024441575214729633
1257.8048095703125 0.9292164444923401 0.14225658774375916 6.164754918027739e-15 0.024582734167045872
1257.814697265625 0.9930281043052673 0.14601561427116394 6.1645529006698185e-15 0.024724230609585694
1257.82470703125 0.8825900554656982 0.1387951523065567 6.1643347896859005e-15 0.024864163408352173
1257.834716796875 1.1325035095214844 0.1528106927871704 6.1641035496913e-15 0.025005836986377608
1257.8447265625 1.197312355041504 0.15642143785953522 6.16385833365307e-15 0.02514738566937883
1257.8546142578125 0.8681683540344238 0.13820327818393707 6.1636033767359464e-15 0.025288668641926682
1257.8646240234375 0.981143593788147 0.14520122110843658 6.163331902676351e-15 0.025427846661339626
1257.8746337890625 1.044942021369934 0.1485089212656021 6.1630477231225476e-15 0.025568240308790003
1257.884521484375 1.046474814414978 0.1477992832660675 6.1627546497227976e-15 0.025708021167007013
1257.89453125 1.1451743841171265 0.15357522666454315 6.1624446356641025e-15 0.025845403217681313
1257.904541015625 1.0961203575134277 0.1511806845664978 6.162122763144146e-15 0.0259836865514835
1257.9144287109375 1.1473684310913086 0.15357252955436707 6.161791996778243e-15 0.02612109141309183
1257.9244384765625 1.0199466943740845 0.14701320230960846 6.161445560302816e-15 0.026255880937202422
1257.9344482421875 0.9811491370201111 0.14461301267147064 6.16108641833318e-15 0.02639131133582656
1257.9443359375 0.8676407337188721 0.1386086344718933 6.160720076583493e-15 0.026525656934535576
1257.954345703125 1.0315682888031006 0.1480993926525116 6.1603376412078074e-15 0.026657240102668688
1257.96435546875 1.2845278978347778 0.16087374091148376 6.159942923854387e-15 0.026789260811506996
1257.9742431640625 0.8923595547676086 0.13991639018058777 6.159542277270336e-15 0.026920049192226167
1257.9842529296875 0.9570263028144836 0.143355131149292 6.159125113543813e-15 0.02704798961852512
1257.9942626953125 1.0949257612228394 0.15102757513523102 6.158696514872502e-15 0.02717620934745445
1258.004150390625 1.1715307235717773 0.154914990067482 6.158261986970561e-15 0.027303103129127693
1258.01416015625 0.9153042435646057 0.14195109903812408 6.157811788959095e-15 0.0274271098933251
1258.024169921875 0.9563064575195312 0.14371003210544586 6.1573501560028415e-15 0.027551282355090093
1258.0341796875 0.8816921710968018 0.13897939026355743 6.156877935134747e-15 0.02767406710989543
1258.0440673828125 0.8953316807746887 0.13946348428726196 6.156401055585443e-15 0.027795449178003022
1258.0540771484375 1.2341303825378418 0.15857158601284027 6.155908082410141e-15 0.027913978525948423
1258.0640869140625 1.0303006172180176 0.148222878575325 6.1554045213229984e-15 0.028032573780323436
1258.073974609375 0.8920580148696899 0.14016875624656677 6.154897148587593e-15 0.028149763858985693
1258.083984375 1.208686351776123 0.1570373922586441 6.15437368222619e-15 0.02826416088675487
1258.093994140625 0.7809023857116699 0.13330881297588348 6.153840474985893e-15 0.028378587257310465
1258.1038818359375 1.0589090585708618 0.14946924149990082 6.153303879613808e-15 0.02849164317172881
1258.1138916015625 0.8580661416053772 0.13758938014507294 6.152751190615724e-15 0.02860198584888426
1258.1239013671875 1.0722098350524902 0.14999908208847046 6.152189184255221e-15 0.028712360913730556
1258.1337890625 1.111510992050171 0.15186284482479095 6.151624636795876e-15 0.0288214222524443
1258.143798828125 0.9962865114212036 0.14582325518131256 6.151043995710533e-15 0.02892788746334901
1258.15380859375 0.9214085936546326 0.14164243638515472 6.150454460779244e-15 0.029034412328215173
1258.1636962890625 0.9850450158119202 0.1452861875295639 6.149863655298534e-15 0.029139705761142404
1258.1737060546875 0.9463594555854797 0.14313510060310364 6.149256332675353e-15 0.02924253720398782
1258.1837158203125 1.0389233827590942 0.14722663164138794 6.148640539722699e-15 0.02934548493487313
1258.193603515625 1.0885577201843262 0.15033328533172607 6.148023899737098e-15 0.02944730815589597
1258.20361328125 1.0857433080673218 0.1510804146528244 6.147391589641973e-15 0.029546824235191362
1258.213623046875 0.8819676041603088 0.13947774469852448 6.146750809217375e-15 0.02964653433039926
1258.2236328125 0.9872397780418396 0.1461082249879837 6.146101981979778e-15 0.029745245741711102
1258.2335205078125 1.09530770778656 0.1522524058818817 6.145453578258655e-15 0.029843009500760635
1258.2435302734375 1.1332111358642578 0.15454550087451935 6.144789080911534e-15 0.02993869979551403
1258.2535400390625 0.7849748134613037 0.13447459042072296 6.1441169602678876e-15 0.030034724822560303
1258.263427734375 0.8567891120910645 0.1377469152212143 6.143446110173662e-15 0.03012995731746777
1258.2734375 0.9933031797409058 0.14692406356334686 6.142759166453439e-15 0.03022329755761534
1258.283447265625 0.9936360716819763 0.1452016532421112 6.142065022953164e-15 0.03031711172788762
1258.2933349609375 0.9540844559669495 0.14384835958480835 6.141372573518784e-15 0.03041029732160813
1258.3033447265625 1.1684409379959106 0.1564723402261734 6.140664877491353e-15 0.03050178798413311
1258.3133544921875 0.8207393288612366 0.13748818635940552 6.13994998168387e-15 0.03059390953880754
1258.3232421875 0.9728520512580872 0.14650869369506836 6.139237626975229e-15 0.03068558662534791
1258.333251953125 1.0385258197784424 0.1496732532978058 6.138509602157064e-15 0.030775775254041172
1258.34326171875 0.9357437491416931 0.1443861722946167 6.137775648108268e-15 0.03086676615406557
1258.3531494140625 0.8006299138069153 0.13571405410766602 6.137044235158314e-15 0.030957507586303484
1258.3631591796875 0.9955011606216431 0.14772619307041168 6.136297999131783e-15 0.031046971417935037
1258.3731689453125 0.9330863952636719 0.14321498572826385 6.135545410358148e-15 0.03113743072175275
1258.383056640625 0.8008854985237122 0.134168803691864 6.134796633232775e-15 0.031227852064462776
1258.39306640625 0.923007071018219 0.14338098466396332 6.134033033030825e-15 0.0313172067042441
1258.403076171875 0.9638912677764893 0.14427778124809265 6.133263503598245e-15 0.03140776910415445
1258.4129638671875 0.6957018375396729 0.12846221029758453 6.1324982093304e-15 0.03149851191992299
1258.4229736328125 0.7036058902740479 0.12915349006652832 6.131718515502453e-15 0.03158950895854242
1258.4329833984375 0.8254137635231018 0.13647161424160004 6.130933315960348e-15 0.03167972232312398
1258.4429931640625 0.697536051273346 0.12960930168628693 6.1301434577370334e-15 0.031771454366885596
1258.452880859375 0.673825740814209 0.126565620303154 6.129358258194929e-15 0.031863670790021247
1258.462890625 0.5706090927124023 0.11935881525278091 6.128559082609194e-15 0.03195530915909734
1258.472900390625 0.6553789973258972 0.12697649002075195 6.12775524834225e-15 0.03204871711154375
1258.4827880859375 0.6762775778770447 0.12627507746219635 6.126956496272989e-15 0.03214284229662903
1258.4927978515625 0.4651031196117401 0.11169762909412384 6.126144191676572e-15 0.03223660076696742
1258.5028076171875 0.48153379559516907 0.11352475732564926 6.1253272283989454e-15 0.03233238621683466
1258.5126953125 0.5309634804725647 0.11605675518512726 6.124516617868423e-15 0.03242912744946377
1258.522705078125 0.7201108336448669 0.1302858144044876 6.123692454810745e-15 0.03252570530418867
1258.53271484375 0.7290453314781189 0.13196007907390594 6.12286405658833e-15 0.032624580502137616
1258.5426025390625 0.8253989219665527 0.13646885752677917 6.122042434629493e-15 0.03272465001578906
1258.5526123046875 0.631262481212616 0.123359814286232 6.121207683659974e-15 0.03282475274797594
1258.5626220703125 0.8306871652603149 0.13802233338356018 6.1203691210421924e-15 0.03292743496378737
1258.572509765625 0.9876813888549805 0.14602743089199066 6.119537758204462e-15 0.03303155039569886
1258.58251953125 0.9203506708145142 0.14316602051258087 6.11869326635605e-15 0.03313587858694016
1258.592529296875 1.1012823581695557 0.15291301906108856 6.1178462334087955e-15 0.033243079133816814
1258.6024169921875 1.1084381341934204 0.1530224084854126 6.117006400241593e-15 0.03335194568610648
1258.6124267578125 1.0972775220870972 0.15231800079345703 6.116153861580181e-15 0.033461201142493686
1258.6224365234375 0.9956236481666565 0.14722169935703278 6.115298781819928e-15 0.03357362012079194
1258.6324462890625 1.1350280046463013 0.15448573231697083 6.114441584477307e-15 0.0336879350567049
1258.642333984375 1.001252293586731 0.1473628431558609 6.113592857464158e-15 0.033804229755094
1258.65234375 0.9504382610321045 0.14417971670627594 6.1127314249568e-15 0.03392112111388372
1258.662353515625 0.951103150844574 0.14394572377204895 6.111867874867075e-15 0.03404156253927559
1258.6722412109375 0.8740329742431641 0.13979744911193848 6.111013642139769e-15 0.03416420450650206
1258.6822509765625 0.98957759141922 0.14638786017894745 6.110146703918254e-15 0.03428757617266045
1258.6922607421875 1.1413252353668213 0.1545802652835846 6.109278918663792e-15 0.03441479703807465
1258.7021484375 0.9895421266555786 0.14625567197799683 6.108420027255276e-15 0.034544428196088134
1258.712158203125 1.0008939504623413 0.14745938777923584 6.107549700901972e-15 0.0346749065151066
1258.72216796875 0.9666646718978882 0.14432628452777863 6.1066781039992475e-15 0.034809523058883206
1258.7320556640625 1.039048433303833 0.14926226437091827 6.105816247975416e-15 0.034946747749982056
1258.7420654296875 0.862127423286438 0.1392318606376648 6.104942957006797e-15 0.03508491792335134
1258.7520751953125 0.9665305018424988 0.14444921910762787 6.104069242521704e-15 0.03522751071845765
1258.761962890625 1.0785073041915894 0.1516907811164856 6.1032056924319785e-15 0.03537289329908879
1258.77197265625 0.9016553163528442 0.141319140791893 6.1023311309139384e-15 0.035519298108962816
1258.781982421875 0.9753363728523254 0.14626266062259674 6.101456569395898e-15 0.035670397776397154
1258.7918701171875 1.106768012046814 0.15242628753185272 6.100592595789699e-15 0.03582445128288457
1258.8018798828125 0.9422304630279541 0.14327910542488098 6.099718034271659e-15 0.03597958545077385
1258.8118896484375 0.9804548025131226 0.1452978402376175 6.098843472753619e-15 0.03613966913664391
1258.8218994140625 1.0824416875839233 0.1510302573442459 6.0979693347520524e-15 0.03630286146054498
1258.831787109375 1.0390446186065674 0.14943304657936096 6.097106631695274e-15 0.036469204192991475
1258.841796875 0.9904194474220276 0.14699310064315796 6.096233764243128e-15 0.03663665117800154
1258.851806640625 1.0446696281433105 0.14918960630893707 6.09536174382393e-15 0.03680938125632006
1258.8616943359375 1.2766034603118896 0.1607334017753601 6.09450115834952e-15 0.03698538065950141
1258.8717041015625 0.9787889719009399 0.146055668592453 6.0936312555126895e-15 0.03716247903136317
1258.8817138671875 0.9526996612548828 0.1448151022195816 6.09276262322528e-15 0.03734508519046477
1258.8916015625 1.0574220418930054 0.14990372955799103 6.091905002366185e-15 0.037531057645653856
1258.901611328125 1.1195359230041504 0.1536659449338913 6.091039334694091e-15 0.03771809472745724
1258.91162109375 0.9153950214385986 0.14231131970882416 6.090174937571418e-15 0.03791084551162952
1258.9215087890625 0.9429967403411865 0.14366169273853302 6.0893228224264805e-15 0.03810703123722659
1258.9315185546875 0.9294024705886841 0.14325019717216492 6.08846223695207e-15 0.038304234034225955
1258.9415283203125 0.8801283836364746 0.1394849270582199 6.087603769060028e-15 0.0385073251960084
1258.951416015625 0.6602373719215393 0.12675009667873383 6.0867580066621945e-15 0.03871390616404957
1258.96142578125 0.9926130771636963 0.14693887531757355 6.085904197451362e-15 0.03892141070177035
1258.971435546875 0.9917426705360413 0.1464795470237732 6.085052505822898e-15 0.03913496162065233
1258.9813232421875 0.9951198697090149 0.14654682576656342 6.084213943205116e-15 0.039352036296083345
1258.9913330078125 0.608680784702301 0.12349937111139297 6.083367757290809e-15 0.039569914083670665
1259.0013427734375 0.9155763387680054 0.1426149159669876 6.082524959508291e-15 0.0397939836935472
1259.01123046875 0.7779266834259033 0.1339942365884781 6.081694867219982e-15 0.0400215655746087
1259.021240234375 0.9297788143157959 0.14369726181030273 6.080857998668095e-15 0.040252661343140525
1259.03125 0.7757679224014282 0.13460305333137512 6.080024094731523e-15 0.040484371892421
1259.041259765625 0.5449586510658264 0.11902696639299393 6.0791940024432136e-15 0.04072241086554999
1259.0511474609375 0.7789512872695923 0.13347797095775604 6.0783774626820605e-15 0.04096392737268993
1259.0611572265625 0.6235477328300476 0.12396109849214554 6.0775549936902765e-15 0.0412058871125817
1259.0711669921875 0.6879947185516357 0.12811808288097382 6.076735912830282e-15 0.04145424983451723
1259.0810546875 0.5974879860877991 0.12163297086954117 6.0759308080139164e-15 0.04170602249052422
1259.091064453125 0.4165543019771576 0.1092185229063034 6.075120197483394e-15 0.04195805536295627
1259.10107421875 0.6897475123405457 0.12791642546653748 6.074313822117608e-15 0.04221653197421594
1259.1109619140625 0.3784245550632477 0.10627549886703491 6.0735214227954516e-15 0.042478337659764505
1259.1209716796875 0.5197964906692505 0.11728467047214508 6.072723941275612e-15 0.042740176976136544
1259.1309814453125 0.5342054963111877 0.117347352206707 6.071931541953455e-15 0.043008490188430344
1259.140869140625 0.4837689995765686 0.11356598883867264 6.0711531186749285e-15 0.04328001258603167
1259.15087890625 0.40496668219566345 0.10818516463041306 6.0703704602316656e-15 0.04355133237192279
1259.160888671875 0.5208733677864075 0.1162799671292305 6.069592883986086e-15 0.043829119560185266
1259.1707763671875 0.3662629723548889 0.10516992211341858 6.06882970730061e-15 0.044109976711284256
1259.1807861328125 0.45619088411331177 0.11210498958826065 6.068062718966871e-15 0.04439038136517695
1259.1907958984375 0.4045773446559906 0.10841412842273712 6.067301659863763e-15 0.04467720346640589
1259.20068359375 0.2510390281677246 0.09420908242464066 6.0665550003207586e-15 0.04496695038423137
1259.210693359375 0.3794558346271515 0.10586286336183548 6.0658053761624385e-15 0.04525954532564694
1259.220703125 0.32847458124160767 0.100906141102314 6.065061681234749e-15 0.04555132604913314
1259.230712890625 0.20031322538852692 0.08846645057201385 6.064323915537691e-15 0.045849429180154
1259.2406005859375 0.23924922943115234 0.09257185459136963 6.063601396433683e-15 0.04615020129630433
1259.2506103515625 0.18678265810012817 0.08706802874803543 6.062876336230833e-15 0.04644985535731938
1259.2606201171875 0.12375509738922119 0.07918676733970642 6.0621580522915615e-15 0.046755729998587174
1259.2705078125 0.04613030329346657 0.06841275840997696 6.061454591428867e-15 0.047064061457270566
1259.280517578125 0.16163426637649536 0.0845411866903305 6.060749860016751e-15 0.047370971527324224
1259.29052734375 0.019456416368484497 0.06501545757055283 6.060051904868214e-15 0.04768396163100314
1259.3004150390625 0.07126136124134064 0.0728108137845993 6.0593696198292e-15 0.04799917812673428
1259.3104248046875 0.12288597226142883 0.07909199595451355 6.058686064240766e-15 0.04831265492659464
1259.3204345703125 0.0708085149526596 0.07265664637088776 6.0580097084323836e-15 0.048632046993116546
1259.330322265625 0.09639013558626175 0.07596457004547119 6.057349022733525e-15 0.048953408553576945
1259.34033203125 0.07155995070934296 0.07230833172798157 6.056687913518193e-15 0.04927270945952751
1259.350341796875 0.03275308385491371 0.0668921172618866 6.05603485111586e-15 0.0495977246461492
1259.3602294921875 0.07151611894369125 0.07212571054697037 6.055397458823051e-15 0.0499244536758134
1259.3702392578125 0.07116558402776718 0.0725371465086937 6.054760490046716e-15 0.05024876324857062
1259.3802490234375 0.0585390105843544 0.07053709775209427 6.05413156808338e-15 0.0505785819797615
1259.39013671875 0.04564337432384491 0.06857331097126007 6.053518316229568e-15 0.05090981276154061
1259.400146484375 0.10983017086982727 0.07777004688978195 6.052906334925176e-15 0.051238288819019276
1259.41015625 0.08448482304811478 0.0747324749827385 6.052302823950258e-15 0.051572021053456776
1259.420166015625 0.05890468508005142 0.07048413157463074 6.051708630337759e-15 0.05190684959897221
1259.4300537109375 0.07138829678297043 0.07285760343074799 6.051130106834784e-15 0.05224267973555189
1259.4400634765625 0.0843927264213562 0.0744243711233139 6.050553277397704e-15 0.05257528600636602
1259.4500732421875 0.05797185003757477 0.07134118676185608 6.049986188839517e-15 0.052912765021905846
1259.4599609375 0.05879298597574234 0.0708373412489891 6.049434770390855e-15 0.0532509114127462
1259.469970703125 0.14949551224708557 0.08196433633565903 6.0488863165575075e-15 0.053585477240359024
1259.47998046875 0.14924027025699615 0.08304900676012039 6.048347603603054e-15 0.05392460526941795
1259.4898681640625 0.25258421897888184 0.09412882477045059 6.047824984274598e-15 0.05426405279238303
1259.4998779296875 0.2136203646659851 0.09021060913801193 6.047305753077931e-15 0.054599554012619234
1259.5098876953125 0.26400992274284363 0.0951840952038765 6.0467962627601575e-15 0.054939278690174
1259.519775390625 0.29000112414360046 0.09857876598834991 6.046303713101329e-15 0.055278961394391715
1259.52978515625 0.3813173174858093 0.10547168552875519 6.045814975090763e-15 0.05561433362701199
1259.539794921875 0.45690032839775085 0.1130295917391777 6.045336824992038e-15 0.05595355384948591
1259.5496826171875 0.5347950458526611 0.11893590539693832 6.044875192035785e-15 0.05629235417256263
1259.5596923828125 0.5483716130256653 0.1191454753279686 6.044418217760741e-15 0.05662649207613637
1259.5697021484375 0.6010252833366394 0.12310335785150528 6.043972254914012e-15 0.05696407293059093
1259.57958984375 0.6123666763305664 0.12458319962024689 6.043542809209754e-15 0.05730085327528687
1259.589599609375 0.7283766865730286 0.1322510838508606 6.0431192927361266e-15 0.05763258856324024
1259.599609375 0.8982031345367432 0.14209017157554626 6.042706787690814e-15 0.05796736028962331
1259.609619140625 0.9106335043907166 0.1428663581609726 6.0423061411067625e-15 0.05830090498662174
1259.6195068359375 0.6651780605316162 0.12777218222618103 6.041921588148709e-15 0.05863310763044372
1259.6295166015625 0.7817910313606262 0.135039284825325 6.0415438114542336e-15 0.058959796495818936
1259.6395263671875 0.8334282040596008 0.13788864016532898 6.041178316737493e-15 0.059288894049015384
1259.6494140625 0.8463582396507263 0.13915054500102997 6.040828915646751e-15 0.05961622529418247
1259.659423828125 0.8465940952301025 0.1389419138431549 6.0404875613690075e-15 0.05993768858641942
1259.66943359375 0.9476607441902161 0.14545343816280365 6.040158489068999e-15 0.060261069224721034
1259.6793212890625 0.8858532309532166 0.14119461178779602 6.039845510394989e-15 0.06058225447431216
1259.6893310546875 0.8204200863838196 0.13759563863277435 6.0395414255669244e-15 0.06089721860460615
1259.6993408203125 0.9371441602706909 0.1442500352859497 6.039249622716595e-15 0.06121358679922318
1259.709228515625 0.8982684016227722 0.14191271364688873 6.038974760525211e-15 0.06152731965849566
1259.71923828125 1.0948915481567383 0.15203921496868134 6.0387087921797734e-15 0.061834481897199325
1259.729248046875 0.8207911849021912 0.13735249638557434 6.038456376361492e-15 0.06214251870240607
1259.7391357421875 1.0017106533050537 0.14772652089595795 6.038220477685681e-15 0.06244746476758213
1259.7491455078125 0.7830477952957153 0.13482223451137543 6.0379943198887644e-15 0.06274550926877613
1259.7591552734375 1.156625509262085 0.15576213598251343 6.037782138135477e-15 0.0630438518095056
1259.76904296875 0.9371783137321472 0.14385563135147095 6.037586050008188e-15 0.0633386491630056
1259.779052734375 0.8307867646217346 0.13867510855197906 6.0374013968256864e-15 0.06362622125329019
1259.7890625 0.8581360578536987 0.13991473615169525 6.037230719686815e-15 0.06391350496762711
1259.7989501953125 1.0174678564071655 0.1478918492794037 6.037076136173941e-15 0.06419677988799216
1259.8089599609375 0.8199107050895691 0.13728806376457214 6.036933834638802e-15 0.06447588211167128
1259.8189697265625 0.9883738160133362 0.14734824001789093 6.036805932663767e-15 0.0647473457919978
1259.8289794921875 0.9609704613685608 0.14568071067333221 6.036692853765308e-15 0.06501769797682927
1259.8388671875 0.9611008763313293 0.14586995542049408 6.0365950214599e-15 0.06528341224282748
1259.848876953125 0.8725096583366394 0.140456423163414 6.036511165198122e-15 0.06554118842930311
1259.85888671875 0.870110809803009 0.14098820090293884 6.0364425555293946e-15 0.06579721668123634
1259.8687744140625 0.8063427805900574 0.1368691623210907 6.0363891924537175e-15 0.06604813977552287
1259.8787841796875 0.8468260169029236 0.1390589326620102 6.0363506524546175e-15 0.06629083137594136
1259.8887939453125 0.8077607154846191 0.1368836760520935 6.0363277825650416e-15 0.06653113005063001
1259.898681640625 0.7814434170722961 0.13504213094711304 6.036320159268516e-15 0.06676584856648292
1259.90869140625 0.8587654232978821 0.1398049294948578 6.036328206081515e-15 0.06699207343371119
1259.918701171875 0.9375932216644287 0.14391811192035675 6.036351923004038e-15 0.06721523235127728
1259.9285888671875 0.9875432848930359 0.14720621705055237 6.036391310036086e-15 0.06743234508415437
1259.9385986328125 0.9114064574241638 0.142662912607193 6.0364472142106045e-15 0.06764071385533586
1259.9486083984375 0.7951270937919617 0.1358368992805481 6.036519212011121e-15 0.06784533905854533
1259.95849609375 0.9358048439025879 0.14477211236953735 6.036606456404688e-15 0.06804345127052656
1259.968505859375 0.7676313519477844 0.1343725174665451 6.036711488490148e-15 0.06823260460265822
1259.978515625 0.7573238015174866 0.1330181360244751 6.036833037718079e-15 0.06841731465977319
1259.9884033203125 0.9648219347000122 0.145272895693779 6.03696983353906e-15 0.0685950601668705
1259.9984130859375 0.7958707213401794 0.13563138246536255 6.0371252640848815e-15 0.06876364892323493
1260.0084228515625 0.6669378876686096 0.12664873898029327 6.037297635289648e-15 0.06892709795397196
1260.0184326171875 0.6651656031608582 0.12787076830863953 6.037486947153359e-15 0.06908313549133803
1260.0283203125 0.6656902432441711 0.12750105559825897 6.037691505610121e-15 0.06923161785069498
1260.038330078125 0.5994767546653748 0.12352337688207626 6.0379159693411434e-15 0.06937072774433777
1260.04833984375 0.7419126629829407 0.13271230459213257 6.038158220764058e-15 0.06950377493904662
1260.0582275390625 0.6524670124053955 0.12645947933197021 6.038414871747076e-15 0.0696288345205134
1260.0682373046875 0.6280961632728577 0.12430249154567719 6.038692275037302e-15 0.06974440932915996
1260.0782470703125 0.5614873170852661 0.1201433315873146 6.038988313052367e-15 0.06985321008167032
1260.088134765625 0.5741403102874756 0.12162093818187714 6.0392983271110624e-15 0.06995363633614571
1260.09814453125 0.47096315026283264 0.1137915849685669 6.039630364026386e-15 0.07004450108854202
1260.108154296875 0.6903054118156433 0.12897993624210358 6.039981459183023e-15 0.07012790156129756
1260.1180419921875 0.4698883593082428 0.1138768270611763 6.040346106866816e-15 0.07020255253004713
1260.1280517578125 0.4578399360179901 0.11297499388456345 6.0407340479566585e-15 0.07026759988414003
1260.1380615234375 0.3681751787662506 0.10439334809780121 6.041141047287814e-15 0.07032452636572346
1260.14794921875 0.3585317134857178 0.10446175932884216 6.0415620226625995e-15 0.0703723703316237
1260.157958984375 0.3600291311740875 0.10624131560325623 6.042007138476382e-15 0.07041060554662609
1260.16796875 0.3085772693157196 0.10048826783895493 6.042471736047951e-15 0.07044008584083643
1260.1778564453125 0.29329246282577515 0.09968607872724533 6.042949462630202e-15 0.07046018144461401
1260.1878662109375 0.21684160828590393 0.09105606377124786 6.043453023717345e-15 0.07047073908846628
1260.1978759765625 0.19633324444293976 0.08866186439990997 6.043976490078748e-15 0.07047193245171764
1260.2078857421875 0.11721998453140259 0.07862110435962677 6.044519438197938e-15 0.07046349124570662
1260.2177734375 0.10537286102771759 0.07856015115976334 6.045075938844284e-15 0.07044535915190343
1260.227783203125 0.2673615515232086 0.09838824719190598 6.0456591210284686e-15 0.07041784733890367
1260.23779296875 0.06744084507226944 0.07311622053384781 6.046262632003387e-15 0.07038024705104742
1260.2476806640625 0.09940565377473831 0.07700908184051514 6.0468792719889884e-15 0.0703327655972313
1260.2576904296875 0.09283947199583054 0.07667883485555649 6.047523864061849e-15 0.07027613758672197
1260.2677001953125 0.10340281575918198 0.07747205346822739 6.048189208441917e-15 0.07020891683142806
1260.277587890625 0.08080420643091202 0.07491597533226013 6.048866834799721e-15 0.07013172547369849
1260.28759765625 0.07535845786333084 0.07349209487438202 6.049574107310678e-15 0.07004567115030405
1260.297607421875 0.0650571882724762 0.07303338497877121 6.050302132128843e-15 0.06994862570550187
1260.3074951171875 0.09066370129585266 0.07681161910295486 6.051042862441217e-15 0.06984158008934421
1260.3175048828125 0.10465135425329208 0.07805771380662918 6.051813662423218e-15 0.0697260518177155
1260.3275146484375 0.06733360886573792 0.07319971174001694 6.052606061745375e-15 0.06959920185314651
1260.33740234375 0.07497464120388031 0.07349617034196854 6.053410319528793e-15 0.06946243843721488
1260.347412109375 0.03638844192028046 0.06758413463830948 6.054246341047733e-15 0.06931765919929489
1260.357421875 0.038090504705905914 0.0682751014828682 6.055104385423301e-15 0.06916135295151755
1260.3673095703125 0.0669575035572052 0.07347796857357025 6.055973864743658e-15 0.06899531178954316
1260.3773193359375 0.06242338567972183 0.0716375857591629 6.056875954832484e-15 0.06882183500532638
1260.3873291015625 0.04888882115483284 0.06961581856012344 6.057800914810885e-15 0.06863674089437073
1260.3973388671875 0.0657658502459526 0.07300201058387756 6.058748321162389e-15 0.06844223554212496
1260.4072265625 0.0623602569103241 0.07157628983259201 6.059706315425734e-15 0.06823844629074984
1260.417236328125 0.14071333408355713 0.08417025208473206 6.060699038039916e-15 0.06802818780385023
1260.42724609375 0.062412649393081665 0.07161234319210052 6.0617150540601475e-15 0.06780643166899529
1260.4371337890625 0.08929648995399475 0.07578699290752411 6.062741234475746e-15 0.06757590881700067
1260.4471435546875 0.13266302645206451 0.08224432915449142 6.063802990275129e-15 0.06733979889342437
1260.4571533203125 0.22391101717948914 0.0919388011097908 6.064888462997036e-15 0.06709248981646054
1260.467041015625 0.1579776108264923 0.08534754067659378 6.065984100114309e-15 0.0668371114921774
1260.47705078125 0.19317257404327393 0.09034722298383713 6.067116583164788e-15 0.06657717952377833
1260.487060546875 0.198335200548172 0.09016388654708862 6.068273206654264e-15 0.06630657461647035
1260.4969482421875 0.39779603481292725 0.10916898399591446 6.0694391475061595e-15 0.06602877438768283
1260.5069580078125 0.3953600525856018 0.10744404792785645 6.0706432048406814e-15 0.06574764596217288
1260.5169677734375 0.40218818187713623 0.1098199412226677 6.071871826130674e-15 0.06545661469155864
1260.52685546875 0.5147676467895508 0.11875207722187042 6.073109764783086e-15 0.06515950435836865
1260.536865234375 0.6480461955070496 0.12719275057315826 6.0743870904675454e-15 0.0648604663459386
1260.546875 0.44247084856033325 0.11241114884614944 6.075689403623949e-15 0.06455257151096047
1260.5567626953125 0.6765952706336975 0.1291954517364502 6.076999763593351e-15 0.06423997393656286
1260.5667724609375 0.7585078477859497 0.13441313803195953 6.078351628177169e-15 0.06392707204317534
1260.5767822265625 0.7358699440956116 0.1327507644891739 6.079728480232931e-15 0.06360669873522735
1260.586669921875 0.7321743965148926 0.13283289968967438 6.081113379101692e-15 0.06328326106949266
1260.5966796875 0.7520996332168579 0.13421590626239777 6.082540629617815e-15 0.06295740356755455
1260.606689453125 0.890792727470398 0.14179351925849915 6.08399371463883e-15 0.06263378148636992
1260.61669921875 0.758323073387146 0.1336289942264557 6.0854722106482625e-15 0.06230508927782482
1260.6265869140625 0.849777102470398 0.13893446326255798 6.08695832995422e-15 0.0619760460872829
1260.6365966796875 0.8774614930152893 0.13972923159599304 6.0884880714569614e-15 0.06165144839241169
1260.6466064453125 0.7373137474060059 0.13091009855270386 6.090044494497541e-15 0.061324062021384934
1260.656494140625 0.8911013007164001 0.1403477042913437 6.091607693801699e-15 0.0609987660070304
1260.66650390625 0.7614327073097229 0.1324283629655838 6.093216209368535e-15 0.06068036826770063
1260.676513671875 0.8758981823921204 0.1395171731710434 6.094851406473209e-15 0.06036193091452063
1260.6864013671875 0.8255809545516968 0.1362997442483902 6.096492956324988e-15 0.06004838049511388
1260.6964111328125 0.9933742880821228 0.1462719887495041 6.09818151650534e-15 0.05974446699605249
1260.7064208984375 0.9782755374908447 0.14603281021118164 6.0998967582235296e-15 0.05944371958581058
1260.71630859375 0.8242260217666626 0.1373862773180008 6.10161792917235e-15 0.05915103991925471
1260.726318359375 0.8267792463302612 0.1365230530500412 6.1033873809991646e-15 0.05887096362651119
1260.736328125 0.747671902179718 0.13242581486701965 6.1051843613967646e-15 0.0585977508854642
1260.7462158203125 1.0784573554992676 0.1513347178697586 6.106986423992048e-15 0.05833613879410101
1260.7562255859375 0.8636883497238159 0.13858985900878906 6.108838038014746e-15 0.058090323507266
1260.7662353515625 1.0149166584014893 0.14731734991073608 6.110717604124703e-15 0.057855509197918695
1260.776123046875 1.0000977516174316 0.14727582037448883 6.1126018289158705e-15 0.057636134640462675
1260.7861328125 1.105379581451416 0.1519191861152649 6.1145372992003465e-15 0.05743589583732158
1260.796142578125 1.217895269393921 0.1578015238046646 6.116500721572082e-15 0.05725120168749033
1260.80615234375 0.9497736096382141 0.1439221352338791 6.1184925195475505e-15 0.05708600393042825
1260.8160400390625 1.2162857055664062 0.1573929339647293 6.120488552687755e-15 0.05694169237891895
1260.8260498046875 0.7847703099250793 0.13380436599254608 6.12253710187069e-15 0.05682100619662644
1260.8360595703125 0.8991134166717529 0.14018815755844116 6.1246148736903046e-15 0.05672235276905349
1260.845947265625 0.9117233157157898 0.1414094716310501 6.126695610125235e-15 0.0566487462385864
1260.85595703125 1.151672601699829 0.15410299599170685 6.128830980185263e-15 0.05660196915911833
1260.865966796875 0.8340399265289307 0.1366564929485321 6.130995572881971e-15 0.0565822085118276
1260.8758544921875 1.0749258995056152 0.15066257119178772 6.133162706677521e-15 0.05659152649049707
1260.8858642578125 0.9720613360404968 0.14521878957748413 6.13538574464759e-15 0.056630534779988646
1260.8958740234375 0.9461053013801575 0.14309614896774292 6.137638428770813e-15 0.0567014253246712
1260.90576171875 0.9852747321128845 0.14527122676372528 6.139893230476404e-15 0.05680509790677532
1260.915771484375 0.8817893266677856 0.13907921314239502 6.142205206905935e-15 0.05694078963824035
1260.92578125 0.8809986114501953 0.13986223936080933 6.144547253005093e-15 0.057112902964343425
1260.9356689453125 0.7679038047790527 0.1323947161436081 6.1468909931701454e-15 0.05732095429447661
1260.9456787109375 1.0063657760620117 0.14617480337619781 6.149293178608559e-15 0.057562645185158724
1260.9556884765625 0.893092155456543 0.1399194449186325 6.1517262807495466e-15 0.05784474525381008
1260.965576171875 1.067874550819397 0.14959539473056793 6.1541593828905346e-15 0.058165235433431724
1260.9755859375 1.1182960271835327 0.1520078033208847 6.156653471403725e-15 0.05852012518958008
1260.985595703125 0.8027488589286804 0.13458925485610962 6.15917847661949e-15 0.0589187256568828
1260.99560546875 1.066970705986023 0.14917904138565063 6.16173439853783e-15 0.05935731561095729
1261.0054931640625 0.979412853717804 0.1447078287601471 6.164289896939696e-15 0.05983624813822494
1261.0155029296875 0.8909733891487122 0.13954129815101624 6.166908075779659e-15 0.06034916619526323
1261.0255126953125 1.0554319620132446 0.14799243211746216 6.1695575948386705e-15 0.06090888480789587
1261.035400390625 1.3140969276428223 0.16214297711849213 6.172206266864735e-15 0.06150935327492499
1261.04541015625 0.9004526138305664 0.14023949205875397 6.1749188898783166e-15 0.06214247678190134
1261.055419921875 1.1145349740982056 0.15202295780181885 6.1776632766274205e-15 0.06282373957789208
1261.0653076171875 1.062127947807312 0.14918041229248047 6.18040596931063e-15 0.06354532874138771
1261.0753173828125 0.9110934734344482 0.14116080105304718 6.1832143070472516e-15 0.0642974483543157
1261.0853271484375 0.9754509329795837 0.14374282956123352 6.1860552555523425e-15 0.06509826344337794
1261.09521484375 0.9117550849914551 0.14030428230762482 6.188893239442118e-15 0.06593828577698876
1261.105224609375 1.12201988697052 0.15213944017887115 6.1917985624512e-15 0.06680604908069086
1261.115234375 0.8218671083450317 0.13552068173885345 6.194736496228752e-15 0.06772239425586428
1261.1251220703125 1.149338960647583 0.15294769406318665 6.197671465390988e-15 0.06867625251104283
1261.1351318359375 0.9107872843742371 0.1399676650762558 6.200675044221952e-15 0.06965459011000084
1261.1451416015625 1.035309910774231 0.14718511700630188 6.203712080854332e-15 0.07068090161171546
1261.155029296875 1.0721163749694824 0.14950838685035706 6.2067444588055024e-15 0.07174254473296536
1261.1650390625 0.7952301502227783 0.13346397876739502 6.209847987524242e-15 0.07282519353785687
1261.175048828125 0.8720086812973022 0.13757209479808807 6.2129849740443985e-15 0.07395476913196063
1261.18505859375 1.0706830024719238 0.14881809055805206 6.216155418365971e-15 0.07511726915791098
1261.1949462890625 0.8955020904541016 0.1394672989845276 6.219320780489861e-15 0.0763118578086149
1261.2049560546875 0.9798516035079956 0.14423109591007233 6.22255856393074e-15 0.07752253308599412
1261.2149658203125 1.2435365915298462 0.15695318579673767 6.225831075722457e-15 0.0787783784407017
1261.224853515625 0.9694430232048035 0.14328894019126892 6.229096811250596e-15 0.08006367825646624
1261.23486328125 0.943067729473114 0.141587495803833 6.232437509194567e-15 0.08136144610315577
1261.244873046875 1.0409854650497437 0.14627286791801453 6.2358129354893755e-15 0.08270281036168126
1261.2547607421875 0.9561231136322021 0.1416945606470108 6.2391807384876586e-15 0.08407109799079977
1261.2647705078125 1.1143888235092163 0.15075308084487915 6.242625197967668e-15 0.08544823644957154
1261.2747802734375 1.0657976865768433 0.14804671704769135 6.246104385798515e-15 0.08686740375024074
1261.28466796875 0.9135990142822266 0.1398438811302185 6.249575950332837e-15 0.08831090664842929
1261.294677734375 0.9516436457633972 0.14174501597881317 6.253125441898306e-15 0.0897598655327105
1261.3046875 0.9027668833732605 0.13895519077777863 6.256710085331086e-15 0.09124926580301213
1261.3145751953125 1.0503023862838745 0.1472608894109726 6.260286258434394e-15 0.09276047409287252
1261.3245849609375 1.0878803730010986 0.14907488226890564 6.26394162911827e-15 0.094273944326718
1261.3345947265625 1.160729169845581 0.15239252150058746 6.267632998702404e-15 0.09582620729731949
1261.344482421875 1.0861330032348633 0.14901421964168549 6.271315050924119e-15 0.09739798954435713
1261.3544921875 1.1849486827850342 0.15411952137947083 6.275077994792296e-15 0.09896895647972781
1261.364501953125 1.048427939414978 0.14645768702030182 6.278877361077205e-15 0.10057718532778012
1261.3743896484375 0.9977306127548218 0.14403730630874634 6.282666562966747e-15 0.10220263552252633
1261.3843994140625 0.9738927483558655 0.14243565499782562 6.2865383505686465e-15 0.10384462615377273
1261.3944091796875 1.1207085847854614 0.1500452309846878 6.2904469841037515e-15 0.10548207572066665
1261.4044189453125 0.9089651107788086 0.13875629007816315 6.294392463572062e-15 0.10715473538913381
1261.414306640625 0.8837296366691589 0.13737326860427856 6.298326084579111e-15 0.10884185286337748
1261.42431640625 1.0062274932861328 0.1437350958585739 6.302345255913833e-15 0.11052190161403741
1261.434326171875 1.0300102233886719 0.14568904042243958 6.3064016966982335e-15 0.1122357752932298
1261.4442138671875 0.9938939213752747 0.14317409694194794 6.3104454319884255e-15 0.11396206781843388
1261.4542236328125 0.9411500692367554 0.14028984308242798 6.314576411672185e-15 0.11567898971352729
1261.4642333984375 0.9165974855422974 0.13901352882385254 6.318744660805623e-15 0.1174282800259908
1261.47412109375 0.9407070875167847 0.14031140506267548 6.322899780928379e-15 0.11918823559801693
1261.484130859375 0.8430128693580627 0.13459989428520203 6.327143415994123e-15 0.12093656480705144
1261.494140625 1.0858098268508911 0.14836397767066956 6.331425591058967e-15 0.12271594177274112
1261.5040283203125 0.9527426958084106 0.14027553796768188 6.3356929430472345e-15 0.12450420731455329
1261.5140380859375 1.036704421043396 0.14522305130958557 6.340050927560858e-15 0.12627894701613812
1261.5240478515625 0.632353663444519 0.1207202821969986 6.344447452073581e-15 0.12808338512657683
1261.533935546875 1.0095771551132202 0.143507719039917 6.348828729993254e-15 0.129895123517249
1261.5439453125 0.9017821550369263 0.13744166493415833 6.353302334504178e-15 0.1316914848822829
1261.553955078125 1.0240739583969116 0.14370355010032654 6.357814902530675e-15 0.13351630364877332
1261.5638427734375 0.9609012007713318 0.14080461859703064 6.362310953414701e-15 0.13534695319268636
1261.5738525390625 0.9839547872543335 0.1417083740234375 6.3669014484723455e-15 0.13716047341496942
1261.5838623046875 0.9577264785766602 0.14087094366550446 6.3715313305620375e-15 0.13900121402300417
1261.5938720703125 0.9943721294403076 0.14252658188343048 6.376200599683777e-15 0.14084639717850164
1261.603759765625 1.1518981456756592 0.15102514624595642 6.38085165759715e-15 0.1426955160480104
