wave flux_norm flux_err cont_fit cont_err
1140.4652099609375 0.7776251435279846 0.5998912453651428 1.0098757725177684e-15 0.04978556260175747
1140.4774169921875 1.0136257410049438 0.6353761553764343 1.0099744518561236e-15 0.0494032653163665
1140.4896240234375 0.9845079183578491 0.6263813376426697 1.010071648886821e-15 0.04902455107771456
1140.501953125 1.1146806478500366 0.6458296775817871 1.0101685282801632e-15 0.04865707807003086
1140.51416015625 0.7549395561218262 0.5938888788223267 1.0102630783329005e-15 0.04829722531187323
1140.5263671875 1.3122321367263794 0.66767418384552 1.0103562519570984e-15 0.04794171025185604
1140.5386962890625 1.6584720611572266 0.7140668034553528 1.0104490020648228e-15 0.04759771017149964
1140.5509033203125 0.9562318921089172 0.6164107918739319 1.0105394228319422e-15 0.047261852415542024
1140.5631103515625 1.65628981590271 0.7118266820907593 1.0106284671705223e-15 0.046931072167734816
1140.575439453125 1.1725434064865112 0.6458262205123901 1.0107170879926288e-15 0.04661208102984864
1140.587646484375 0.6214353442192078 0.5682089328765869 1.0108033794741303e-15 0.04630171972918087
1140.599853515625 0.8426979184150696 0.5990311503410339 1.010888400406211e-15 0.04600015519611153
1140.612060546875 1.0621583461761475 0.6316938400268555 1.0109720449097523e-15 0.04570465780134602
1140.6243896484375 1.1729918718338013 0.6467755436897278 1.01105526589682e-15 0.045421241772088575
1140.6365966796875 1.0610309839248657 0.6309838891029358 1.0111362634224012e-15 0.04514707196716473
1140.6488037109375 1.0564854145050049 0.6289476752281189 1.0112158845194431e-15 0.04487970431560178
1140.6611328125 0.6131892204284668 0.564353346824646 1.011294976220893e-15 0.044624568939289025
1140.67333984375 1.8391551971435547 0.7256251573562622 1.0113719503399747e-15 0.04437910392427067
1140.685546875 1.170884609222412 0.6465533971786499 1.0114476539096356e-15 0.04414112709336251
1140.6978759765625 0.8370445370674133 0.5986078977584839 1.011522722204586e-15 0.043915481930249516
1140.7100830078125 1.7284842729568481 0.7151145935058594 1.0115957787962867e-15 0.043699872293888234
1140.7222900390625 0.16674846410751343 0.4871402978897095 1.011667458959448e-15 0.04349440199776925
1140.7344970703125 0.722570538520813 0.5798943042755127 1.0117378685731886e-15 0.04329727491565956
1140.746826171875 1.276902675628662 0.6565089821815491 1.0118076429122187e-15 0.043112489327855934
1140.759033203125 1.2795838117599487 0.6581354737281799 1.0118755114271174e-15 0.042938115055203965
1140.771240234375 1.1646698713302612 0.6442434787750244 1.0119420035134769e-15 0.04277264226456211
1140.7835693359375 1.7198662757873535 0.7114347815513611 1.012007860325126e-15 0.04261941713263195
1140.7957763671875 0.7201340794563293 0.5781244039535522 1.0120718113126436e-15 0.042476798630055386
1140.8079833984375 1.6106637716293335 0.6977498531341553 1.012134385871622e-15 0.042344832906912634
1140.8203125 0.49632972478866577 0.5429966449737549 1.0121964310350084e-15 0.042222391721750144
1140.83251953125 1.0504409074783325 0.6277912855148315 1.012256464495145e-15 0.042111926878957436
1140.8447265625 1.380431890487671 0.6669052243232727 1.0123152274058608e-15 0.04201218520399796
1140.85693359375 0.6013367772102356 0.5574017763137817 1.0123728256462741e-15 0.04192233107211184
1140.8692626953125 0.37911251187324524 0.5199038982391357 1.0124296827328585e-15 0.04184413039907595
1140.8814697265625 0.7141698002815247 0.577518105506897 1.0124846339953117e-15 0.041776621593157266
1140.8936767578125 1.4900561571121216 0.6834558844566345 1.0125384205874623e-15 0.04171926140415601
1140.906005859375 0.8225370049476624 0.5935350060462952 1.0125913601466657e-15 0.04167313396356332
1140.918212890625 0.7079674601554871 0.5768324136734009 1.0126426056399746e-15 0.04163757085357319
1140.930419921875 0.820538341999054 0.593246579170227 1.0126925805838626e-15 0.04161250031097607
1140.942626953125 1.0426890850067139 0.6248971223831177 1.0127413908574481e-15 0.04159775563554881
1140.9549560546875 0.9340724945068359 0.6087163686752319 1.0127893540980864e-15 0.04159353650218765
1140.9671630859375 1.1596274375915527 0.6395237445831299 1.0128356232728302e-15 0.04159954959507258
1140.9793701171875 0.38164132833480835 0.5225884318351746 1.012880621898153e-15 0.041615897886761725
1140.99169921875 1.046697974205017 0.6256217956542969 1.012924879369647e-15 0.04164213372382828
1141.00390625 0.6021581888198853 0.5573623180389404 1.0129674427752466e-15 0.04167824797332564
1141.01611328125 1.156072735786438 0.6382859349250793 1.0130087356314253e-15 0.04172460072055324
1141.0284423828125 0.9339158535003662 0.6055206060409546 1.013049287333775e-15 0.04178013224419839
1141.0406494140625 0.04717361181974411 0.46284064650535583 1.0130882508493488e-15 0.04184509824650781
1141.0528564453125 1.0445042848587036 0.6230798959732056 1.0131259438155016e-15 0.04191933013507567
1141.0650634765625 0.2703416049480438 0.5002160668373108 1.013162472111352e-15 0.04200353588351252
1141.077392578125 0.6011472940444946 0.5577542781829834 1.0131980474951366e-15 0.04209587297283279
1141.089599609375 1.4882290363311768 0.6806446313858032 1.0132321405712636e-15 0.04219693910267001
1141.101806640625 1.046146273612976 0.6209051012992859 1.0132650689770881e-15 0.04230768632063166
1141.1141357421875 1.0414299964904785 0.622498095035553 1.0132971503499654e-15 0.04242571843314871
1141.1263427734375 1.1501340866088867 0.6363707780838013 1.0133276435360665e-15 0.04255189049758979
1141.1385498046875 1.5938284397125244 0.6906311511993408 1.0133569720518652e-15 0.04268737182755191
1141.15087890625 1.370922327041626 0.6654470562934875 1.0133853476555982e-15 0.042829267831445465
1141.1630859375 1.0373896360397339 0.6208049654960632 1.013412346830792e-15 0.04297866922871751
1141.17529296875 0.15629683434963226 0.4832088053226471 1.0134381813356832e-15 0.043135357383635504
1141.1875 1.1485872268676758 0.6343955993652344 1.0134627452911536e-15 0.04330077618526114
1141.1998291015625 1.147158145904541 0.6348983645439148 1.0134864622136767e-15 0.04347143190797559
1141.2120361328125 1.1490683555603027 0.6321933269500732 1.0135088027076605e-15 0.0436487003791819
1141.2242431640625 1.257943034172058 0.651918351650238 1.0135298726522235e-15 0.04383422147840747
1141.236572265625 1.145695686340332 0.6349842548370361 1.0135500955638392e-15 0.04402409683899333
1141.248779296875 0.594129204750061 0.552362859249115 1.0135689420469156e-15 0.04421989520616128
1141.260986328125 1.3669191598892212 0.6617490649223328 1.0135866238596895e-15 0.04442344086186816
1141.2733154296875 0.8146063685417175 0.5907836556434631 1.0136033527603978e-15 0.04463046764586639
1141.2855224609375 1.5888410806655884 0.6888978481292725 1.0136187052325668e-15 0.04484273163985328
1141.2977294921875 1.2576725482940674 0.6478787064552307 1.0136329989135517e-15 0.045060014075898255
1141.3099365234375 1.1483039855957031 0.6321765780448914 1.0136461279242341e-15 0.045284327422537664
1141.322265625 0.7078328728675842 0.5741109848022461 1.013658304022851e-15 0.04551100226132918
1141.33447265625 1.3849449157714844 0.6705807447433472 1.0136691036929284e-15 0.04574201855264131
1141.3466796875 0.9427623748779297 0.6066191792488098 1.0136788445718218e-15 0.04597952423459978
1141.3590087890625 0.6312242746353149 0.5656299591064453 1.0136876325386496e-15 0.04621859545304614
1141.3712158203125 0.5082842707633972 0.5425574779510498 1.0136951499560565e-15 0.04646134402597545
1141.3834228515625 1.1838990449905396 0.6435441970825195 1.0137016085822793e-15 0.046710039813720614
1141.395751953125 0.8568070530891418 0.6010411381721497 1.0137069025381996e-15 0.04695953948396448
1141.407958984375 0.8652548789978027 0.6016520857810974 1.0137111377029359e-15 0.04721208460996555
1141.420166015625 0.8548573851585388 0.5995197892189026 1.0137142081973697e-15 0.047467468747861286
1141.432373046875 0.9745485782623291 0.6176162958145142 1.0137162199006194e-15 0.04772807750042188
1141.4447021484375 0.6568059921264648 0.569953978061676 1.013717172812685e-15 0.0479885523251703
1141.4569091796875 0.4986983835697174 0.5404950976371765 1.0137169610544483e-15 0.048251266814584644
1141.4691162109375 0.6206336617469788 0.5623006224632263 1.0137156905050274e-15 0.04851868429819336
1141.4814453125 1.0886822938919067 0.6305870413780212 1.0137133611644224e-15 0.04878531426306621
1141.49365234375 0.7776501774787903 0.5899544358253479 1.0137099730326334e-15 0.049053610053171604
1141.505859375 0.8184128999710083 0.6042596101760864 1.0137055261096603e-15 0.04932609414995742
1141.5181884765625 0.7867652177810669 0.5928333401679993 1.0136999145163848e-15 0.04959719306664387
1141.5303955078125 0.514049232006073 0.5461573004722595 1.0136932441319252e-15 0.049869420876989874
1141.5426025390625 0.2804042398929596 0.5033544301986694 1.0136856208353999e-15 0.050142601046188805
1141.5548095703125 0.39366328716278076 0.5241892337799072 1.0136768328685721e-15 0.05041931311882488
1141.567138671875 0.5122647285461426 0.5430876612663269 1.0136669861105603e-15 0.05069390621079949
1141.579345703125 0.7733144164085388 0.5909503698348999 1.0136560805613644e-15 0.05096896051252984
1141.591552734375 0.5048571825027466 0.5393902659416199 1.0136442221001028e-15 0.051247071810863354
1141.6038818359375 0.6329715251922607 0.5649139881134033 1.0136311989685388e-15 0.051522577786935954
1141.6160888671875 0.8726499676704407 0.6032553911209106 1.013617222924909e-15 0.051798077668664406
1141.6282958984375 1.0552741289138794 0.622133731842041 1.0136021880900953e-15 0.05207617860669903
1141.640625 0.6386948823928833 0.5643935203552246 1.013585988584979e-15 0.05235122772491374
1141.65283203125 1.0689634084701538 0.625179648399353 1.0135689420469156e-15 0.05262584118495064
1141.6650390625 1.3127659559249878 0.663166344165802 1.013550836717668e-15 0.052899881595521746
1141.67724609375 1.2937613725662231 0.6583523154258728 1.0135316725972364e-15 0.0531759479611402
1141.6895751953125 1.2843644618988037 0.6549214720726013 1.0135113438065023e-15 0.053448437292184486
1141.7017822265625 0.6366733908653259 0.5614280104637146 1.013490167982821e-15 0.05371996550691754
1141.7139892578125 1.05083429813385 0.6207679510116577 1.013468039247074e-15 0.053993101754623435
1141.726318359375 0.7214205861091614 0.5740190744400024 1.013444639961906e-15 0.05426232295075624
1141.738525390625 0.959877610206604 0.6099823713302612 1.0134204995229093e-15 0.05453021882425993
1141.750732421875 1.0599138736724854 0.622519314289093 1.0133953002927285e-15 0.05479933684594414
1141.7630615234375 1.159994125366211 0.6364237666130066 1.0133689363922452e-15 0.055064234743685624
1141.7752685546875 0.9458615779876709 0.6065785884857178 1.013341831337933e-15 0.05532747586936969
1141.7874755859375 0.95651775598526 0.6101788878440857 1.0133136674924368e-15 0.055588957304535
1141.7996826171875 1.3842031955718994 0.6674906611442566 1.013284550734875e-15 0.05585116338420825
1141.81201171875 0.5036942362785339 0.5390996336936951 1.0132541634278922e-15 0.056108809187726115
1141.82421875 0.857189416885376 0.5965000987052917 1.0132230349670806e-15 0.056364397356219315
1141.83642578125 0.9706247448921204 0.6152764558792114 1.0131910594733218e-15 0.05662036600987218
1141.8487548828125 1.3908605575561523 0.6646103858947754 1.0131577075510236e-15 0.056871551840654615
1141.8609619140625 1.113582730293274 0.6337335705757141 1.013123720354015e-15 0.05712041385109615
1141.8731689453125 1.0954880714416504 0.6270363330841064 1.0130887802449408e-15 0.05736687677250008
1141.885498046875 1.322994589805603 0.6639068126678467 1.0130524637073273e-15 0.05761327554225903
1141.897705078125 0.6478983163833618 0.5647642612457275 1.0130156177741217e-15 0.05785465972825293
1141.909912109375 1.1941349506378174 0.6431121826171875 1.0129778189288505e-15 0.058093401071248045
1141.922119140625 0.7703566551208496 0.5831010341644287 1.012939173050632e-15 0.05833177893638778
1141.9344482421875 0.6313873529434204 0.5633371472358704 1.0128990448647558e-15 0.05856500442452629
1141.9466552734375 0.534054696559906 0.5472018718719482 1.0128583872832876e-15 0.05879537317156832
1141.9588623046875 0.6164283156394958 0.5538892149925232 1.0128168826688722e-15 0.05902508846382421
1141.97119140625 1.068588137626648 0.6256359815597534 1.012773895746799e-15 0.059249539755212716
1141.9833984375 1.0910192728042603 0.6313642859458923 1.0127304853082522e-15 0.059470949376536235
1141.99560546875 0.8378511071205139 0.5924555659294128 1.0126862278367582e-15 0.05968926533400673
1142.0078125 1.4301152229309082 0.6710109710693359 1.01264091157408e-15 0.05990656713514886
1142.0201416015625 0.7509883046150208 0.5808421969413757 1.0125943247619811e-15 0.060118498504966485
1142.0323486328125 0.8331486582756042 0.5863698124885559 1.01254720855429e-15 0.06032717933647156
1142.0445556640625 0.7352797985076904 0.5768769979476929 1.0124992453136518e-15 0.060534594384205775
1142.056884765625 0.8417089581489563 0.5914174914360046 1.0124497997653558e-15 0.06073659303229383
1142.069091796875 0.9386324882507324 0.6030333042144775 1.0124000365797046e-15 0.06093520559849495
1142.081298828125 0.7157011032104492 0.5713708400726318 1.0123493204819878e-15 0.061132317421563324
1142.0936279296875 1.2601064443588257 0.6491132378578186 1.0122972279557317e-15 0.06132399111230061
1142.1058349609375 1.045291781425476 0.612541913986206 1.0122447119130019e-15 0.06151215890601201
1142.1180419921875 0.7166351079940796 0.569526731967926 1.0121913488373249e-15 0.0616967845522802
1142.1302490234375 0.6081846356391907 0.5505433082580566 1.0121370328495822e-15 0.061879634319517006
1142.142578125 1.2639827728271484 0.6469385027885437 1.0120813404333002e-15 0.06205704491948963
1142.15478515625 1.0470967292785645 0.6198397874832153 1.012025330379663e-15 0.06223083002614178
1142.1669921875 0.7189576029777527 0.571281909942627 1.0119684732930786e-15 0.062402635608873366
1142.1793212890625 0.6096956133842468 0.5533570647239685 1.0119101338988364e-15 0.06256904483607052
1142.1915283203125 0.38950997591018677 0.5152469277381897 1.0118515827463575e-15 0.06273174249123495
1142.2037353515625 0.6072956323623657 0.5509785413742065 1.0117920786818129e-15 0.06289229362946538
1142.216064453125 0.49922648072242737 0.5328406095504761 1.011731198188729e-15 0.06304749138997257
1142.228271484375 1.4781720638275146 0.6749871373176575 1.0116700000582898e-15 0.06319893011807204
1142.240478515625 0.8432984948158264 0.5909326076507568 1.0116079548949035e-15 0.06334659979238519
1142.252685546875 0.39993229508399963 0.5221025943756104 1.0115450626985698e-15 0.06349190018323993
1142.2650146484375 0.8502510786056519 0.5921235084533691 1.0114806881945785e-15 0.06363194479218252
1142.2772216796875 0.387844055891037 0.5173875689506531 1.0114162078114688e-15 0.06376819162980243
1142.2894287109375 0.7398268580436707 0.5788099765777588 1.0113507745162934e-15 0.06390192669184647
1142.3017578125 0.27870485186576843 0.4952120780944824 1.0112839647925787e-15 0.0640305052712636
1142.31396484375 0.819642961025238 0.5827036499977112 1.0112168374315088e-15 0.0641552602369282
1142.326171875 0.6275904178619385 0.5614989399909973 1.01114896891661e-15 0.06427738319254556
1142.3385009765625 0.5194821953773499 0.5399991273880005 1.0110796180940536e-15 0.06439446407077278
1142.3507080078125 0.707752525806427 0.5662808418273926 1.0110101613923787e-15 0.06450771859939143
1142.3629150390625 0.05708905681967735 0.4546336531639099 1.0109398576577566e-15 0.06461716042046635
1142.3751220703125 0.7354393601417542 0.5769264101982117 1.0108687068901873e-15 0.06472382540445014
1142.387451171875 0.2742805778980255 0.49563759565353394 1.0107960738149602e-15 0.06482561664847246
1142.399658203125 0.8428921699523926 0.5915539264678955 1.0107233348606148e-15 0.06492360582204389
1142.411865234375 0.9832796454429626 0.6182437539100647 1.0106498547524405e-15 0.06501873844828611
1142.4241943359375 0.5981872081756592 0.5485008955001831 1.01057478645749e-15 0.0651091313730528
1142.4364013671875 0.44728317856788635 0.5364226698875427 1.0104996122834212e-15 0.0651957649006401
1142.4486083984375 0.813849151134491 0.580837607383728 1.010423802834642e-15 0.06527946447395654
1142.4609375 0.8002449870109558 0.5955979228019714 1.0103462993199682e-15 0.0653585829558605
1142.47314453125 1.1089977025985718 0.6334457993507385 1.0102689016844128e-15 0.06543399200932039
1142.4853515625 0.7027158141136169 0.5662793517112732 1.0101906570159102e-15 0.06550570982024756
1142.49755859375 0.9331868886947632 0.619841992855072 1.0101116711935787e-15 0.06557441376475552
1142.5098876953125 0.5211923122406006 0.5441012382507324 1.0100310971844712e-15 0.06563876550820784
1142.5220947265625 0.27026602625846863 0.4930911064147949 1.009950629054482e-15 0.06569949334002956
1142.5343017578125 1.34367835521698 0.6799876093864441 1.0098693138915456e-15 0.0657571691216459
1142.546630859375 0.789703369140625 0.5916032791137695 1.009786410541833e-15 0.06581068459869463
1142.558837890625 0.728626549243927 0.5712491869926453 1.0097037189503574e-15 0.06586064483414056
1142.571044921875 0.853692889213562 0.5945858359336853 1.0096201803259344e-15 0.06590752879040832
1142.5833740234375 0.9395028948783875 0.6186227202415466 1.0095350535147354e-15 0.0659504430737179
1142.5955810546875 0.858160138130188 0.595862627029419 1.0094500325826547e-15 0.06598989923212382
1142.6077880859375 0.669398307800293 0.5711318850517273 1.0093642704967452e-15 0.06602592256802114
1142.6199951171875 1.370070457458496 0.675713062286377 1.0092777672570069e-15 0.06605886191180058
1142.63232421875 0.8959744572639465 0.604854166507721 1.0091896758304924e-15 0.06608809974967264
1142.64453125 1.0640991926193237 0.6371739506721497 1.0091016902830964e-15 0.0661140161928702
1142.65673828125 0.9911540150642395 0.6360136866569519 1.00901306946099e-15 0.06613684976997015
1142.6690673828125 0.8617371320724487 0.6118207573890686 1.008922754572989e-15 0.06615619215506763
1142.6812744140625 0.9628881812095642 0.6249455213546753 1.0088326514432248e-15 0.06617232917395863
1142.6934814453125 1.323072910308838 0.6779749989509583 1.0087418071596317e-15 0.06618540809554058
1142.705810546875 0.9480656385421753 0.6198434233665466 1.0086493746892626e-15 0.06619520740673668
1142.718017578125 0.46479132771492004 0.5403908491134644 1.0085571539771303e-15 0.0662019265452719
1142.730224609375 0.4678784906864166 0.5423902869224548 1.0084642979902875e-15 0.06620559550364342
1142.742431640625 0.40865224599838257 0.5266423225402832 1.008370700849616e-15 0.06620626076463877
1142.7547607421875 1.0688294172286987 0.6378352642059326 1.0082754096430498e-15 0.06620394468356433
1142.7669677734375 1.481515884399414 0.7015049457550049 1.008180436073839e-15 0.06619872652980562
1142.7791748046875 1.2287293672561646 0.6605644226074219 1.0080847213507992e-15 0.06619054562293163
1142.79150390625 0.9645029306411743 0.6252975463867188 1.0079874184409834e-15 0.06617961269398395
1142.8037109375 0.6814918518066406 0.5757870674133301 1.0078903272894043e-15 0.06616591616176412
1142.81591796875 0.8113427758216858 0.5979269742965698 1.0077926008631149e-15 0.06614932100750556
1142.8282470703125 1.6938258409500122 0.725212037563324 1.0076932862500493e-15 0.06613021176046774
1142.8404541015625 0.6791728138923645 0.5734041333198547 1.0075941833952206e-15 0.0661084846038116
1142.8526611328125 0.7757017016410828 0.5888318419456482 1.0074945511447998e-15 0.06608418292048879
1142.8648681640625 1.0910996198654175 0.6462488770484924 1.0073941777405501e-15 0.06605709122224095
1142.877197265625 0.9359498023986816 0.6185908913612366 1.007292110270406e-15 0.06602778888879388
1142.889404296875 0.8281627297401428 0.6036235094070435 1.0071904663167355e-15 0.06599608193754114
1142.901611328125 0.2931835651397705 0.5049453973770142 1.0070880812092361e-15 0.06596165548205676
1142.9139404296875 0.5111902356147766 0.5391212701797485 1.0069841079149607e-15 0.06592526677026282
1142.9261474609375 0.4354482889175415 0.5325601100921631 1.0068805581371588e-15 0.06588662112609756
1142.9383544921875 0.400725394487381 0.5236404538154602 1.0067762672055281e-15 0.06584578298662086
1142.95068359375 0.506441593170166 0.5383539199829102 1.0066703880871213e-15 0.06580236991740843
1142.962890625 1.6414275169372559 0.6990775465965271 1.0065648266060698e-15 0.06575729282951348
1142.97509765625 0.40081849694252014 0.5173763036727905 1.0064587357294262e-15 0.06571019364035997
1142.9873046875 0.5026916861534119 0.5395742058753967 1.0063520095780721e-15 0.06566062022830194
1142.9996337890625 0.37799280881881714 0.5148307085037231 1.0062435893608236e-15 0.06560961452833697
1143.0118408203125 1.0339082479476929 0.6073880791664124 1.0061355926600487e-15 0.06555675394697655
1143.0240478515625 0.3825490176677704 0.5133340954780579 1.0060269606845633e-15 0.06550154512976956
1143.036376953125 0.5005688667297363 0.5330353379249573 1.0059167405223018e-15 0.06544513263161278
1143.048583984375 0.4902225732803345 0.5302911996841431 1.005806943876514e-15 0.06538703453933965
1143.060791015625 0.042858004570007324 0.45340439677238464 1.0056965119560157e-15 0.06532731295081357
1143.072998046875 0.9093323349952698 0.59259033203125 1.0055855506399254e-15 0.06526540932277107
1143.0853271484375 0.7981739640235901 0.5774436593055725 1.0054728952579406e-15 0.06520260388129649
1143.0975341796875 1.1224364042282104 0.6200856566429138 1.0053606633924294e-15 0.06513834731978124
1143.1097412109375 0.4724583625793457 0.5243031978607178 1.0052479021313262e-15 0.06507203700246239
1143.1220703125 0.255481481552124 0.4914935529232025 1.0051334468043284e-15 0.06500504060555287
1143.13427734375 0.4702436327934265 0.5274155735969543 1.0050195208729227e-15 0.06493677539804803
1143.146484375 0.6855466365814209 0.5581227540969849 1.004905065545925e-15 0.06486659246403799
1143.1588134765625 0.46735629439353943 0.5240229368209839 1.0047889161530327e-15 0.06479594476804211
1143.1710205078125 0.575963020324707 0.5440224409103394 1.0046732961557325e-15 0.0647241998898225
1143.1832275390625 0.3613562285900116 0.5092212557792664 1.0045571467628403e-15 0.06465140771058463
1143.1954345703125 0.47003427147865295 0.5238592028617859 1.0044403620952376e-15 0.06457689476335639
1143.207763671875 0.03572176396846771 0.45156627893447876 1.0043218833617404e-15 0.0645021941268945
1143.219970703125 0.2500229477882385 0.49039748311042786 1.0042040399029536e-15 0.06442662134406699
1143.232177734375 0.3574770390987396 0.5061003565788269 1.0040856670485748e-15 0.06434946986801995
1143.2445068359375 0.033559393137693405 0.45155590772628784 1.0039656001283015e-15 0.06427232701014905
1143.2567138671875 0.46855297684669495 0.5232856273651123 1.0038460626036203e-15 0.06419448481796486
1143.2689208984375 0.36209502816200256 0.5086921453475952 1.0037261015624654e-15 0.06411521906115819
1143.28125 0.2545423209667206 0.48969411849975586 1.0036043405762976e-15 0.06403615107230667
1143.29345703125 0.5786790251731873 0.5441874861717224 1.0034833207439586e-15 0.06395654728376571
1143.3056640625 1.0116866827011108 0.6060359477996826 1.0033617715160276e-15 0.06387647466214152
1143.31787109375 0.4703076481819153 0.5246195793151855 1.0032396928925046e-15 0.06379517824376561
1143.3302001953125 0.470100462436676 0.5236898064613342 1.0031158143239687e-15 0.06371431588843089
1143.3424072265625 0.6887944340705872 0.5588516592979431 1.0029926769092616e-15 0.06363314272896776
1143.3546142578125 0.4733281135559082 0.5247657895088196 1.0028690100989624e-15 0.06355089654001368
1143.366943359375 0.36592555046081543 0.5086126327514648 1.0027436492227688e-15 0.06346925926160181
1143.379150390625 0.9058895707130432 0.5919904708862305 1.002619029500404e-15 0.06338746383406275
1143.391357421875 0.5832783579826355 0.5451435446739197 1.0024938803824472e-15 0.06330475068371981
1143.4036865234375 0.36787065863609314 0.5100047588348389 1.0023669313194775e-15 0.06322279974034485
1143.4158935546875 0.7997286915779114 0.5757633447647095 1.002240829289455e-15 0.06314084499513616
1143.4281005859375 0.6915063261985779 0.5608095526695251 1.0021141978638405e-15 0.06305893876789993
1143.4403076171875 0.47841596603393555 0.5270353555679321 1.0019871429217523e-15 0.06297631044090297
1143.45263671875 0.9107894897460938 0.5947057008743286 1.0018582880346513e-15 0.06289464477041393
1143.46484375 1.0176234245300293 0.6081112623214722 1.0017302801804974e-15 0.06281316170285622
1143.47705078125 1.2324879169464111 0.6318456530570984 1.0016017429307516e-15 0.06273111014219471
1143.4893798828125 0.8016623258590698 0.5774428844451904 1.0014714057359929e-15 0.06265014461146512
1143.5015869140625 0.8035220503807068 0.5767669081687927 1.0013420214532998e-15 0.06256950494403574
1143.5137939453125 0.803400993347168 0.5772764682769775 1.0012121077750146e-15 0.0624884359963588
1143.526123046875 0.8034777045249939 0.575782299041748 1.0010803941517166e-15 0.062408581837793325
1143.538330078125 0.5881862640380859 0.5431478023529053 1.0009495275613658e-15 0.06232917726658457
1143.550537109375 0.5880739092826843 0.5467326045036316 1.0008182374545414e-15 0.06225026721439435
1143.562744140625 0.26517432928085327 0.48847073316574097 1.0006865238312433e-15 0.062171105650670154
1143.5750732421875 0.6967096328735352 0.5594114661216736 1.0005531161420508e-15 0.06209330346498996
1143.5872802734375 1.1301352977752686 0.6233305931091309 1.000420449606687e-15 0.0620161139212841
1143.5994873046875 0.9140247106552124 0.5929930210113525 1.0002874654339682e-15 0.0619388044702032
1143.61181640625 1.2372651100158691 0.6367753744125366 1.0001526813162363e-15 0.06186293977808604
1143.6240234375 0.15764248371124268 0.4737914502620697 1.0000187442314517e-15 0.06178779602116559
1143.63623046875 0.15766087174415588 0.4707857370376587 9.99884489509312e-16 0.06171265804933307
1143.6485595703125 0.9143835306167603 0.5908207893371582 9.997483289630408e-16 0.06163905384579913
1143.6607666015625 0.5893653035163879 0.5431719422340393 9.996132272079537e-16 0.06156625923364938
1143.6729736328125 0.8063296675682068 0.5784215927124023 9.99477701936393e-16 0.06149430854906464
1143.6851806640625 0.9140353202819824 0.5941742062568665 9.993416472692403e-16 0.06142252229120039
1143.697509765625 0.9131355881690979 0.5949862599372864 9.992040044153115e-16 0.06135235530681175
1143.709716796875 0.4815147817134857 0.525972306728363 9.9906720859433e-16 0.06128311296258741
1143.721923828125 0.6978170275688171 0.563694417476654 9.989299892568747e-16 0.06121414705632884
1143.7342529296875 0.9152505993843079 0.5917666554450989 9.98791075853525e-16 0.0611468451845395
1143.7464599609375 0.914330244064331 0.5941838026046753 9.98653115362241e-16 0.061080543631109235
1143.7586669921875 0.482038676738739 0.5289013981819153 9.985148372336017e-16 0.06101462186938031
1143.77099609375 1.130104660987854 0.6231967806816101 9.983746532808311e-16 0.06095039705839021
1143.783203125 0.5899844765663147 0.5449666976928711 9.98235633998363e-16 0.06088724225208058
1143.79541015625 1.1316797733306885 0.6227962970733643 9.980960853203029e-16 0.060825165489580064
1143.8076171875 1.4568581581115723 0.6649512052536011 9.97956324884006e-16 0.06076358828156754
1143.8199462890625 1.242577314376831 0.6392323970794678 9.978146586235776e-16 0.060703739978815
1143.8321533203125 0.9189191460609436 0.5930712819099426 9.976740511543334e-16 0.06064502991363643
1143.8443603515625 1.0265361070632935 0.6115090847015381 9.97533126047734e-16 0.06058689081963433
1143.856689453125 1.135827898979187 0.6265909671783447 9.9739050687524e-16 0.06053049528800669
1143.868896484375 0.7028306126594543 0.5627266764640808 9.972488406148118e-16 0.06047526899974125
1143.881103515625 1.1313965320587158 0.6221544742584229 9.971068567170283e-16 0.060421221037159835
1143.8934326171875 1.5650960206985474 0.6813388466835022 9.969630728742318e-16 0.06036784283785122
1143.9056396484375 0.8110151886940002 0.5786915421485901 9.968203478226195e-16 0.06031620014903343
1143.9178466796875 0.7029094696044922 0.5624855756759644 9.966774110127703e-16 0.06026576105358157
1143.9300537109375 0.9188991785049438 0.5938453674316406 9.965340506864475e-16 0.06021604938233049
1143.9423828125 0.9177289605140686 0.595146894454956 9.963888904151118e-16 0.060168047965563645
1143.95458984375 1.132185697555542 0.6248593926429749 9.962448948140786e-16 0.0601212716782319
1143.966796875 0.594523549079895 0.5461442470550537 9.961005815756901e-16 0.060075262610186475
1143.9791259765625 1.1353583335876465 0.6212934255599976 9.959544683922888e-16 0.06003093927578203
1143.9913330078125 0.7038208842277527 0.5610528588294983 9.958095198791899e-16 0.059987840462832086
1144.0035400390625 0.704497754573822 0.5631174445152283 9.956642537287358e-16 0.05994597015253679
1144.015869140625 1.461243748664856 0.669345498085022 9.955172935123872e-16 0.059904911943461106
1144.028076171875 0.2747076451778412 0.4905592203140259 9.953713920872226e-16 0.059865484605373456
1144.040283203125 1.4604475498199463 0.6698900461196899 9.952251730247028e-16 0.059827273403536996
1144.052490234375 1.137451410293579 0.6270872950553894 9.950787422039462e-16 0.059789904925090266
1144.0648193359375 1.0312520265579224 0.6128326058387756 9.949305114381767e-16 0.0597541138536645
1144.0770263671875 1.3535878658294678 0.654541552066803 9.947834453427097e-16 0.0597195177424677
1144.0892333984375 0.492310106754303 0.5292227864265442 9.946361674890059e-16 0.05968577682139233
1144.1015625 0.9237505793571472 0.5966838002204895 9.944869838111707e-16 0.05965355872509773
1144.11376953125 1.6807721853256226 0.6933066248893738 9.943391765618748e-16 0.05962250406929266
1144.1259765625 0.49493443965911865 0.5300431847572327 9.941909457961053e-16 0.059592605517009976
1144.13818359375 1.359659194946289 0.654985249042511 9.94042503272099e-16 0.059563568377678434
1144.1505126953125 0.605228841304779 0.5483348965644836 9.938923666821982e-16 0.059535958571356455
1144.1627197265625 1.3623793125152588 0.6568941473960876 9.937433947625998e-16 0.05950945993195746
1144.1749267578125 0.6056374907493591 0.5486308932304382 9.935941052056463e-16 0.05948381959514768
1144.187255859375 1.039074420928955 0.613347589969635 9.934431215827982e-16 0.059459525647242266
1144.199462890625 0.8234643936157227 0.5809842348098755 9.93293408509371e-16 0.059436296956640454
1144.211669921875 0.604925274848938 0.546972930431366 9.93143483677707e-16 0.05941391087885533
1144.2239990234375 0.6060123443603516 0.5498683452606201 9.9299175890103e-16 0.05939278208335152
1144.2362060546875 0.49945953488349915 0.530114471912384 9.928411987946556e-16 0.05937267257603375
1144.2484130859375 0.9297426342964172 0.5988501906394958 9.926905328091627e-16 0.059353556696408544
1144.2606201171875 1.1472809314727783 0.6289346814155579 9.92539655065433e-16 0.0593352448734141
1144.27294921875 0.7143077850341797 0.5646826028823853 9.923869773766905e-16 0.05931807117038426
1144.28515625 0.6066672801971436 0.5516807436943054 9.922355702373688e-16 0.05930183251635172
1144.29736328125 0.39097580313682556 0.5114856362342834 9.920839513398103e-16 0.05928635784385007
1144.3096923828125 0.6070479154586792 0.5478898882865906 9.919306383763572e-16 0.05927193320950873
1144.3218994140625 0.715632975101471 0.565356969833374 9.91778595962325e-16 0.05925837073690125
1144.3341064453125 1.1476750373840332 0.6281986236572266 9.916263417900561e-16 0.05924552295851607
1144.346435546875 1.1468223333358765 0.6264860033988953 9.914723935518927e-16 0.05923362838474706
1144.358642578125 0.6047360897064209 0.5496284365653992 9.9131971586315e-16 0.05922252120364702
1144.370849609375 1.2514135837554932 0.6421672701835632 9.911668264161707e-16 0.05921218295338894
1144.383056640625 0.6047570705413818 0.5482432842254639 9.910137252109544e-16 0.05920249093282381
1144.3953857421875 0.38819363713264465 0.5113787055015564 9.908590358189621e-16 0.059193608170889804
1144.4075927734375 1.0330212116241455 0.6122385263442993 9.907056169763907e-16 0.059185414607521164
1144.4197998046875 0.601318895816803 0.5461980700492859 9.905519863755824e-16 0.059177808529450766
1144.43212890625 0.7096994519233704 0.5655732154846191 9.903966617088797e-16 0.059170911178537115
1144.4443359375 0.6010908484458923 0.5478291511535645 9.902426075915978e-16 0.0591646089513525
1144.45654296875 0.8191929459571838 0.5804888606071472 9.90088553474316e-16 0.05915883325479648
1144.4688720703125 0.7102969884872437 0.5658437013626099 9.899326994120211e-16 0.05915365420854469
1144.4810791015625 0.27888256311416626 0.49168896675109863 9.897781158991472e-16 0.05914899708547708
1144.4932861328125 0.8176842331886292 0.580068826675415 9.896235323862733e-16 0.05914482460248168
1144.5054931640625 1.2465219497680664 0.6416043639183044 9.894687371151626e-16 0.059141065399369724
1144.517822265625 1.0317871570587158 0.6114051938056946 9.893122477781574e-16 0.05913777722622613
1144.530029296875 0.2731761336326599 0.4904889762401581 9.891571348696914e-16 0.05913487822357984
1144.542236328125 0.48761624097824097 0.5286440253257751 9.89001916082107e-16 0.059132323542729286
1144.5545654296875 0.5935234427452087 0.5455306172370911 9.888448973495098e-16 0.059130128706270484
1144.5667724609375 0.4866654872894287 0.5302994847297668 9.886893609245702e-16 0.05912823170450939
1144.5789794921875 0.8095842599868774 0.5784991979598999 9.885337186205123e-16 0.059126594866224014
1144.59130859375 0.3781331777572632 0.5101268887519836 9.883763822505598e-16 0.05912520983615098
1144.603515625 0.8102744221687317 0.5798584222793579 9.882204223091466e-16 0.059124037727304575
1144.61572265625 0.7018067240715027 0.5626102685928345 9.88064356488615e-16 0.05912303849301425
1144.6279296875 0.7014480233192444 0.5627725124359131 9.87908184788965e-16 0.059122173863510236
1144.6402587890625 0.5944491624832153 0.5462652444839478 9.877504249025388e-16 0.05912143210502087
1144.6524658203125 0.5932009816169739 0.5478449463844299 9.875939355655336e-16 0.05912077099911125
1144.6646728515625 0.5933199524879456 0.5471814274787903 9.874374462285284e-16 0.059120157229260215
1144.677001953125 1.133392095565796 0.6243429183959961 9.872792628256286e-16 0.0591195627892915
1144.689208984375 0.7012529969215393 0.5614013671875 9.871225617303866e-16 0.0591189533719163
1144.701416015625 0.27157163619995117 0.48985493183135986 9.869657547560261e-16 0.059118290265924064
1144.7137451171875 1.0285478830337524 0.6124035716056824 9.868072537157712e-16 0.05911755502778106
1144.7259521484375 0.2696165144443512 0.4945279061794281 9.866503408622923e-16 0.059116706324948545
1144.7381591796875 0.16257613897323608 0.47260111570358276 9.864932162505767e-16 0.059115721665064166
1144.7503662109375 0.8104889392852783 0.5807924866676331 9.863359857597426e-16 0.059114544924216514
1144.7626953125 0.26926273107528687 0.4892965257167816 9.861771670821324e-16 0.05911317418591793
1144.77490234375 0.3762572407722473 0.5117778182029724 9.860199365912983e-16 0.059111563861777267
1144.787109375 0.160799041390419 0.4749026596546173 9.858624943422274e-16 0.05910967103885636
1144.7994384765625 0.37558117508888245 0.5076234340667725 9.857034639063804e-16 0.05910749313696743
1144.8116455078125 0.4850834608078003 0.5278126001358032 9.855459157781911e-16 0.05910497878541507
1144.8238525390625 0.05088232830166817 0.453926682472229 9.853883676500018e-16 0.05910207907766463
1144.836181640625 0.3740686774253845 0.509375274181366 9.85229125455918e-16 0.05909880914648944
1144.848388671875 0.4814405143260956 0.526602566242218 9.85071365569492e-16 0.05909511425883195
1144.860595703125 0.2638319134712219 0.49208885431289673 9.849137115621842e-16 0.05909096439609571
1144.872802734375 0.15626145899295807 0.4711243510246277 9.847558457966397e-16 0.05908627781011323
1144.8851318359375 0.04906506463885307 0.4532603621482849 9.845964977234375e-16 0.059081125813290426
1144.8973388671875 0.0487201102077961 0.4525933563709259 9.84438631957893e-16 0.0590754252238345
1144.9095458984375 0.2658751308917999 0.4918743669986725 9.8428066031323e-16 0.05906908108220896
1144.921875 0.05025114119052887 0.4534917175769806 9.841212063609094e-16 0.05906219620741875
1144.93408203125 0.3724699020385742 0.5100558996200562 9.839632347162465e-16 0.059054676679504384
1144.9462890625 0.26676806807518005 0.49086031317710876 9.838051571924651e-16 0.05904648974597594
1144.9586181640625 0.050162091851234436 0.4534913897514343 9.836455973610261e-16 0.059037516426281245
1144.9708251953125 0.5906829833984375 0.5438650250434875 9.834876257163632e-16 0.05902791149404857
1144.9830322265625 0.26649409532546997 0.4917936623096466 9.833295481925818e-16 0.05901755563523426
1144.9952392578125 0.37438756227493286 0.5120962262153625 9.831714706688005e-16 0.05900630841933909
1145.007568359375 0.3749968111515045 0.5098592042922974 9.830119108373615e-16 0.05899435945598266
1145.019775390625 -0.05773742496967316 0.4323389530181885 9.828538333135801e-16 0.05898158017213492
1145.031982421875 0.5916563272476196 0.5444165468215942 9.826957557897988e-16 0.0589677949985791
1145.0443115234375 0.4838305115699768 0.5275112986564636 9.825361959583598e-16 0.058953257698630204
1145.0565185546875 0.15927904844284058 0.47318392992019653 9.823781184345784e-16 0.05893780311728688
1145.0687255859375 0.2686436176300049 0.49188917875289917 9.822201467899155e-16 0.05892140352135454
1145.0809326171875 0.8079425096511841 0.5799044966697693 9.820620692661342e-16 0.05890386180714736
1145.09326171875 0.3749724328517914 0.5097582936286926 9.819025094346952e-16 0.05888549749332818
1145.10546875 0.698776364326477 0.5603687167167664 9.817446436691506e-16 0.05886611035435693
1145.11767578125 0.15737473964691162 0.4723021388053894 9.815866720244877e-16 0.05884547029693351
1145.1300048828125 0.5893962979316711 0.5456174612045288 9.81427218072167e-16 0.0588239579304572
1145.1422119140625 0.6971445679664612 0.5625273585319519 9.812693523066226e-16 0.05880135075937636
1145.1544189453125 0.4791792631149292 0.5295150876045227 9.81111486541078e-16 0.0587773839371132
1145.166748046875 0.5865578055381775 0.5440552830696106 9.809521384678758e-16 0.05875250081314234
1145.178955078125 0.47923925518989563 0.525983452796936 9.807944844605681e-16 0.05872645268857429
1145.191162109375 0.5892108678817749 0.5432132482528687 9.806368304532604e-16 0.058699219776561354
1145.203369140625 0.15627549588680267 0.471466064453125 9.804791764459527e-16 0.058670480961772305
1145.2156982421875 0.6966385841369629 0.5645778775215149 9.803200401309873e-16 0.05864078429212412
1145.2279052734375 0.9127050638198853 0.5935525894165039 9.801625978819164e-16 0.058609827790141705
1145.2401123046875 0.9117315411567688 0.5928360819816589 9.800051556328455e-16 0.05857726411436812
1145.25244140625 0.5856255888938904 0.5456147789955139 9.79846231076117e-16 0.05854370724279464
1145.2646484375 0.47670361399650574 0.5262193083763123 9.796888947061645e-16 0.058508829680170286
1145.27685546875 0.8039592504501343 0.5774491429328918 9.795316642153304e-16 0.05847224226960438
1145.2891845703125 0.36782190203666687 0.5105121731758118 9.793729514168386e-16 0.05843464284522548
1145.3013916015625 0.36837977170944214 0.510431706905365 9.792159326842413e-16 0.05839565787070613
1145.3135986328125 0.3678392469882965 0.5099125504493713 9.790590198307625e-16 0.05835526828827397
1145.3258056640625 0.36798131465911865 0.5120855569839478 9.789021069772836e-16 0.058313027082140124
1145.338134765625 0.2596079409122467 0.49060750007629395 9.787438176952655e-16 0.05826975028719904
1145.350341796875 0.04581685736775398 0.4531639814376831 9.785871166000234e-16 0.058225012266331894
1145.362548828125 0.37068113684654236 0.5064573287963867 9.784306272630182e-16 0.058178318094473186
1145.3748779296875 0.2591452896595001 0.49159571528434753 9.782725497392369e-16 0.05813058025277824
1145.3870849609375 0.15143151581287384 0.4704999327659607 9.781162721604684e-16 0.05808132526903201
1145.3992919921875 0.6940523982048035 0.5620664954185486 9.779599945817e-16 0.058030013946338506
1145.41162109375 0.1523766964673996 0.4730413258075714 9.778023405743923e-16 0.05797765646994905
1145.423828125 0.6939183473587036 0.5602229833602905 9.776463806329791e-16 0.05792372738496456
1145.43603515625 0.2586285471916199 0.4880489706993103 9.774905265706843e-16 0.05786821352369423
1145.4482421875 1.0164233446121216 0.6084660887718201 9.77334778387508e-16 0.05781051489120757
1145.4605712890625 0.5852527618408203 0.5443336367607117 9.771776537757923e-16 0.05775175872532885
1145.4727783203125 0.8021299242973328 0.5770918726921082 9.770222232299711e-16 0.05769137603312665
1145.4849853515625 0.47682660818099976 0.5266581177711487 9.768668985632683e-16 0.05762871610236506
1145.497314453125 0.8034055829048157 0.5797311663627625 9.767100915889079e-16 0.05756500132045163
1145.509521484375 0.26187288761138916 0.49083083868026733 9.765550845595604e-16 0.0574996131840286
1145.521728515625 0.4786273241043091 0.5282939076423645 9.764002892884496e-16 0.057431857587313284
1145.5340576171875 0.8037645816802979 0.5778816938400269 9.762440117096812e-16 0.05736305582839075
1145.5462646484375 1.020745038986206 0.6097851991653442 9.760894281968073e-16 0.05729254089701458
1145.5584716796875 1.021138072013855 0.6099353432655334 9.759350564421702e-16 0.057220297172622274
1145.5706787109375 0.47932708263397217 0.5280792117118835 9.757807905666515e-16 0.057145557167410335
1145.5830078125 1.0223196744918823 0.6084223985671997 9.75625254141712e-16 0.05706980323490584
1145.59521484375 1.0233584642410278 0.6104764938354492 9.754713059035485e-16 0.05699227741306531
1145.607421875 0.2637728452682495 0.49187156558036804 9.753176753027402e-16 0.05691218126163135
1145.6197509765625 0.4807519316673279 0.5283878445625305 9.751625623942743e-16 0.05683108554643716
1145.6319580078125 0.5888670086860657 0.5467448830604553 9.750092494308213e-16 0.056748181051569174
1145.6441650390625 0.9158915281295776 0.5955834984779358 9.74856148225605e-16 0.05666262846288136
1145.656494140625 0.4803265929222107 0.5280786156654358 9.747016705918495e-16 0.056576090234006025
1145.668701171875 0.6972574591636658 0.5640034079551697 9.745488870239885e-16 0.05648773014813746
1145.680908203125 0.6948384046554565 0.5614237189292908 9.743963152143644e-16 0.056397538609628206
1145.693115234375 1.1292695999145508 0.6240493059158325 9.74243955162977e-16 0.056304574117356926
1145.7054443359375 0.3689177632331848 0.5133193135261536 9.740903245621687e-16 0.05621068212372218
1145.7176513671875 0.479420006275177 0.5297053456306458 9.73938388027255e-16 0.056114926626604764
1145.7298583984375 0.91114342212677 0.5949325561523438 9.73786663250578e-16 0.056016323016028005
1145.7421875 0.8038076162338257 0.5787357091903687 9.736336679244803e-16 0.05591682415844027
1145.75439453125 1.2364177703857422 0.640161395072937 9.73482366664277e-16 0.05581544774009475
1145.7666015625 0.8027026653289795 0.5781900882720947 9.733313830414289e-16 0.055711147793317976
1145.7789306640625 1.236933946609497 0.6385586261749268 9.731790229900415e-16 0.05560599402519367
1145.7911376953125 1.1293121576309204 0.624265193939209 9.73028462883667e-16 0.05549894545919818
1145.8033447265625 0.80192631483078 0.5785062313079834 9.728781145355294e-16 0.055390010343789785
1145.8155517578125 1.0202776193618774 0.606884777545929 9.72728083824747e-16 0.05527805767540506
1145.827880859375 1.4537853002548218 0.6677091121673584 9.725766766854253e-16 0.05516530999184584
1145.840087890625 0.5889973640441895 0.546448826789856 9.724270694911165e-16 0.055050659228454896
1145.852294921875 1.2403191328048706 0.6393769383430481 9.72277779934163e-16 0.05493293254036057
1145.8646240234375 1.1333891153335571 0.6280558705329895 9.721272198277885e-16 0.054814453746756864
1145.8768310546875 1.3492636680603027 0.6531918048858643 9.719783537873086e-16 0.05469407251119416
1145.8890380859375 1.0238840579986572 0.6122339367866516 9.718298053841838e-16 0.05457055639883997
1145.9013671875 1.3482043743133545 0.6537966728210449 9.716799864316382e-16 0.05444635238909872
1145.91357421875 0.37217259407043457 0.5080673694610596 9.715319674241055e-16 0.05432024262399702
1145.92578125 1.458426833152771 0.6699439883232117 9.71384266053928e-16 0.05419222875907134
1145.93798828125 0.7024542689323425 0.563776433467865 9.712367764419874e-16 0.05406100561201277
1145.9503173828125 0.5930216312408447 0.5468066334724426 9.710881221597443e-16 0.05392918716031693
1145.9625244140625 1.460066795349121 0.6666790843009949 9.709411619433957e-16 0.05379545702416568
1145.9747314453125 0.8097352981567383 0.5810254812240601 9.707946252435207e-16 0.05365848495483424
1145.987060546875 0.4823459982872009 0.5281095504760742 9.706468179942248e-16 0.053520979498220635
1145.999267578125 1.0265178680419922 0.6068691611289978 9.705008106899418e-16 0.05338158060999223
1146.011474609375 0.6991140246391296 0.5655933022499084 9.70355121023014e-16 0.05324031959210229
1146.0238037109375 1.3510677814483643 0.6541681289672852 9.702082666857839e-16 0.0530957447315412
1146.0360107421875 1.2402913570404053 0.6389965415000916 9.700631064144482e-16 0.05295072513555913
1146.0482177734375 0.6976122856140137 0.5604038834571838 9.69918369659586e-16 0.05280386537402599
1146.0604248046875 0.912553071975708 0.5949768424034119 9.697738446629608e-16 0.052653670802056796
1146.07275390625 0.04519651457667351 0.4515228867530823 9.696282608751515e-16 0.05250311424544162
1146.0849609375 0.4794503450393677 0.5301412343978882 9.69484477032355e-16 0.05235074565262535
1146.09716796875 0.4812406599521637 0.5282643437385559 9.693409049477955e-16 0.05219501036574961
1146.1094970703125 0.5908190011978149 0.5451014637947083 9.691963799511702e-16 0.05203901114303704
1146.1217041015625 0.3756589889526367 0.5117686986923218 9.690535490204395e-16 0.05188121980120551
1146.1339111328125 0.9164038896560669 0.5950289368629456 9.68911035727064e-16 0.05172166581175373
1146.1461181640625 0.6989235281944275 0.5631371736526489 9.687688400710436e-16 0.051558734584105384
1146.158447265625 -0.058880243450403214 0.4335242211818695 9.686255856238392e-16 0.05139565610620919
1146.170654296875 0.5919504165649414 0.5473829507827759 9.684842370007662e-16 0.051230867010321084
1146.182861328125 0.7003932595252991 0.5637297034263611 9.6834310013593e-16 0.05106269382768209
1146.1951904296875 0.8097849488258362 0.5794843435287476 9.682009044799096e-16 0.05089448333138334
1146.2073974609375 0.7029269337654114 0.5662086009979248 9.680605087689022e-16 0.05072461707070222
1146.2196044921875 0.5937126278877258 0.5480271577835083 9.679205365743684e-16 0.0505513738247446
1146.23193359375 1.6775201559066772 0.6956602931022644 9.677795055886506e-16 0.05037822321603503
1146.244140625 0.9212750196456909 0.5941924452781677 9.676402745479457e-16 0.05020346104842724
1146.25634765625 0.48480623960494995 0.5278059244155884 9.67501361144596e-16 0.05002713774982731
1146.2685546875 0.48437950015068054 0.5298691987991333 9.673627653786015e-16 0.049847466874019114
1146.2808837890625 1.136359453201294 0.627699077129364 9.672233225796597e-16 0.04966803898976089
1146.2930908203125 1.8958030939102173 0.7193936705589294 9.670855738466125e-16 0.04948712638738792
1146.3052978515625 0.37577489018440247 0.5091520547866821 9.669481427509205e-16 0.049302912277552575
1146.317626953125 0.48486101627349854 0.5289509296417236 9.668098646222812e-16 0.04911907224852103
1146.329833984375 1.0282832384109497 0.6132513880729675 9.666732805595365e-16 0.048933845436983134
1146.342041015625 0.807933509349823 0.5743860006332397 9.665371200132653e-16 0.0487453752627933
1146.3543701171875 1.2421001195907593 0.6403375864028931 9.664000065549285e-16 0.048557439299197355
1146.3665771484375 0.9166231155395508 0.5975292921066284 9.662646930416047e-16 0.04836819978515297
1146.3787841796875 1.3518962860107422 0.6566658020019531 9.661298030447544e-16 0.0481777115279233
1146.3909912109375 1.13484525680542 0.6269844174385071 9.659952306852594e-16 0.04798408049260688
1146.4033203125 0.6991620659828186 0.5620097517967224 9.658598112928171e-16 0.0477911841794212
1146.41552734375 0.9199492335319519 0.5957605838775635 9.657261918453878e-16 0.047597164207219954
1146.427734375 1.0271295309066772 0.6125026941299438 9.655928900353136e-16 0.047400108771645806
1146.4400634765625 0.8081468939781189 0.5801811218261719 9.654588470714106e-16 0.04720395887188329
1146.4522705078125 0.8090429902076721 0.5806955695152283 9.653263922942837e-16 0.04700683850105006
1146.4644775390625 0.9166114330291748 0.5961188673973083 9.651944669127489e-16 0.04680679524414881
1146.476806640625 0.6970275044441223 0.5627542734146118 9.650616944982668e-16 0.0466078481635106
1146.489013671875 0.8036614656448364 0.5780143141746521 9.649307220287976e-16 0.046408082065921286
1146.501220703125 1.1304994821548462 0.626431941986084 9.648000671966836e-16 0.046207563365643876
1146.513427734375 0.5896168947219849 0.548333466053009 9.646699417601616e-16 0.046004319499572385
1146.5257568359375 0.8056383728981018 0.5800815224647522 9.645389692906924e-16 0.045802447027831594
1146.5379638671875 0.6964043974876404 0.5613937973976135 9.644097967662362e-16 0.04560002250529237
1146.5501708984375 0.4811456799507141 0.5307964086532593 9.642810477582535e-16 0.045395048295120775
1146.5625 0.3744431138038635 0.5092143416404724 9.641514517173236e-16 0.04519167599391792
1146.57470703125 0.8074345588684082 0.5793589353561401 9.640236556214066e-16 0.044987958641768064
1146.5869140625 1.0222991704940796 0.6105507016181946 9.638963889210816e-16 0.04478191248557532
1146.5992431640625 0.5895403027534485 0.547521710395813 9.637682751878094e-16 0.04457771124359673
1146.6114501953125 0.7099485397338867 0.5654927492141724 9.636419613995501e-16 0.04437339797285367
1146.6236572265625 0.48031121492385864 0.5297308564186096 9.635160711277645e-16 0.04416905691555785
1146.6358642578125 0.8211966753005981 0.581244707107544 9.633907102515708e-16 0.043962745271049285
1146.648193359375 1.460955262184143 0.6800999641418457 9.6326450234243e-16 0.04375862659389726
1146.660400390625 1.2041722536087036 0.6457964777946472 9.631402002574204e-16 0.04355476506421119
1146.672607421875 1.2394776344299316 0.6556844711303711 9.630163216888844e-16 0.04334921582925182
1146.6849365234375 1.1556867361068726 0.6470519304275513 9.628917019665196e-16 0.043146157516871134
1146.6971435546875 1.1012821197509766 0.6328720450401306 9.627687763100494e-16 0.04294367899873838
1146.7093505859375 0.6062851548194885 0.5548791289329529 9.626464859282895e-16 0.04273985634724653
1146.7216796875 0.8086565732955933 0.596699059009552 9.625234543927008e-16 0.04253885727603921
1146.73388671875 1.1322062015533447 0.6419227123260498 9.624021169230067e-16 0.04233875753859903
1146.74609375 1.0261670351028442 0.6275466084480286 9.62281414728023e-16 0.04213969203839632
1146.75830078125 0.7237662076950073 0.5719208121299744 9.621611360495128e-16 0.041939832797155435
1146.7706298828125 0.8408225178718567 0.6053837537765503 9.620402220962923e-16 0.0417432424404566
1146.7828369140625 1.4524781703948975 0.6964649558067322 9.619210022089662e-16 0.04154808313630349
1146.7950439453125 0.4580238163471222 0.5407758355140686 9.618024175963506e-16 0.04135257401719687
1146.807373046875 0.92375248670578 0.6146209836006165 9.616830918299062e-16 0.041160725327762236
1146.819580078125 1.2103376388549805 0.6611601710319519 9.615655660084746e-16 0.04097075557657145
1146.831787109375 0.7952308654785156 0.5956693887710571 9.614485695826351e-16 0.04078093390439267
1146.8441162109375 1.1956628561019897 0.6406417489051819 9.613309378820852e-16 0.04059518191437003
1146.8563232421875 1.03420889377594 0.6308034658432007 9.612151061265482e-16 0.04041179491227305
1146.8685302734375 0.4576978385448456 0.5393725633621216 9.610998037666032e-16 0.040230918212357226
1146.8807373046875 0.8646073937416077 0.5920193791389465 9.609850308022502e-16 0.04005097245829648
1146.89306640625 1.2752306461334229 0.6612769961357117 9.608697284423052e-16 0.03987570194853418
1146.9052734375 0.7138066291809082 0.5867651104927063 9.607561201482547e-16 0.03970349869372355
1146.91748046875 1.4720817804336548 0.7028483152389526 9.606431471289147e-16 0.039532865781352546
1146.9298095703125 1.281952142715454 0.6650041341781616 9.605295388348642e-16 0.03936738303217328
1146.9420166015625 0.6692980527877808 0.5716431736946106 9.604177304858266e-16 0.0392055550115057
1146.9542236328125 1.3509856462478638 0.6703119277954102 9.603064515323811e-16 0.03904600995185173
1146.966552734375 1.3746315240859985 0.6750396490097046 9.601946431833435e-16 0.03889213070131468
1146.978759765625 1.1523606777191162 0.6453728079795837 9.600845289002005e-16 0.038742536434098834
1146.990966796875 0.9368001222610474 0.6199681758880615 9.599751557708863e-16 0.03859743858251083
1147.003173828125 0.5360986590385437 0.5491943359375 9.598662061580457e-16 0.038455680561066026
1147.0155029296875 1.7218035459518433 0.7213444709777832 9.597569389078499e-16 0.03832030068784846
1147.0277099609375 0.6957484483718872 0.579326331615448 9.596492598444302e-16 0.038190103358336024
1147.0399169921875 1.430685043334961 0.6925256252288818 9.59542216055721e-16 0.03806411921252426
1147.05224609375 0.6989550590515137 0.5814929008483887 9.59434748750538e-16 0.037945060022466996
1147.064453125 0.5670076608657837 0.5573948621749878 9.593289755112496e-16 0.03783192548679523
1147.07666015625 1.556616187095642 0.705777108669281 9.592237316675533e-16 0.03772494821682402
1147.0889892578125 1.034666895866394 0.6301804184913635 9.591181701865017e-16 0.037623404790218265
1147.1011962890625 0.9126025438308716 0.6090752482414246 9.590143027713447e-16 0.03752957062364165
1147.1134033203125 1.382856845855713 0.6616042256355286 9.589109647517797e-16 0.0374426516770844
1147.1256103515625 1.0370649099349976 0.6140452027320862 9.588083678860435e-16 0.037362153732519596
1147.137939453125 0.587470531463623 0.5472555756568909 9.58705453382952e-16 0.037289941458385725
1147.150146484375 0.695629358291626 0.5613088011741638 9.586041270666368e-16 0.03722543341704408
1147.162353515625 1.2358191013336182 0.6348455548286438 9.58503436025032e-16 0.03716837711474505
1147.1746826171875 0.8021923899650574 0.578147292137146 9.584024273460718e-16 0.03712014865982226
1147.1868896484375 0.4764242172241211 0.5254488587379456 9.583030068538879e-16 0.03708042871018148
1147.1990966796875 1.7777167558670044 0.7036318778991699 9.582043275155327e-16 0.03704946452455663
1147.2113037109375 1.4528511762619019 0.665724515914917 9.58106283451888e-16 0.037027344122561985
1147.2236328125 0.8021979928016663 0.5768353343009949 9.580080276300066e-16 0.0370147702454673
1147.23583984375 1.0183016061782837 0.6079603433609009 9.579112541157828e-16 0.037011740053333415
1147.248046875 1.3455166816711426 0.6534063220024109 9.578153276345062e-16 0.03701860869566259
1147.2603759765625 0.586609423160553 0.5444332361221313 9.57718977636756e-16 0.037035507181269384
1147.2725830078125 1.236221194267273 0.6345237493515015 9.576244275840188e-16 0.037062691267614176
1147.2847900390625 0.9111797213554382 0.5899530053138733 9.575304069268735e-16 0.03710083873227775
1147.297119140625 1.1276603937149048 0.6219331622123718 9.5743628039061e-16 0.037149423381544894
1147.309326171875 1.1286730766296387 0.6249843239784241 9.573437420411224e-16 0.03720900579484871
1147.321533203125 1.0196702480316162 0.607322096824646 9.572518389663453e-16 0.03727980899136528
1147.333740234375 0.9109232425689697 0.5935637354850769 9.571607829245155e-16 0.03736292061827345
1147.3460693359375 1.1289350986480713 0.6245586276054382 9.570694092453304e-16 0.03745690812170727
1147.3582763671875 1.4531652927398682 0.662887692451477 9.569796237529214e-16 0.037562750030900864
1147.3704833984375 1.239475965499878 0.6383652091026306 9.568906852934597e-16 0.037681861894412264
1147.3828125 1.2391024827957153 0.6341538429260254 9.568015350757612e-16 0.03781207070995656
1147.39501953125 1.0220680236816406 0.6088083386421204 9.567139730448388e-16 0.03795468279245047
1147.4072265625 0.8047053813934326 0.57663494348526 9.566271521677452e-16 0.03811146224632205
1147.4195556640625 0.8041363954544067 0.580991268157959 9.565401195324149e-16 0.03827945552045452
1147.4317626953125 0.4801628589630127 0.5281516313552856 9.56454780962979e-16 0.03846032228733206
1147.4439697265625 1.1300244331359863 0.6252601146697998 9.56370183547372e-16 0.03865415879084251
1147.4561767578125 1.0227102041244507 0.6073689460754395 9.562862214064754e-16 0.03886325719956878
1147.468505859375 1.0245989561080933 0.609064519405365 9.562022592655788e-16 0.03908356974130477
1147.480712890625 1.241021752357483 0.6403294801712036 9.561198853114583e-16 0.039317226747620615
1147.492919921875 1.5670288801193237 0.68063884973526 9.560382525111667e-16 0.03956683717661393
1147.5052490234375 0.5933403968811035 0.5444249510765076 9.55956619710875e-16 0.039827551645498664
1147.5174560546875 1.350635051727295 0.6540678143501282 9.558764692182411e-16 0.04010185310464668
1147.5296630859375 0.7024685144424438 0.5630165338516235 9.557971657585544e-16 0.0403927296257116
1147.5419921875 0.37647545337677 0.5074859857559204 9.557177564197493e-16 0.040694472170090694
1147.55419921875 1.0247896909713745 0.60907381772995 9.556399352677204e-16 0.04100997455733079
1147.56640625 0.9156786203384399 0.5954629182815552 9.555628552695202e-16 0.041339240705060495
1147.57861328125 0.7010172605514526 0.5633477568626404 9.554866223042673e-16 0.04168579844452429
1147.5909423828125 0.9164767861366272 0.5945187211036682 9.554103893390144e-16 0.04204279674301511
1147.6031494140625 0.9152706265449524 0.5904591679573059 9.553357445605377e-16 0.042413636296139194
1147.6153564453125 1.0252476930618286 0.6109293699264526 9.552618409358897e-16 0.04280219958132527
1147.627685546875 0.5933443307876587 0.5441886782646179 9.551880431903602e-16 0.043200787367002544
1147.639892578125 1.1344730854034424 0.625865638256073 9.551157277524884e-16 0.04361320667948516
1147.652099609375 0.48561713099479675 0.5256006717681885 9.550442593475638e-16 0.04404373075465372
1147.6644287109375 1.347997784614563 0.6483927965164185 9.549727909426392e-16 0.044483803556319534
1147.6766357421875 0.5936018824577332 0.5428828001022339 9.549029107244907e-16 0.04493762339439624
1147.6888427734375 1.1315737962722778 0.6250259280204773 9.548338775392895e-16 0.04540513816175803
1147.7010498046875 1.239089012145996 0.6385418176651001 9.547655855079171e-16 0.045891181585399704
1147.71337890625 1.2384569644927979 0.6356821060180664 9.546975052347815e-16 0.04638606531721893
1147.7255859375 0.4847339391708374 0.526776909828186 9.546309072693037e-16 0.046894562606930895
1147.73779296875 1.6686935424804688 0.6890502572059631 9.54565156336773e-16 0.04742185213696111
1147.7501220703125 1.1305193901062012 0.6246081590652466 9.544995112833608e-16 0.0479574466634458
1147.7623291015625 0.7003639340400696 0.5604897141456604 9.544354544167247e-16 0.04850646858022742
1147.7745361328125 0.9152974486351013 0.5948678255081177 9.543721387039175e-16 0.049074526787896734
1147.786865234375 0.16198033094406128 0.4721630811691284 9.543091406284654e-16 0.04965030497905955
1147.799072265625 0.8093756437301636 0.5770750641822815 9.542475189815527e-16 0.05023936327513089
1147.811279296875 1.130664587020874 0.6199286580085754 9.541868502467056e-16 0.0508415625900712
1147.823486328125 0.9129541516304016 0.592747688293457 9.541269226656874e-16 0.051463120860080425
1147.8358154296875 0.6983658075332642 0.5580180287361145 9.540673127220243e-16 0.052091679953155785
1147.8480224609375 0.267650306224823 0.49109402298927307 9.54009185086019e-16 0.0527332020645095
1147.8602294921875 1.4501628875732422 0.664107620716095 9.53951904482961e-16 0.0533943025569947
1147.87255859375 1.1267170906066895 0.6225239038467407 9.53894941517258e-16 0.05406180681973038
1147.884765625 1.3414214849472046 0.6495072245597839 9.538393549800945e-16 0.054742169847261504
1147.89697265625 1.2337936162948608 0.6353618502616882 9.537847213549966e-16 0.05544229498914648
1147.9093017578125 1.448024034500122 0.6625986695289612 9.53730405367254e-16 0.05614822490334452
1147.9215087890625 1.2324225902557373 0.6328350305557251 9.536774658080505e-16 0.056866894973383486
1147.9337158203125 0.694166362285614 0.558601975440979 9.536254791609128e-16 0.057598172469694765
1147.9459228515625 0.8022536039352417 0.5742713809013367 9.535743395467223e-16 0.05834952028718893
1147.958251953125 1.1236834526062012 0.6203957200050354 9.535236234490055e-16 0.059106038678462654
1147.970458984375 1.229074239730835 0.6353220343589783 9.53474283779828e-16 0.059875011905044434
1147.982666015625 1.121288776397705 0.619901180267334 9.53425897022716e-16 0.060664330199108565
1147.9949951171875 0.6918072700500488 0.561323881149292 9.533779337820777e-16 0.061458274869487954
1148.0072021484375 0.9047722816467285 0.5900875329971313 9.533313469699788e-16 0.06226462720968463
1148.0194091796875 0.7966403961181641 0.5754449367523193 9.53285607190827e-16 0.06309156003810176
1148.03173828125 1.1165008544921875 0.618167519569397 9.532403968072673e-16 0.0639226308015685
1148.0439453125 0.5783612132072449 0.5417175889015198 9.53196562852247e-16 0.06476603990988554
1148.05615234375 1.3305717706680298 0.6447691917419434 9.531535759301738e-16 0.06562166091155472
