wave flux_norm flux_err cont_fit cont_err
1140.4656982421875 1.0362935066223145 0.2980080842971802 2.5291569477560363e-15 0.038450615652612784
1140.4757080078125 0.9630270004272461 0.29132360219955444 2.52921052258995e-15 0.038096215753355485
1140.4857177734375 1.0725674629211426 0.30100128054618835 2.5292602857756013e-15 0.03774423145391148
1140.49560546875 1.2571876049041748 0.31647878885269165 2.5293058137965162e-15 0.03739894041130385
1140.505615234375 0.9261912703514099 0.2884306013584137 2.529348165443879e-15 0.037051895487665146
1140.515625 1.4515323638916016 0.3332248032093048 2.529386705442979e-15 0.0367073987413765
1140.5255126953125 1.076224684715271 0.3016394078731537 2.5294210102773428e-15 0.036369667247075445
1140.5355224609375 1.044588327407837 0.2980915904045105 2.5294521387381544e-15 0.036030415515929726
1140.5455322265625 1.2843058109283447 0.32169249653816223 2.52947966730894e-15 0.03569388389485354
1140.555419921875 0.9606990814208984 0.2882266342639923 2.5295031724732265e-15 0.03536417339738214
1140.5654296875 0.8558535575866699 0.2811448276042938 2.5295235012639606e-15 0.0350332065648501
1140.575439453125 0.9452154636383057 0.2914854884147644 2.529540018406432e-15 0.03470512286156209
1140.58544921875 0.5936577320098877 0.25333112478256226 2.5295529356588776e-15 0.034383925981021246
1140.5953369140625 1.0206406116485596 0.29796281456947327 2.5295622530212974e-15 0.03406174672927545
1140.6053466796875 0.956703782081604 0.29395920038223267 2.5295681822519282e-15 0.03374262353326878
1140.6153564453125 1.2359185218811035 0.318676620721817 2.529570511592533e-15 0.03343045064841701
1140.625244140625 0.8033734560012817 0.27639245986938477 2.5295692410431123e-15 0.033117586152331
1140.63525390625 1.0263780355453491 0.29998600482940674 2.5295645823619024e-15 0.0328079498950009
1140.645263671875 1.2238682508468628 0.3149208128452301 2.5295563237906667e-15 0.03250533127964629
1140.6551513671875 0.6611660718917847 0.2637358009815216 2.5295448888458787e-15 0.03220231720681635
1140.6651611328125 0.7735614776611328 0.2762763500213623 2.529529854011065e-15 0.03190272480497189
1140.6751708984375 1.2268797159194946 0.3217010200023651 2.529511431044462e-15 0.03161020917498424
1140.68505859375 0.7995252013206482 0.2769920527935028 2.5294896199460704e-15 0.03131761045486499
1140.695068359375 1.0654475688934326 0.30251702666282654 2.5294644207158896e-15 0.03102862743414397
1140.705078125 0.9082092642784119 0.2926154136657715 2.529435621595683e-15 0.03074677970530911
1140.7149658203125 1.0432326793670654 0.3009001314640045 2.5294040696183977e-15 0.030465181316317893
1140.7249755859375 1.0390266180038452 0.3003004491329193 2.52936870599285e-15 0.03018738030947288
1140.7349853515625 0.8613877892494202 0.2865173816680908 2.529329954235513e-15 0.029916784105461558
1140.744873046875 1.0493550300598145 0.3070957660675049 2.5292886613793343e-15 0.029646762852420534
1140.7548828125 0.9835889339447021 0.2986956834793091 2.5292433451166562e-15 0.029380749437601612
1140.764892578125 0.7191188335418701 0.267688125371933 2.529194852480426e-15 0.029118812446275767
1140.7747802734375 0.8415187001228333 0.2827823758125305 2.529143606987117e-15 0.028864137702599758
1140.7847900390625 1.019539713859558 0.30127769708633423 2.5290887616037823e-15 0.028610503060326645
1140.7947998046875 1.0823633670806885 0.30644190311431885 2.5290305280886586e-15 0.02836114715181748
1140.8046875 0.8235048055648804 0.28304314613342285 2.52896996523293e-15 0.028119092391816564
1140.814697265625 1.3138341903686523 0.32622620463371277 2.5289053789707017e-15 0.027878427437365277
1140.82470703125 1.3227264881134033 0.32602688670158386 2.5288378280931582e-15 0.027642246621494462
1140.8345947265625 1.2462882995605469 0.3207258880138397 2.528767736116773e-15 0.02741339808290336
1140.8446044921875 0.9610167145729065 0.29343605041503906 2.528693832492125e-15 0.027186302112183116
1140.8546142578125 1.2870681285858154 0.32119494676589966 2.5286169642521616e-15 0.02696387091954607
1140.864501953125 0.9101992845535278 0.286795437335968 2.5285377666715934e-15 0.02674879761564713
1140.87451171875 0.9324358701705933 0.28846070170402527 2.5284547574427624e-15 0.026535836539803563
1140.884521484375 0.7409351468086243 0.26945075392723083 2.5283685718403793e-15 0.026327718208898343
1140.8944091796875 1.4958539009094238 0.3366014361381531 2.528280480413865e-15 0.026126964258084116
1140.9044189453125 0.8832933902740479 0.2829369306564331 2.528188365580851e-15 0.025928669133067954
1140.9144287109375 1.0729526281356812 0.2991477847099304 2.528093074374285e-15 0.02573540001452236
1140.9244384765625 0.8092632293701172 0.2756918966770172 2.52799503031064e-15 0.02554947093774184
1140.934326171875 0.8812501430511475 0.2802868187427521 2.527895080422864e-15 0.025366347360231977
1140.9443359375 0.7629568576812744 0.2688278257846832 2.5277911071285887e-15 0.02518840534108742
1140.954345703125 1.1685868501663208 0.3074187934398651 2.527684169218998e-15 0.025017766227145542
1140.9642333984375 0.8331117033958435 0.27675026655197144 2.5275757490017493e-15 0.024850258663947248
1140.9742431640625 1.052701473236084 0.29670435190200806 2.5274630936197645e-15 0.024688065341998463
1140.9842529296875 1.1284807920455933 0.30407941341400146 2.527347685380701e-15 0.024533107319520728
1140.994140625 1.094543218612671 0.30084288120269775 2.52723079483398e-15 0.02438159408220775
1141.004150390625 0.7952315211296082 0.27295389771461487 2.5271096691225226e-15 0.024235503625877102
1141.01416015625 1.424330234527588 0.3269021809101105 2.52698557879575e-15 0.024096550835150405
1141.0240478515625 0.9778732061386108 0.29065829515457153 2.526860429677793e-15 0.023961327981192267
1141.0340576171875 0.8304252624511719 0.2768195569515228 2.5267310453951e-15 0.02383160678770548
1141.0440673828125 1.1633386611938477 0.30633336305618286 2.5265986964970915e-15 0.0237088913339183
1141.053955078125 0.7940323948860168 0.2726488411426544 2.5264655005661357e-15 0.02359016150577811
1141.06396484375 0.8312956690788269 0.2767690122127533 2.526327857712207e-15 0.02347698240004346
1141.073974609375 1.2360057830810547 0.31275495886802673 2.5261874620011995e-15 0.02337063362670016
1141.0838623046875 0.5344460606575012 0.2437920868396759 2.526046219257245e-15 0.023268496570932422
1141.0938720703125 0.866610050201416 0.28006526827812195 2.525900529590317e-15 0.023171915673343264
1141.1038818359375 1.050980806350708 0.2963893413543701 2.5257522988245476e-15 0.02308088190653846
1141.11376953125 0.718627393245697 0.26485955715179443 2.5256034327840677e-15 0.02299639738416707
1141.123779296875 0.8300918936729431 0.27647221088409424 2.525449908062378e-15 0.022916358483882033
1141.1337890625 1.2339731454849243 0.31035831570625305 2.5252938422418462e-15 0.022841825069302102
1141.1436767578125 1.1622992753982544 0.30485647916793823 2.525137141146604e-15 0.022773578151034285
1141.1536865234375 0.7201839089393616 0.26517441868782043 2.524976204886626e-15 0.022709905789507993
1141.1636962890625 0.9792466759681702 0.28986936807632446 2.524812515769569e-15 0.022651652018365696
1141.173583984375 0.9499379396438599 0.28822413086891174 2.5246484031360384e-15 0.022599386754828376
1141.18359375 1.059657335281372 0.29733771085739136 2.524479843579535e-15 0.022551780745421357
1141.193603515625 1.3491404056549072 0.3216724991798401 2.5243087429241895e-15 0.022509463723920604
1141.2034912109375 0.8390331268310547 0.2780808210372925 2.5241372187523705e-15 0.02247280607274501
1141.2135009765625 0.9858521819114685 0.2911885380744934 2.5239614594158152e-15 0.0224408481039414
1141.2235107421875 0.9098564982414246 0.28492027521133423 2.523783158980418e-15 0.022414012658123632
1141.2333984375 0.9086534380912781 0.2840581238269806 2.5236046467867843e-15 0.022392469725968783
1141.243408203125 0.8683182001113892 0.2782072126865387 2.5234214759119406e-15 0.02237562393404789
1141.25341796875 0.7599843740463257 0.26921382546424866 2.523235975696492e-15 0.02236369823871064
1141.263427734375 0.9942411184310913 0.2935027778148651 2.523048357898675e-15 0.022356676150456476
1141.2733154296875 0.9872246980667114 0.2902703583240509 2.5228605283426214e-15 0.022354304672361477
1141.2833251953125 0.9316917061805725 0.2882450520992279 2.522668040105358e-15 0.022356619472273475
1141.2933349609375 1.0023738145828247 0.2933485507965088 2.5224734342857262e-15 0.022363426404808717
1141.30322265625 0.9679391384124756 0.2908857762813568 2.5222790402243313e-15 0.02237480351812748
1141.313232421875 1.160489559173584 0.3070211112499237 2.5220797757234898e-15 0.022390604790234296
1141.3232421875 0.9005754590034485 0.2832220792770386 2.52187839364028e-15 0.02241046780957103
1141.3331298828125 0.9262248873710632 0.2865177094936371 2.521677435073544e-15 0.022434788890357174
1141.3431396484375 0.9617409706115723 0.29075923562049866 2.521471606067361e-15 0.022463250736814943
1141.3531494140625 0.9634241461753845 0.29099684953689575 2.5212636594788103e-15 0.02249533412258011
1141.363037109375 0.9910085201263428 0.2926461398601532 2.5210563481649698e-15 0.02253173502042314
1141.373046875 1.4668992757797241 0.3301067054271698 2.5208441664116826e-15 0.022571976986967803
1141.383056640625 0.6885672807693481 0.26235100626945496 2.5206298670760272e-15 0.022615401277582305
1141.3929443359375 0.6903967261314392 0.2627723813056946 2.5204159912568455e-15 0.022662974745609216
1141.4029541015625 0.9618242383003235 0.288661926984787 2.5201976685146907e-15 0.0227140785882785
1141.4129638671875 1.3969186544418335 0.3266315758228302 2.5199772281901678e-15 0.022767923604749718
1141.4228515625 1.0343945026397705 0.29649293422698975 2.5197574231403553e-15 0.022825735212322135
1141.432861328125 0.8784080743789673 0.2795119285583496 2.519532747651096e-15 0.02288676342582783
1141.44287109375 1.3004329204559326 0.31869181990623474 2.5193063780959424e-15 0.022950901326480394
1141.4527587890625 0.9562301635742188 0.2894238829612732 2.519080643815499e-15 0.023017204822220298
1141.4627685546875 0.8795742988586426 0.2817203998565674 2.518850039095609e-15 0.023087210215545387
1141.4727783203125 1.3642847537994385 0.3241707682609558 2.5186177403098246e-15 0.023160006845684693
1141.482666015625 1.311341404914856 0.31998777389526367 2.5183862885569874e-15 0.023234557083202653
1141.49267578125 1.378212809562683 0.3265984058380127 2.5181499663647034e-15 0.023312594087591735
1141.502685546875 0.8547953963279724 0.280758798122406 2.517911950106525e-15 0.023393117254181653
1141.5125732421875 0.8530240654945374 0.2807668149471283 2.5176747808812938e-15 0.02347499258356438
1141.5225830078125 0.9327165484428406 0.2885185778141022 2.5174329529748527e-15 0.023560141009644316
1141.5325927734375 1.086318850517273 0.3028724491596222 2.517189431002517e-15 0.023647470535067515
1141.54248046875 0.850206732749939 0.2784193456172943 2.5169469678213655e-15 0.023735776354014956
1141.552490234375 0.9761021137237549 0.2922171652317047 2.5166996342007673e-15 0.0238271393200888
1141.5625 0.7153781056404114 0.2678264081478119 2.5164506065142745e-15 0.023920389123015383
1141.5723876953125 0.8339101672172546 0.2805282771587372 2.5162028493772026e-15 0.024014258788288202
1141.5823974609375 0.7105973958969116 0.2655368149280548 2.515950433558921e-15 0.02411097381105728
1141.5924072265625 0.918872058391571 0.288913369178772 2.5156961119165077e-15 0.02420929256660202
1141.602294921875 0.961451530456543 0.2927757501602173 2.5154432725817523e-15 0.0243078987249054
1141.6123046875 0.9991902709007263 0.296416699886322 2.515185774565787e-15 0.024409138096443538
1141.622314453125 1.0952084064483643 0.303954154253006 2.5149265824839272e-15 0.024511717315400156
1141.63232421875 0.81040358543396 0.2749674618244171 2.514665484577936e-15 0.02461427378638161
1141.6422119140625 0.8982913494110107 0.28526079654693604 2.5144062924960763e-15 0.024719251758725604
1141.6522216796875 1.1086639165878296 0.3026151955127716 2.514142018216533e-15 0.024825320666435644
1141.6622314453125 0.7746434211730957 0.2724669873714447 2.513876261629332e-15 0.024931082949428682
1141.672119140625 0.8381354808807373 0.2762608230113983 2.513612410866262e-15 0.02503907001366294
1141.68212890625 0.953789234161377 0.2891921401023865 2.513343477905509e-15 0.025147908105229575
1141.692138671875 0.8745384216308594 0.28041383624076843 2.513073062637098e-15 0.025256176324057862
1141.7020263671875 0.9119027256965637 0.28463178873062134 2.5128045531928184e-15 0.025366478789765768
1141.7120361328125 1.1283663511276245 0.3029656708240509 2.512531173309092e-15 0.025477411321265065
1141.7220458984375 0.7567034959793091 0.2682759165763855 2.512256311117708e-15 0.025587537158835476
1141.73193359375 0.9773024320602417 0.2896336019039154 2.5119833547504553e-15 0.025699509838634286
1141.741943359375 0.8660404682159424 0.27930742502212524 2.511705527943756e-15 0.02581190418349693
1141.751953125 0.7190459370613098 0.26396891474723816 2.5114264305876356e-15 0.025923279691637876
1141.7618408203125 1.0495094060897827 0.2959805428981781 2.5111492390556467e-15 0.026036324012878018
1141.7718505859375 1.159636378288269 0.3040810227394104 2.510867177084211e-15 0.026149601419606976
1141.7818603515625 1.2329697608947754 0.3113766312599182 2.5105838445633544e-15 0.026263051757384852
1141.791748046875 1.4161717891693115 0.3254426121711731 2.5103028413831028e-15 0.026375228866738102
1141.8017578125 1.2329472303390503 0.3110857903957367 2.5100167560051677e-15 0.026488847393322936
1141.811767578125 0.8283365964889526 0.27417469024658203 2.5097294000778116e-15 0.02660246868102786
1141.8216552734375 1.3407522439956665 0.32006120681762695 2.5094443734910606e-15 0.026714652823417936
1141.8316650390625 1.3044086694717407 0.31654083728790283 2.5091544764648628e-15 0.026828116880503832
1141.8416748046875 1.56190025806427 0.3360234200954437 2.508863308889244e-15 0.026941428202243052
1141.8515625 1.1207834482192993 0.300488144159317 2.5085746824124672e-15 0.027053153347161418
1141.861572265625 1.010270357131958 0.292741984128952 2.5082809737380068e-15 0.027166008987672307
1141.87158203125 0.7161891460418701 0.26331642270088196 2.5079862062723623e-15 0.027278568133874043
1141.8814697265625 1.4504213333129883 0.32818126678466797 2.5076939799055595e-15 0.02738941368566726
1141.8914794921875 1.3774102926254272 0.3232595920562744 2.50739688309931e-15 0.027501243167051777
1141.9014892578125 0.9368658661842346 0.2859381437301636 2.5070985157436398e-15 0.027612642907046066
1141.911376953125 1.2306568622589111 0.31133976578712463 2.506802901245048e-15 0.027722219951366683
1141.92138671875 1.2302898168563843 0.31095200777053833 2.5065024163070096e-15 0.027832644428831297
1141.931396484375 1.3765830993652344 0.32266560196876526 2.506200872577787e-15 0.027942519662509106
1141.9412841796875 1.1930640935897827 0.3081689774990082 2.5059018699474063e-15 0.028050478794143078
1141.9512939453125 0.9363294243812561 0.28562989830970764 2.5055982086358156e-15 0.028159152123385253
1141.9613037109375 0.8628993034362793 0.2786226272583008 2.5052937002912777e-15 0.028267166713840827
1141.9713134765625 1.0455492734909058 0.29517602920532227 2.504987921397319e-15 0.02837318325115792
1141.981201171875 0.8621653318405151 0.27676498889923096 2.5046848953604386e-15 0.028479794224374553
1141.9912109375 1.2295567989349365 0.3111405670642853 2.5043772106423485e-15 0.028585645995804588
1142.001220703125 0.8989561796188354 0.28056231141090393 2.504068678891311e-15 0.028689436129417073
1142.0111083984375 0.9726585149765015 0.2893122136592865 2.5037628999973523e-15 0.028793699433436168
1142.0211181640625 1.046657681465149 0.29520323872566223 2.5034524624221836e-15 0.028897118667540158
1142.0311279296875 0.8262758851051331 0.27343621850013733 2.503140966055831e-15 0.028998418884015754
1142.041015625 0.8631590008735657 0.27702972292900085 2.5028324343047935e-15 0.02910008011134748
1142.051025390625 1.1920005083084106 0.30589839816093445 2.502519455630783e-15 0.029200821053971284
1142.06103515625 1.3394426107406616 0.3183833956718445 2.5022054181655885e-15 0.02929940121406426
1142.0709228515625 1.1933032274246216 0.3086077570915222 2.501894557073946e-15 0.02939823588570884
1142.0809326171875 0.9740675091743469 0.287125825881958 2.501578825542857e-15 0.029496075895913798
1142.0909423828125 0.7893010973930359 0.2699630856513977 2.5012624587370576e-15 0.02959172826916386
1142.100830078125 1.009913444519043 0.2915942072868347 2.5009492683048104e-15 0.02968752973827911
1142.11083984375 0.9369378685951233 0.28458908200263977 2.5006312074331164e-15 0.02978228038842758
1142.120849609375 1.266573190689087 0.31417348980903625 2.5003127230449488e-15 0.02987481719848445
1142.1307373046875 0.7155842185020447 0.2633795440196991 2.4999972032720965e-15 0.02996741158623993
1142.1407470703125 1.010149598121643 0.29098600149154663 2.4996772365762712e-15 0.030058895497599523
1142.1507568359375 0.7522390484809875 0.26738545298576355 2.4993564228474987e-15 0.030149254605467093
1142.16064453125 0.9725435376167297 0.2878185212612152 2.499038997250515e-15 0.030237386733554663
1142.170654296875 1.1924470663070679 0.3077058494091034 2.4987169129723217e-15 0.03032545443370979
1142.1806640625 0.9350974559783936 0.284665584564209 2.4983944051776546e-15 0.030412352106203654
1142.1905517578125 0.8627915382385254 0.2780657708644867 2.4980750737565397e-15 0.03049702361092633
1142.2005615234375 0.7519614696502686 0.26733270287513733 2.497751083654215e-15 0.030581547789705236
1142.2105712890625 0.8982853293418884 0.28193822503089905 2.4974268817936534e-15 0.030664859257623914
1142.220458984375 0.6804214119911194 0.25943073630332947 2.497105856306644e-15 0.03074595465336249
1142.23046875 1.0866364240646362 0.29847297072410583 2.4967803838966615e-15 0.030826819833886427
1142.240478515625 0.719545841217041 0.26358842849731445 2.4964542762119686e-15 0.030906442281658734
1142.2503662109375 0.6801939606666565 0.2592223286628723 2.4961319801755383e-15 0.030983859766852247
1142.2603759765625 0.8729803562164307 0.28067392110824585 2.495805025457898e-15 0.031060973796127933
1142.2703857421875 0.7997420430183411 0.27395400404930115 2.4954776472237844e-15 0.031136815558474418
1142.2802734375 0.7240381240844727 0.26419365406036377 2.4951536571214596e-15 0.031210472697698
1142.290283203125 0.5921737551689148 0.2530151903629303 2.4948254318543986e-15 0.03128375732054444
1142.30029296875 0.8188343644142151 0.277294784784317 2.494496783070864e-15 0.031355746687067525
1142.310302734375 0.5781994462013245 0.249397411942482 2.4941679225290924e-15 0.0314255743601004
1142.3201904296875 0.3230050206184387 0.21885374188423157 2.49384245011911e-15 0.03149496764930356
1142.3302001953125 0.4786185026168823 0.23967520892620087 2.4935127425443912e-15 0.031563042510420455
1142.3402099609375 0.7953208684921265 0.2764376103878021 2.493182611453199e-15 0.03162899445832359
1142.35009765625 0.649101197719574 0.2599419951438904 2.492856292010269e-15 0.031694441207309895
1142.360107421875 0.5795824527740479 0.25482362508773804 2.492525737402603e-15 0.03175856178221797
1142.3701171875 0.6233458518981934 0.25906455516815186 2.4921947592784635e-15 0.031820592279947345
1142.3800048828125 0.6137844920158386 0.2580978274345398 2.4918678045608234e-15 0.031882062251745696
1142.3900146484375 0.5731066465377808 0.2526996433734894 2.49153640292021e-15 0.03194219738259246
1142.4000244140625 0.7118531465530396 0.2711324393749237 2.49120478952136e-15 0.03200028186782984
1142.409912109375 0.9614744186401367 0.296375572681427 2.4908769877707727e-15 0.03205774938214363
1142.419921875 0.6956950426101685 0.2663988173007965 2.490544950855449e-15 0.03211387623767541
1142.429931640625 0.7575281858444214 0.27164727449417114 2.4902129139401253e-15 0.032167999368119655
1142.4398193359375 0.6411918997764587 0.26324549317359924 2.4898846886730643e-15 0.03222145531825723
1142.4498291015625 0.8295277953147888 0.2822937071323395 2.489552228241267e-15 0.032273568725561495
1142.4598388671875 0.7680920958518982 0.2734666168689728 2.4892197678094696e-15 0.032323726346902434
1142.4697265625 0.7964224219322205 0.2770729959011078 2.4888913307841718e-15 0.0323731705384109
1142.479736328125 0.9726879596710205 0.2946741580963135 2.4885586585941376e-15 0.032421273847622924
1142.48974609375 1.0353158712387085 0.30048251152038574 2.4882259864041035e-15 0.032468034623677935
1142.4996337890625 0.7455223202705383 0.2689540684223175 2.487897337620569e-15 0.03251291349218881
1142.5096435546875 0.8813725709915161 0.28393301367759705 2.4875646654305347e-15 0.03255702017393986
1142.5196533203125 1.2200720310211182 0.31464502215385437 2.4872319932405006e-15 0.03259979041437353
1142.529541015625 0.9939061999320984 0.2963343560695648 2.486903344456966e-15 0.032640736851823025
1142.53955078125 0.6997513771057129 0.263873428106308 2.4865708840251686e-15 0.03268086944321399
1142.549560546875 1.0922801494598389 0.3032788932323456 2.4862382118351345e-15 0.0327196778425776
1142.5594482421875 0.8630317449569702 0.28171437978744507 2.4859097748098366e-15 0.0327567177537705
1142.5694580078125 1.0470483303070068 0.29903385043144226 2.485577526136276e-15 0.03279290723625374
1142.5794677734375 1.016593337059021 0.29510805010795593 2.4852452774627156e-15 0.032827785741991765
1142.58935546875 0.9516018629074097 0.28742337226867676 2.4849172639538914e-15 0.0328609589129337
1142.599365234375 0.9691573977470398 0.2897884249687195 2.4845852270385677e-15 0.03289324945342198
1142.609375 0.7227594256401062 0.2649397850036621 2.4842536136397177e-15 0.03292424397532632
1142.6192626953125 0.9102392792701721 0.2834816873073578 2.483926023647367e-15 0.03295359246542523
1142.6292724609375 0.8712203502655029 0.27924007177352905 2.483594622006754e-15 0.03298202828063866
1142.6392822265625 1.270845890045166 0.31390145421028137 2.4832636438826142e-15 0.03300918979448008
1142.6492919921875 1.016593337059021 0.2913896143436432 2.4829326657584746e-15 0.03303477309588871
1142.6591796875 0.7858803272247314 0.269488126039505 2.482606134557308e-15 0.03305941353282761
1142.669189453125 1.190665602684021 0.3067542016506195 2.482275791707879e-15 0.03308279625515377
1142.67919921875 1.264495611190796 0.31251513957977295 2.4819458723749233e-15 0.03310467100332464
1142.6890869140625 1.26118803024292 0.31286129355430603 2.481620188206704e-15 0.03312557862384753
1142.6990966796875 1.3370883464813232 0.31868597865104675 2.481290904148459e-15 0.03314525479402796
1142.7091064453125 0.9330819249153137 0.28325584530830383 2.4809620436066875e-15 0.03316348369947847
1142.718994140625 1.0422554016113281 0.2949922978878021 2.4806374182296522e-15 0.03318073167254152
1142.72900390625 0.7128804326057434 0.26231229305267334 2.4803091929625912e-15 0.03319676900614085
1142.739013671875 0.8588382005691528 0.2779630720615387 2.4799816029702406e-15 0.03321142864124486
1142.7489013671875 0.7836094498634338 0.2694116234779358 2.4796582481426263e-15 0.03322508896099461
1142.7589111328125 0.6762363910675049 0.2588755190372467 2.479331293424986e-15 0.03323756514303613
1142.7689208984375 0.8601428270339966 0.27540192008018494 2.4790049739820564e-15 0.03324874086322539
1142.77880859375 0.8945353627204895 0.2810851037502289 2.4786831014620998e-15 0.03325889508398995
1142.788818359375 0.7495743632316589 0.2658522427082062 2.4783576290521173e-15 0.03326789698568651
1142.798828125 0.7498924136161804 0.266462117433548 2.4780327919168453e-15 0.033275666102329064
1142.8087158203125 1.0060153007507324 0.2916816771030426 2.477712613462783e-15 0.03328240088105805
1142.8187255859375 1.079590082168579 0.29799818992614746 2.477388835118695e-15 0.03328801729136647
1142.8287353515625 1.1528587341308594 0.30397480726242065 2.4770656920493177e-15 0.03329251759634315
1142.838623046875 0.8196993470191956 0.2720290720462799 2.4767469959029132e-15 0.03329588345308694
1142.8486328125 1.190970778465271 0.30732405185699463 2.4764251233829566e-15 0.0332982042994045
1142.858642578125 1.005710244178772 0.28943413496017456 2.4761038861377104e-15 0.03329944838870445
1142.8685302734375 1.2297157049179077 0.31004634499549866 2.475787307573674e-15 0.03329962370519066
1142.8785400390625 0.969567060470581 0.28826704621315 2.475467340877849e-15 0.03329875417957381
1142.8885498046875 0.8219092488288879 0.2735743522644043 2.475148009456734e-15 0.03329683489688941
1142.8984375 1.4098241329193115 0.32507118582725525 2.4748335484750658e-15 0.03329392314248316
1142.908447265625 0.712166428565979 0.261821448802948 2.4745156993616086e-15 0.0332899623414648
1142.91845703125 1.1898417472839355 0.30690187215805054 2.4741986972810987e-15 0.03328498699278238
1142.9283447265625 1.2246689796447754 0.3090178966522217 2.4738863538817987e-15 0.03327909570184552
1142.9383544921875 1.04343581199646 0.29409554600715637 2.4735708341089464e-15 0.03327215013905341
1142.9483642578125 1.2282774448394775 0.31072476506233215 2.4732561613690415e-15 0.033264229866224675
1142.958251953125 0.6022184491157532 0.25036460161209106 2.4729461473103464e-15 0.03325546000691658
1142.96826171875 1.0061209201812744 0.2915743291378021 2.472633168636336e-15 0.03324564319195381
1142.978271484375 1.2619298696517944 0.3114311099052429 2.4723212487535095e-15 0.03323488598526283
1142.98828125 1.0061997175216675 0.29172050952911377 2.4720099641453936e-15 0.03322335539867875
1142.9981689453125 0.7843807935714722 0.269540011882782 2.4717033382184875e-15 0.03321077760883782
1143.0081787109375 0.9679263830184937 0.2869418263435364 2.471393959434503e-15 0.033197301315215554
1143.0181884765625 0.9319853782653809 0.2839258313179016 2.4710856394417023e-15 0.03318312445123866
1143.028076171875 0.8246133923530579 0.27420467138290405 2.470781766371875e-15 0.033167905438334595
1143.0380859375 1.0131860971450806 0.2920254170894623 2.4704753522032056e-15 0.033151827672071386
1143.048095703125 1.0138452053070068 0.2920859754085541 2.4701697850674836e-15 0.03313511797714238
1143.0579833984375 1.0518410205841064 0.29550039768218994 2.4698690883712083e-15 0.03311737365323287
1143.0679931640625 0.6822612285614014 0.25957563519477844 2.4695656388178545e-15 0.03309881445020972
1143.0780029296875 0.7993512749671936 0.2732061445713043 2.4692632480556847e-15 0.03307969518490941
1143.087890625 0.39011871814727783 0.2264748215675354 2.4689655159747248e-15 0.03305955395981687
1143.097900390625 0.4640307128429413 0.23588071763515472 2.468665242794923e-15 0.033038635887481724
1143.10791015625 0.426471471786499 0.2297058403491974 2.4683660284063056e-15 0.03301722529701545
1143.1177978515625 0.5421138405799866 0.2456205189228058 2.4680716844571347e-15 0.032994807707576033
1143.1278076171875 0.6448137164115906 0.25479212403297424 2.467774799409122e-15 0.032971658555309265
1143.1378173828125 0.38713759183883667 0.22513778507709503 2.4674789731522935e-15 0.03294808347723916
1143.147705078125 0.5002868175506592 0.2401207983493805 2.4671880173349117e-15 0.03292351887684547
1143.15771484375 0.6480025053024292 0.2571016848087311 2.466894732176925e-15 0.03289826121319608
1143.167724609375 0.3503268361091614 0.21942515671253204 2.466602717568359e-15 0.03287232760871745
1143.1776123046875 0.4986951947212219 0.2387688010931015 2.466315361641003e-15 0.03284605909658301
1143.1876220703125 0.274127334356308 0.2100602239370346 2.466025676373042e-15 0.03281882474203956
1143.1976318359375 0.34854596853256226 0.21956631541252136 2.465737261654502e-15 0.03279095702489797
1143.20751953125 0.12786152958869934 0.1877536177635193 2.4654537173754085e-15 0.03276281913061166
1143.217529296875 0.49722376465797424 0.23964595794677734 2.465168055513947e-15 0.03273373590463634
1143.2275390625 0.3122157156467438 0.2155880331993103 2.4648836642019063e-15 0.03270406011196882
1143.2374267578125 0.09072193503379822 0.1818021982908249 2.4646039315710756e-15 0.0326741844575504
1143.2474365234375 0.31248611211776733 0.21511468291282654 2.4643222931161135e-15 0.032643379435108436
1143.2574462890625 0.5341477394104004 0.24258334934711456 2.4640419252105724e-15 0.03261203216461575
1143.267333984375 0.27426812052726746 0.20983856916427612 2.463766427744478e-15 0.032580543859203545
1143.27734375 0.3472336530685425 0.22026854753494263 2.463489024454252e-15 0.03254815415014718
1143.287353515625 0.5338568687438965 0.2430245727300644 2.4632128917134472e-15 0.03251526205173944
1143.2972412109375 0.45720186829566956 0.23337185382843018 2.462941629412089e-15 0.03248229029870356
1143.3072509765625 0.6056293249130249 0.2513646185398102 2.4626686730448363e-15 0.032448443879614264
1143.3172607421875 0.4584203064441681 0.23415294289588928 2.4623969872270045e-15 0.032414138295194454
1143.3271484375 0.6425262689590454 0.2538570165634155 2.4621301718486194e-15 0.03237981907775417
1143.337158203125 0.7909124493598938 0.27122461795806885 2.4618616624043398e-15 0.03234464640961606
1143.34716796875 0.6801347732543945 0.2596282660961151 2.461594635267718e-15 0.03230906120161795
1143.357177734375 0.7173054218292236 0.26400864124298096 2.4613290904387537e-15 0.032273516490799896
1143.3670654296875 0.7911695837974548 0.27141910791397095 2.461068627807473e-15 0.032237151245109334
1143.3770751953125 0.9004908204078674 0.28233596682548523 2.460806259352061e-15 0.03220041433409104
1143.3870849609375 0.7901017665863037 0.27027153968811035 2.4605457967207802e-15 0.03216377700413965
1143.39697265625 1.1959000825881958 0.30819612741470337 2.4602899927707094e-15 0.03212634901368747
1143.406982421875 0.8300883769989014 0.2750035524368286 2.460032706512981e-15 0.03208859249114081
1143.4169921875 0.7886956930160522 0.27061697840690613 2.45977690256291e-15 0.03205099020508768
1143.4268798828125 0.7190982103347778 0.2637385129928589 2.459526180810523e-15 0.03201262626759696
1143.4368896484375 0.5711754560470581 0.2465740144252777 2.459273976750478e-15 0.03197397944585929
1143.4468994140625 0.9004873037338257 0.28182393312454224 2.4590234667563275e-15 0.031935540147349645
1143.456787109375 0.9387461543083191 0.2855111062526703 2.4587778272016237e-15 0.0318963730418123
1143.466796875 1.233561396598816 0.31025317311286926 2.458530917097499e-15 0.03185696363733355
1143.476806640625 0.9009250998497009 0.2820468246936798 2.4582859128175058e-15 0.03181781576038662
1143.4866943359375 0.8253405094146729 0.2736091911792755 2.4580455672187224e-15 0.03177797046884464
1143.4967041015625 1.1576604843139648 0.30514952540397644 2.457803951070518e-15 0.031737925810048875
1143.5067138671875 0.9731040000915527 0.28860995173454285 2.457564452504682e-15 0.031698189762215855
1143.5166015625 1.0125714540481567 0.2916998863220215 2.4573296126200557e-15 0.031657791850105574
1143.526611328125 0.938384473323822 0.2851484715938568 2.4570937139442453e-15 0.031617237303653026
1143.53662109375 1.0105228424072266 0.2925018072128296 2.4568597210925663e-15 0.03157653983424715
1143.5465087890625 0.6789912581443787 0.2591264843940735 2.4566303869220972e-15 0.031536211406856744
1143.5565185546875 0.899005115032196 0.28184130787849426 2.4564004174769177e-15 0.031495270914033084
1143.5665283203125 0.7158199548721313 0.26235294342041016 2.4561721420976327e-15 0.0314542256389632
1143.576416015625 0.7888443470001221 0.2707779109477997 2.4559487371577943e-15 0.03141359481558004
1143.58642578125 0.752936601638794 0.2670627534389496 2.4557246969432456e-15 0.03137238512746854
1143.596435546875 0.6063425540924072 0.25204989314079285 2.455502562552828e-15 0.031331115995386946
1143.6063232421875 1.0112577676773071 0.29176872968673706 2.4552850868436206e-15 0.03129029736379203
1143.6163330078125 0.9014219641685486 0.2811327576637268 2.4550669758597026e-15 0.0312489398391265
1143.6263427734375 0.7895638942718506 0.27068790793418884 2.4548509824581528e-15 0.031207560916407057
1143.63623046875 0.9732216596603394 0.28859278559684753 2.4546398594960496e-15 0.031166672632146945
1143.646240234375 0.6064229011535645 0.2517390549182892 2.454428101259236e-15 0.03112528380432703
1143.65625 0.5711238980293274 0.24713407456874847 2.4542184606047906e-15 0.031083905191111465
1143.6661376953125 0.7159315943717957 0.26284486055374146 2.454013478631555e-15 0.03104305795839826
1143.6761474609375 0.7920554280281067 0.2698288857936859 2.453808073141846e-15 0.031001746634458673
1143.6861572265625 0.643718421459198 0.2559248208999634 2.4536049969927417e-15 0.030960486028935322
1143.6961669921875 1.0822255611419678 0.29587483406066895 2.4534040384260056e-15 0.030919787889509703
1143.7060546875 0.6412519216537476 0.25433114171028137 2.4532077385404794e-15 0.030878662975797756
1143.716064453125 0.9014468789100647 0.28169989585876465 2.4530112268967164e-15 0.030837622936846512
1143.72607421875 1.008324146270752 0.29203975200653076 2.4528170445935584e-15 0.030797180892602305
1143.7359619140625 1.2659366130828857 0.3138558566570282 2.4526273092133734e-15 0.030756349291181893
1143.7459716796875 0.8270131945610046 0.27457195520401 2.4524377855914253e-15 0.03071563664096435
1143.7559814453125 1.0092281103134155 0.29146504402160645 2.4522503795518453e-15 0.03067554944270877
1143.765869140625 1.0482858419418335 0.2949737310409546 2.452067632193475e-15 0.030635108536163545
1143.77587890625 0.8588235974311829 0.275583416223526 2.451885096593342e-15 0.030594822352649688
1143.785888671875 0.753034770488739 0.26601842045783997 2.4517046785755767e-15 0.030555186043956767
1143.7957763671875 1.1538512706756592 0.3012940585613251 2.4515291309972582e-15 0.030515234820392537
1143.8057861328125 0.718521237373352 0.2626461386680603 2.4513535834189398e-15 0.030475470449569088
1143.8157958984375 0.9011439085006714 0.2809688150882721 2.451180576939463e-15 0.030436379865364842
1143.82568359375 0.7881025671958923 0.27046898007392883 2.4510120173829595e-15 0.030397010360798463
1143.835693359375 0.7516316175460815 0.26660943031311035 2.4508438813429295e-15 0.030357857885269606
1143.845703125 0.9454529285430908 0.2867164611816406 2.4506782864017413e-15 0.030319402006160918
1143.8555908203125 0.8463873267173767 0.27869218587875366 2.450517138383526e-15 0.030280701557109633
1143.8656005859375 1.1043362617492676 0.30018457770347595 2.4503564138817846e-15 0.030242245194176686
1143.8756103515625 1.2218583822250366 0.31593507528305054 2.450198230478885e-15 0.030204041249985946
1143.885498046875 1.1001582145690918 0.3079082667827606 2.450044705757195e-15 0.03016655724422634
1143.8955078125 1.0900678634643555 0.3066447377204895 2.449891604551979e-15 0.030128878942747447
1143.905517578125 0.9399163126945496 0.29295527935028076 2.4497412562038412e-15 0.03009148213315945
1143.9154052734375 0.9620589017868042 0.2920438349246979 2.4495953547786766e-15 0.030054817873546517
1143.9254150390625 1.1575676202774048 0.3127853572368622 2.4494500886282225e-15 0.03001799571560461
1143.9354248046875 1.304618239402771 0.33028531074523926 2.449307787093084e-15 0.029981475514490638
1143.9453125 0.8277429342269897 0.28499510884284973 2.4491695089644445e-15 0.029945705679512026
1143.955322265625 0.6807972192764282 0.26826906204223633 2.449032501385226e-15 0.02990980678255552
1143.96533203125 1.1441811323165894 0.3165377080440521 2.4488980349048495e-15 0.02987423475893446
1143.9752197265625 1.063653588294983 0.3013415038585663 2.448768015347446e-15 0.029839422301540637
1143.9852294921875 0.988494336605072 0.30170440673828125 2.4486388428229897e-15 0.02980451393894254
1143.9952392578125 0.4961072504520416 0.24293626844882965 2.448512634913849e-15 0.02976995351853466
1144.005126953125 0.922773003578186 0.2979571223258972 2.448390873927681e-15 0.02973615733974012
1144.01513671875 0.8486883044242859 0.2826560139656067 2.4482701717326973e-15 0.029702301594082946
1144.025146484375 0.8255515098571777 0.28295695781707764 2.448152434153029e-15 0.029668809211603624
1144.03515625 1.2302732467651367 0.3251931369304657 2.448037449430439e-15 0.029636084552901492
1144.0450439453125 1.3739246129989624 0.33606982231140137 2.4479266998725857e-15 0.02960333216173183
1144.0550537109375 0.9960864186286926 0.3017329275608063 2.44781743262239e-15 0.02957095870523465
1144.0650634765625 0.7276977896690369 0.27481627464294434 2.4477111299875095e-15 0.02953935728560413
1144.074951171875 1.109769582748413 0.3140566051006317 2.4476088507591285e-15 0.029507754165876195
1144.0849609375 1.0358572006225586 0.3081371784210205 2.447508477354879e-15 0.02947654790204934
1144.094970703125 1.0928428173065186 0.309626042842865 2.447410856807708e-15 0.029446112221241175
1144.1048583984375 1.3544518947601318 0.33546650409698486 2.447317471425273e-15 0.02941570028000165
1144.1148681640625 1.0259476900100708 0.30934715270996094 2.4472257801087327e-15 0.029385697688130714
1144.1248779296875 0.6484299302101135 0.26910173892974854 2.447137053407508e-15 0.029356464285554842
1144.134765625 0.8786122798919678 0.2925271987915039 2.4470525618710192e-15 0.02932728122630809
1144.144775390625 1.250074028968811 0.32820889353752136 2.446969976158662e-15 0.029298517546870805
1144.15478515625 1.0343706607818604 0.30341774225234985 2.446890566819857e-15 0.029270517246594033
1144.1646728515625 0.9772481322288513 0.3018029034137726 2.4468149691293144e-15 0.029242592047853826
1144.1746826171875 0.9426361918449402 0.2961951792240143 2.446741700779377e-15 0.029215094375610692
1144.1846923828125 0.9679585695266724 0.2988152801990509 2.4466713970447548e-15 0.029188351898521505
1144.194580078125 1.5820597410202026 0.3529895842075348 2.446605328474869e-15 0.029161704093061833
1144.20458984375 0.9295962452888489 0.2935751974582672 2.4465413774873513e-15 0.02913549305058594
1144.214599609375 0.6671621203422546 0.2661612629890442 2.4464806028733858e-15 0.029109716507372905
1144.2244873046875 0.954914927482605 0.29671621322631836 2.446423639907683e-15 0.02908467855233196
1144.2344970703125 0.9153655171394348 0.28848206996917725 2.446369218040822e-15 0.029059768638767178
1144.2445068359375 1.4341624975204468 0.34104567766189575 2.4463181843057498e-15 0.02903529665513219
1144.25439453125 1.2135076522827148 0.32088905572891235 2.4462707504607035e-15 0.029011552742081375
1144.264404296875 0.6610163450241089 0.26409924030303955 2.4462262812309727e-15 0.02898795212911268
1144.2744140625 1.0414862632751465 0.30509257316589355 2.4461847766165572e-15 0.028964790845932144
1144.2843017578125 0.9977874159812927 0.30118075013160706 2.4461472954086412e-15 0.02894234518010422
1144.2943115234375 0.8269606232643127 0.28270474076271057 2.4461125670578038e-15 0.028920058929744148
1144.3043212890625 1.3708503246307373 0.33435821533203125 2.4460810150805186e-15 0.028898208617877234
1144.314208984375 0.8198630213737488 0.28135937452316284 2.4460534865097328e-15 0.02887705943561771
1144.32421875 0.7005805373191833 0.26802316308021545 2.4460287107960256e-15 0.028856080906084595
1144.334228515625 0.9456454515457153 0.2879727780818939 2.4460073232141074e-15 0.0288355412104019
1144.3441162109375 1.0165307521820068 0.2941782772541046 2.445989747280452e-15 0.028815675422793535
1144.3541259765625 0.6827259063720703 0.25991567969322205 2.4459753477203486e-15 0.02879600035228545
1144.3641357421875 0.7216602563858032 0.2637442350387573 2.4459643362920343e-15 0.02877675417472126
1144.3741455078125 0.7489619851112366 0.26547953486442566 2.4459569247537458e-15 0.02875816656479261
1144.384033203125 0.6770532131195068 0.2584149241447449 2.4459529013472463e-15 0.028739773860797863
1144.39404296875 0.7886956930160522 0.26884305477142334 2.445952266072536e-15 0.028721806387760996
1144.404052734375 0.6732266545295715 0.25522133708000183 2.4459552306878513e-15 0.02870447511412395
1144.4139404296875 0.30908358097076416 0.21297986805438995 2.4459617951931925e-15 0.02868734656202003
1144.4239501953125 0.5630596280097961 0.24411630630493164 2.4459719595885596e-15 0.028670637120740094
1144.4339599609375 0.7852694988250732 0.2693392336368561 2.4459855121157156e-15 0.02865453528157025
1144.44384765625 0.5650942921638489 0.24509257078170776 2.4460026645328975e-15 0.02863864642104397
1144.453857421875 0.8991037011146545 0.28041356801986694 2.4460234168401053e-15 0.02862316391225247
1144.4638671875 0.712205708026886 0.2613331377506256 2.4460479807955756e-15 0.028608266841907905
1144.4737548828125 0.7485976815223694 0.265135258436203 2.4460757211245982e-15 0.028593582864375508
1144.4837646484375 0.7141503095626831 0.26204583048820496 2.446107696618357e-15 0.028579296153828215
1144.4937744140625 0.7878977060317993 0.2695871591567993 2.4461432720021417e-15 0.02856556608665707
1144.503662109375 0.8964259028434753 0.2807856500148773 2.4461820237594786e-15 0.02855205257224985
1144.513671875 0.7511866688728333 0.2650810778141022 2.446224798923315e-15 0.028538920521025798
1144.523681640625 0.6045360565185547 0.24969568848609924 2.4462715974936508e-15 0.02852631987097454
1144.5335693359375 1.0093748569488525 0.2890837788581848 2.4463215724375388e-15 0.028513931943048253
1144.5435791015625 1.0066074132919312 0.2888825535774231 2.446375782546163e-15 0.028501915187875697
1144.5535888671875 0.602996289730072 0.24938249588012695 2.44643380430305e-15 0.028490255767617767
1144.5634765625 1.0438926219940186 0.2933993339538574 2.446495002433489e-15 0.028479091278122707
1144.573486328125 0.9351833462715149 0.2816362679004669 2.4465606474869013e-15 0.02846813652835946
1144.58349609375 1.2643966674804688 0.31155484914779663 2.446630104188576e-15 0.0284575269291639
1144.5933837890625 1.0034873485565186 0.2897467613220215 2.4467027372638032e-15 0.02844738019801071
1144.6033935546875 0.7882130146026611 0.2669174373149872 2.44678002902024e-15 0.028437437987543626
1144.6134033203125 1.4416166543960571 0.3261466324329376 2.4468613441831766e-15 0.028427821449035516
1144.623291015625 0.6389269828796387 0.2527201473712921 2.4469454122031916e-15 0.028418636284631895
1144.63330078125 0.7142159938812256 0.2603004276752472 2.44703456242089e-15 0.028409651045298606
1144.643310546875 1.0053794384002686 0.29050758481025696 2.447127736045088e-15 0.028400972423168927
1144.6531982421875 0.8603277802467346 0.27660754323005676 2.4472236625263646e-15 0.02839269187303473
1144.6632080078125 0.5646826028823853 0.24372094869613647 2.4473246712053247e-15 0.028384601022853777
1144.6732177734375 0.7120314836502075 0.2618066370487213 2.447429915049021e-15 0.028376795112776767
1144.68310546875 0.4188409447669983 0.22672194242477417 2.447537699991559e-15 0.028369357282415877
1144.693115234375 0.4925309419631958 0.23645921051502228 2.4476507788900176e-15 0.02836209854555864
1144.703125 0.7116407752037048 0.26112881302833557 2.4477680929532123e-15 0.028355100838283822
1144.7130126953125 0.5663706660270691 0.24283166229724884 2.4478881598734856e-15 0.028348441513906544
1144.7230224609375 0.6423596739768982 0.25264784693717957 2.4480135207496792e-15 0.028341945562898905
1144.7330322265625 0.5679931640625 0.24416005611419678 2.448143328548846e-15 0.02833569116323696
1144.7430419921875 0.3454621434211731 0.2175569385290146 2.448277159754512e-15 0.02832973956608421
1144.7529296875 0.7139527797698975 0.26025813817977905 2.4484133203007833e-15 0.028323937382444177
1144.762939453125 0.637711226940155 0.2520272135734558 2.448555621835922e-15 0.028318352054829982
1144.77294921875 0.3459444046020508 0.21653196215629578 2.44870194677756e-15 0.02831303731973201
1144.7828369140625 0.8220314979553223 0.2688164710998535 2.44885081281804e-15 0.02830785695501006
1144.7928466796875 0.45701006054878235 0.2316499650478363 2.449005608089151e-15 0.028302866752021833
1144.8028564453125 0.23566363751888275 0.20186541974544525 2.449164638524998e-15 0.02829811533331141
1144.812744140625 0.4201663136482239 0.22695444524288177 2.4493262100596866e-15 0.028293477153777183
1144.82275390625 0.5631638169288635 0.2444297969341278 2.449493922583243e-15 0.028289004486364448
1144.832763671875 0.49355795979499817 0.23537516593933105 2.4496658702715356e-15 0.028284741551341936
1144.8426513671875 0.16152575612068176 0.19054709374904633 2.449840147300433e-15 0.0282805704694896
1144.8526611328125 0.23462677001953125 0.20158813893795013 2.450020777076435e-15 0.028276537462831527
1144.8626708984375 0.12516672909259796 0.18447045981884003 2.45020585377541e-15 0.02827268234575459
1144.87255859375 0.19890907406806946 0.19710522890090942 2.4503930480567534e-15 0.0282688991584581
1144.882568359375 0.19959744811058044 0.19651110470294952 2.4505870186016746e-15 0.028265225410635506
1144.892578125 0.053275302052497864 0.17242451012134552 2.450785436069569e-15 0.028261654881801136
1144.9024658203125 0.1624951809644699 0.19087712466716766 2.4509857593615946e-15 0.028258218753655872
1144.9124755859375 0.23467810451984406 0.201678067445755 2.451193070675435e-15 0.028254820922497217
1144.9224853515625 0.01731593906879425 0.16646960377693176 2.4514048289122486e-15 0.02825150148101506
1144.932373046875 0.05358901247382164 0.17257274687290192 2.4516184929731935e-15 0.028248284013023373
1144.9423828125 0.08914521336555481 0.17871031165122986 2.4518391450559533e-15 0.028245079586874174
1144.952392578125 0.1273820698261261 0.18544739484786987 2.4520646675781597e-15 0.02824192251190836
1144.9622802734375 0.1635238081216812 0.19064320623874664 2.452291672408024e-15 0.028238840270114075
1144.9722900390625 0.30768823623657227 0.2117519974708557 2.4525260887761765e-15 0.028235745545979407
1144.9822998046875 0.05367662385106087 0.172830268740654 2.452765163825539e-15 0.028232670404964525
1144.9921875 0.12674856185913086 0.18553006649017334 2.453005932940796e-15 0.02822963538217773
1145.002197265625 0.2339237481355667 0.20093654096126556 2.4532543253525784e-15 0.02822656551213526
1145.01220703125 0.05383382737636566 0.1728726327419281 2.453507164687334e-15 0.02822348329318343
1145.0220947265625 0.05379120633006096 0.1729418784379959 2.4537616980879837e-15 0.028220415130665873
1145.0321044921875 0.16226527094841003 0.1901242434978485 2.4540240665433958e-15 0.02821728000553978
1145.0421142578125 0.3831503391265869 0.22165362536907196 2.4542913054382545e-15 0.02821410211545715
1145.052001953125 0.19699428975582123 0.19574494659900665 2.4545596031242973e-15 0.02821091732715441
1145.06201171875 0.27210143208503723 0.20640283823013306 2.454836159381576e-15 0.028207629968116103
1145.072021484375 0.38317686319351196 0.2215813547372818 2.455117586078301e-15 0.028204274990975525
1145.08203125 0.4538891315460205 0.23073644936084747 2.4554036714562362e-15 0.028200881118535068
1145.0919189453125 0.7458075284957886 0.26385512948036194 2.4556910273835922e-15 0.028197357500003413
1145.1019287109375 0.4893665909767151 0.23541443049907684 2.4559868536404208e-15 0.02819373306274349
1145.1119384765625 0.5230838060379028 0.23749098181724548 2.4562873385784592e-15 0.028190045625663775
1145.121826171875 0.5266324281692505 0.2400473952293396 2.4565890940659186e-15 0.028186196179064635
1145.1318359375 0.7800192832946777 0.2673424482345581 2.4568995316410873e-15 0.028182220129327543
1145.141845703125 0.853909432888031 0.2723926901817322 2.457214627897466e-15 0.028178154324951115
1145.1517333984375 0.7057488560676575 0.25792360305786133 2.4575307829450286e-15 0.028173895417194346
1145.1617431640625 0.7452696561813354 0.2627669870853424 2.4578560435967742e-15 0.028169472773506954
1145.1717529296875 0.7795084714889526 0.26628753542900085 2.4581859629297298e-15 0.028164945034902675
1145.181640625 0.8151423335075378 0.27012699842453003 2.4585169410538694e-15 0.028160183860029456
1145.191650390625 0.6705385446548462 0.2551133334636688 2.458856813023955e-15 0.02815523616051927
1145.20166015625 1.0343579053878784 0.2908085882663727 2.4592017671917245e-15 0.028150159946856244
1145.2115478515625 0.8138153553009033 0.2680189311504364 2.459547568392441e-15 0.028144812754847637
1145.2215576171875 0.7426272034645081 0.26297497749328613 2.4599026869555774e-15 0.028139252956910166
1145.2315673828125 0.598442018032074 0.2469044178724289 2.4602628877163973e-15 0.028133539119650896
1145.241455078125 1.1451694965362549 0.2984696328639984 2.460623511993691e-15 0.02812752305881656
1145.25146484375 0.8135161399841309 0.2693463861942291 2.4609938771498778e-15 0.028121264113673227
1145.261474609375 1.0314990282058716 0.29020753502845764 2.4613693245037482e-15 0.02811475302701429
1145.2713623046875 0.5591282844543457 0.24227695167064667 2.4617451953740923e-15 0.028108060895973865
1145.2813720703125 0.5980242490768433 0.24665847420692444 2.4621310188815667e-15 0.028101019182106907
1145.2913818359375 0.813517689704895 0.26917004585266113 2.4625219245867245e-15 0.028093696647675862
1145.30126953125 0.7048316597938538 0.25730788707733154 2.4629130420501192e-15 0.028086174700495563
1145.311279296875 0.5600581765174866 0.24290116131305695 2.4633145356671177e-15 0.028078266507250933
1145.3212890625 0.561392605304718 0.24195124208927155 2.463720899723563e-15 0.028070047233981887
1145.3311767578125 0.4151969254016876 0.22442494332790375 2.464127687296482e-15 0.028061618104250063
1145.3411865234375 0.5232364535331726 0.23722083866596222 2.4645448510230046e-15 0.028052760912532733
1145.3511962890625 0.7008285522460938 0.2556847631931305 2.464967096947211e-15 0.028043565312055704
1145.361083984375 0.3793554902076721 0.22056351602077484 2.465389554629654e-15 0.02803414552357039
1145.37109375 0.5956677794456482 0.24669243395328522 2.4658226002239377e-15 0.02802425815984227
1145.381103515625 0.5586392283439636 0.24166661500930786 2.466260939774142e-15 0.02801400629389187
1145.3909912109375 0.2690443694591522 0.20481641590595245 2.466699067566109e-15 0.0280035167505924
1145.4010009765625 0.5936411619186401 0.24499928951263428 2.4671482067863907e-15 0.027992520178958934
1145.4110107421875 0.5585448145866394 0.2421804964542389 2.4676026399625926e-15 0.027981133747733918
1145.4210205078125 0.4457278549671173 0.22694773972034454 2.4680625788529517e-15 0.02796949723652951
1145.430908203125 0.7737686634063721 0.263301819562912 2.468522305985074e-15 0.027957312224581348
1145.44091796875 0.7359083294868469 0.2605525553226471 2.4689930445455106e-15 0.027944716897932736
1145.450927734375 0.5533783435821533 0.23904994130134583 2.4694692888201043e-15 0.0279318555383052
1145.4608154296875 0.4856964349746704 0.2322782427072525 2.4699451095782244e-15 0.027918410645978713
1145.4708251953125 0.6287304162979126 0.24964019656181335 2.4704323652811324e-15 0.027904523201258264
1145.4808349609375 0.7025452852249146 0.2570498585700989 2.4709251266981976e-15 0.027890369042369637
1145.49072265625 0.8817318677902222 0.2747937738895416 2.471417464598789e-15 0.027875583074879244
1145.500732421875 1.1680750846862793 0.29938095808029175 2.4719214492024055e-15 0.02786033690944215
1145.5107421875 0.8062146902084351 0.2656779885292053 2.472430939520179e-15 0.027844810990104107
1145.5206298828125 0.631385087966919 0.2487896978855133 2.472939582805005e-15 0.02782862021153268
1145.5306396484375 0.9151924252510071 0.27781713008880615 2.4734602963093297e-15 0.027811938746458136
1145.5406494140625 1.024951696395874 0.2877863645553589 2.4739867272860483e-15 0.027794975275492923
1145.550537109375 0.842416524887085 0.26985618472099304 2.4745123112298196e-15 0.027777302216033053
1145.560546875 0.8433085083961487 0.26993557810783386 2.4750499653930893e-15 0.027759122345210066
1145.570556640625 1.0925812721252441 0.2923073172569275 2.475593337028753e-15 0.027740651017316882
1145.5804443359375 0.9901770353317261 0.2833947241306305 2.4761356498732325e-15 0.02772143213486331
1145.5904541015625 0.8792990446090698 0.27426862716674805 2.476690456453684e-15 0.027701676811072846
1145.6004638671875 0.7717315554618835 0.26356178522109985 2.4772511922647664e-15 0.027681386512750053
1145.6103515625 0.7320590615272522 0.2589253783226013 2.477810657526428e-15 0.027660803024657312
1145.620361328125 0.8411825895309448 0.2702752649784088 2.4783826165240613e-15 0.02763941654324545
1145.63037109375 0.8802261352539062 0.2732709050178528 2.4789607165105624e-15 0.02761746902564733
1145.6402587890625 0.9847034811973572 0.2821839451789856 2.4795373341894057e-15 0.0275952294757524
1145.6502685546875 1.054237961769104 0.28890663385391235 2.4801268691206947e-15 0.02757214694144886
1145.6602783203125 1.1997264623641968 0.30218037962913513 2.4807223332826145e-15 0.02754848001188013
1145.670166015625 0.7690008878707886 0.2619245946407318 2.4813163151368766e-15 0.027524524352435877
1145.68017578125 0.7330955266952515 0.2594744563102722 2.481923637760058e-15 0.027499684872481323
1145.690185546875 0.9855924844741821 0.2832147479057312 2.48253688961387e-15 0.02747424188856649
1145.7000732421875 0.947878360748291 0.28010299801826477 2.4831484474017876e-15 0.027448515006528992
1145.7100830078125 1.160325050354004 0.2978375256061554 2.4837735577168613e-15 0.027421859338263927
1145.7200927734375 0.9839114546775818 0.2832907736301422 2.4844045972625657e-15 0.027394583420266627
1145.72998046875 0.6992632150650024 0.2548857033252716 2.485033730984139e-15 0.027367028001854594
1145.739990234375 1.1283509731292725 0.29490575194358826 2.4856768407493417e-15 0.027338506107162784
1145.75 1.0194777250289917 0.28635573387145996 2.4863258797451753e-15 0.027309346916590743
1145.760009765625 1.0908151865005493 0.29065996408462524 2.4869810597298765e-15 0.02727990767563672
1145.7698974609375 1.1226861476898193 0.29415419697761536 2.4876343338904464e-15 0.027249465619915765
1145.7799072265625 1.0530732870101929 0.28791654109954834 2.488301584094646e-15 0.02721836971739344
1145.7899169921875 0.9112626314163208 0.27607524394989014 2.488974975287713e-15 0.02718700858371003
1145.7998046875 1.231821894645691 0.303480327129364 2.489646248898412e-15 0.027154598045049497
1145.809814453125 1.0519099235534668 0.28862717747688293 2.4903319220692145e-15 0.02712151822155576
1145.81982421875 1.0860081911087036 0.29142898321151733 2.4910237362288845e-15 0.027088183414074648
1145.8297119140625 0.8739634156227112 0.27107569575309753 2.4917132210479495e-15 0.027053758373491804
1145.8397216796875 0.9802803993225098 0.2818661630153656 2.4924175289435914e-15 0.027018655475338525
1145.8497314453125 0.6975309252738953 0.2528076767921448 2.493127766069864e-15 0.026983303478533997
1145.859619140625 1.0521960258483887 0.2885398268699646 2.4938358856137688e-15 0.026946829327144806
1145.86962890625 0.7651877403259277 0.2604850232601166 2.4945586164760135e-15 0.026909658592872594
1145.879638671875 0.6210212707519531 0.2450786530971527 2.4952879118435994e-15 0.0268722532484857
1145.8895263671875 1.0115724802017212 0.2840283513069153 2.496014454354107e-15 0.026833688232068352
1145.8995361328125 1.0838459730148315 0.2909862995147705 2.4967562434576648e-15 0.026794414869991717
1145.9095458984375 0.43980297446250916 0.22397612035274506 2.4975041735500903e-15 0.026754923811926
1145.91943359375 0.9040597677230835 0.2735520005226135 2.498249562543674e-15 0.02671423577914137
1145.929443359375 0.6895160675048828 0.2532418966293335 2.4990104098885453e-15 0.026672828316347347
1145.939453125 0.5125762820243835 0.232757106423378 2.499777609980521e-15 0.026630701452785278
1145.9493408203125 0.9763815402984619 0.2805379629135132 2.5005416336989442e-15 0.026588378853112913
1145.9593505859375 0.7586285471916199 0.25927889347076416 2.5013217510433654e-15 0.026544810794484043
1145.9693603515625 0.9739860892295837 0.28051257133483887 2.502108221134891e-15 0.026500515999311313
1145.979248046875 0.7263729572296143 0.2557716965675354 2.5028915148528645e-15 0.026456042751370434
1145.9892578125 0.5440208315849304 0.23513229191303253 2.5036909021968357e-15 0.026410289166596265
1145.999267578125 0.584044337272644 0.24017208814620972 2.504496854046148e-15 0.026363804865163362
1146.0091552734375 0.8279966711997986 0.26531651616096497 2.505299206005435e-15 0.02631715976035985
1146.0191650390625 0.6154546141624451 0.24290385842323303 2.5061182868654297e-15 0.02626920740643859
1146.0291748046875 0.47572335600852966 0.2283928096294403 2.506943720472529e-15 0.026220512689107744
1146.0390625 0.5821489095687866 0.2395840734243393 2.5077655541896025e-15 0.026171688110189117
1146.049072265625 0.5467235445976257 0.23604260385036469 2.508604328565621e-15 0.02612151961498258
1146.05908203125 0.6188248991966248 0.24453088641166687 2.509449455688744e-15 0.02607060772625506
1146.0689697265625 0.8306639790534973 0.2651822566986084 2.5102909829218412e-15 0.026019589284924118
1146.0789794921875 0.7912827134132385 0.2586768865585327 2.5111494508138835e-15 0.0259672018957297
1146.0889892578125 0.26351219415664673 0.19943012297153473 2.5120146949695037e-15 0.025914070266867834
1146.0989990234375 0.5467659831047058 0.23530834913253784 2.5128865036304652e-15 0.025860848913399424
1146.10888671875 0.5081501007080078 0.2307579666376114 2.513754500643164e-15 0.025806241569696478
1146.118896484375 0.4756854474544525 0.22621075809001923 2.5146398618312816e-15 0.025750888930805557
1146.12890625 0.4037032723426819 0.21790149807929993 2.5155317875247404e-15 0.025695484627979232
1146.1387939453125 0.22773292660713196 0.1945134550333023 2.5164196898116997e-15 0.025638653680898665
1146.1488037109375 0.4756224453449249 0.22794264554977417 2.5173251680323146e-15 0.025581090199771377
1146.1588134765625 0.3682750463485718 0.2131851315498352 2.5182376342747443e-15 0.02552350497542106
1146.168701171875 0.7230059504508972 0.254741907119751 2.519145441835964e-15 0.02546447391537213
1146.1787109375 0.544465184211731 0.234675332903862 2.52007146060555e-15 0.025404709140156738
1146.188720703125 0.40537598729133606 0.217813640832901 2.5210044673969504e-15 0.02534496134043155
1146.1986083984375 0.6518980264663696 0.24621619284152985 2.5219326037489043e-15 0.02528374555588526
1146.2086181640625 0.9647344946861267 0.27705469727516174 2.522879163067461e-15 0.02522181553778338
1146.2186279296875 0.5069293975830078 0.22983640432357788 2.5238327104078325e-15 0.02515992669061239
1146.228515625 0.893844485282898 0.27074581384658813 2.5247813873087574e-15 0.025096562307260525
1146.238525390625 0.6119674444198608 0.242386132478714 2.5257486989345218e-15 0.025032487196399243
1146.24853515625 0.5764520764350891 0.23761697113513947 2.526723210340338e-15 0.024968499537028174
1146.2584228515625 1.1724681854248047 0.29501453042030334 2.5276924277902336e-15 0.024903021534690765
1146.2684326171875 1.101171851158142 0.2887246608734131 2.5286807034814425e-15 0.024836845593950333
1146.2784423828125 0.6121156215667725 0.2421329915523529 2.5296759671944663e-15 0.024769980398725158
1146.288330078125 1.4195935726165771 0.31365469098091125 2.5306661487098066e-15 0.024703260242861205
1146.29833984375 0.8550382852554321 0.26624733209609985 2.531675600224697e-15 0.024635037349352365
1146.308349609375 0.7481101751327515 0.255174845457077 2.532692039761402e-15 0.024566145174077986
1146.3182373046875 1.1692339181900024 0.2942597568035126 2.533703185342187e-15 0.024497440550322925
1146.3282470703125 1.1341440677642822 0.2900126278400421 2.5347338126807586e-15 0.024427235661173146
1146.3382568359375 1.0645196437835693 0.284748911857605 2.535771428041145e-15 0.02435638316991231
1146.34814453125 0.9928773641586304 0.27799248695373535 2.5368037494456113e-15 0.024285768235623475
1146.358154296875 1.4135174751281738 0.31305035948753357 2.537855764366101e-15 0.024213656628643256
1146.3681640625 0.7834628820419312 0.25819823145866394 2.5389149790666426e-15 0.024140923444681536
1146.3780517578125 1.4103606939315796 0.3120649755001068 2.53996847629479e-15 0.024068481350253263
1146.3880615234375 1.2686374187469482 0.3010031580924988 2.5410423023136718e-15 0.023994551680363057
1146.3980712890625 0.7455340027809143 0.2549392879009247 2.5421231163543683e-15 0.023920035445480728
1146.407958984375 1.3046482801437378 0.3032962381839752 2.5431982129226708e-15 0.02384586100806398
1146.41796875 1.3704980611801147 0.3084329068660736 2.5442936382817074e-15 0.023770214570794018
1146.427978515625 1.0264949798583984 0.28015434741973877 2.5453962634207957e-15 0.02369402160995785
1146.4378662109375 0.9164602160453796 0.2686484158039093 2.5464927475710164e-15 0.02361822726246446
1146.4478759765625 0.9834660887718201 0.27383607625961304 2.5476101957866816e-15 0.023540985345822423
1146.4578857421875 0.9515154361724854 0.27273258566856384 2.5487350555406353e-15 0.023463240660879774
1146.4678955078125 1.05071222782135 0.2798309624195099 2.5498671150746407e-15 0.0233859667773622
1146.477783203125 1.0192592144012451 0.27949145436286926 2.5509928218615417e-15 0.02330726167797888
1146.48779296875 1.1267402172088623 0.288352370262146 2.552139704472124e-15 0.02322810651586546
1146.497802734375 0.9151992201805115 0.268602579832077 2.553293998620995e-15 0.023149492236202305
1146.5076904296875 0.7071064114570618 0.2497570812702179 2.5544417282645244e-15 0.023069488890210127
1146.5177001953125 1.3307744264602661 0.3044232130050659 2.555611057248209e-15 0.02298908768193642
1146.5277099609375 1.0510843992233276 0.28145503997802734 2.556787797770182e-15 0.02290929856725286
1146.53759765625 1.2587553262710571 0.2982126474380493 2.55795755027034e-15 0.02282817235101503
1146.547607421875 0.9478521943092346 0.27165988087654114 2.559149325627127e-15 0.022746712662383248
1146.5576171875 0.912577748298645 0.2696954905986786 2.5603485125222022e-15 0.02266594058896122
1146.5675048828125 0.912501871585846 0.2677041292190552 2.5615407113954627e-15 0.022583891245684388
1146.5775146484375 1.0161668062210083 0.2781144678592682 2.5627551448835885e-15 0.022501580306093106
1146.5875244140625 1.2578791379928589 0.29792559146881104 2.5639772016682397e-15 0.02242004317908191
1146.597412109375 0.7051206231117249 0.2481069266796112 2.5651918469146023e-15 0.022337293587260366
1146.607421875 0.9586228132247925 0.27436167001724243 2.5664289385340672e-15 0.022254365177159695
1146.617431640625 0.8958009481430054 0.26802653074264526 2.5676738652082942e-15 0.02217230348313317
1146.6273193359375 0.916788637638092 0.27277234196662903 2.568911168585996e-15 0.02208911150535335
1146.6373291015625 1.1841435432434082 0.29803797602653503 2.5701713418532736e-15 0.02200582940910178
1146.6473388671875 1.3071902990341187 0.3085606098175049 2.5714393501753132e-15 0.02192248973475893
1146.6572265625 0.9539554119110107 0.27949801087379456 2.572699523442591e-15 0.021840150181809473
1146.667236328125 1.3915085792541504 0.31882724165916443 2.573982778357681e-15 0.021756806929379275
1146.67724609375 1.023362159729004 0.28497761487960815 2.5752740800857703e-15 0.021673522573038374
1146.6871337890625 0.5788607001304626 0.23970940709114075 2.5765571232426237e-15 0.021591328094790602
1146.6971435546875 1.0663057565689087 0.29099133610725403 2.5778638833220003e-15 0.021508255437429756
1146.7071533203125 0.855216383934021 0.2733114957809448 2.579178478456139e-15 0.02142534769595397
1146.717041015625 0.685851514339447 0.2545342743396759 2.580484603260805e-15 0.021343657466809555
1146.72705078125 1.2518595457077026 0.3111768960952759 2.581814868504468e-15 0.021261213725739213
1146.737060546875 1.363963007926941 0.3184310793876648 2.583152968802893e-15 0.021179066566513853
1146.7469482421875 0.8641199469566345 0.2724874019622803 2.5844825987718454e-15 0.021098255498378772
1146.7569580078125 1.0365887880325317 0.2861248850822449 2.5858363691797946e-15 0.021016844623941797
1146.7669677734375 0.9183952808380127 0.27994808554649353 2.5871981864007427e-15 0.020935872979072352
1146.77685546875 1.473192572593689 0.3229321837425232 2.5885513215339814e-15 0.02085637227001055
1146.786865234375 0.9078320264816284 0.2747988700866699 2.5899290206226906e-15 0.020776428696881344
1146.796875 1.027963638305664 0.28886258602142334 2.5913147665243986e-15 0.02069708980323604
1146.806884765625 1.0102025270462036 0.28589358925819397 2.5927083474808687e-15 0.02061936472860053
1146.8167724609375 0.9285238981246948 0.28096726536750793 2.5940930345913927e-15 0.02054138118351454
1146.8267822265625 1.1403683423995972 0.29931822419166565 2.5955029209320975e-15 0.020464178707846534
1146.8367919921875 0.7308748364448547 0.26016682386398315 2.5969206423275644e-15 0.02038873457451585
1146.8466796875 0.7554101347923279 0.2576964795589447 2.5983292581188483e-15 0.020313253884385634
1146.856689453125 1.1400983333587646 0.29969650506973267 2.599763073140313e-15 0.020238731107075775
1146.86669921875 1.0379650592803955 0.28589072823524475 2.6012053584912502e-15 0.02016612486447483
1146.8765869140625 0.7408733367919922 0.26178833842277527 2.602637902963294e-15 0.020093720139567985
1146.8865966796875 0.9045386910438538 0.2730201184749603 2.604096281940229e-15 0.020022481271281548
1146.8966064453125 0.9340420961380005 0.27850857377052307 2.6055629194884e-15 0.0199533262427167
1146.906494140625 1.179665207862854 0.30354276299476624 2.6070196043994406e-15 0.019884626767619352
1146.91650390625 0.8357493877410889 0.2695026695728302 2.608502547331846e-15 0.019817316678200338
1146.926513671875 0.8159873485565186 0.2619406580924988 2.6099937488354872e-15 0.019752273420116193
1146.9364013671875 1.1294183731079102 0.29313403367996216 2.6114747859437614e-15 0.01968796355758116
1146.9464111328125 1.1182050704956055 0.29438015818595886 2.612982504589874e-15 0.01962528078145478
1146.9564208984375 0.8750212788581848 0.27293992042541504 2.6144984818072224e-15 0.01956504560277535
1146.96630859375 0.6478632688522339 0.2447497695684433 2.6160042946292037e-15 0.019505856426759543
1146.976318359375 1.110256552696228 0.2917746305465698 2.6175367889890236e-15 0.01944855186069388
1146.986328125 1.3164867162704468 0.30922919511795044 2.619077541920079e-15 0.019393218586933422
1146.9962158203125 0.7780826091766357 0.2570384740829468 2.620607918697531e-15 0.01934059011892752
1147.0062255859375 0.8346090316772461 0.26047220826148987 2.6221656122875315e-15 0.019289455140103655
1147.0162353515625 0.8246545791625977 0.26331865787506104 2.623731564448768e-15 0.01924057101948884
1147.026123046875 1.3683394193649292 0.31452715396881104 2.625286716939927e-15 0.019194587529205692
1147.0361328125 1.1757868528366089 0.2963656485080719 2.6268696097601083e-15 0.019150463766909532
1147.046142578125 1.0013184547424316 0.28164252638816833 2.6284609729097623e-15 0.019108880268303662
1147.0560302734375 1.1701046228408813 0.2980464696884155 2.630041324631102e-15 0.01907039574449198
1147.0660400390625 0.9177851676940918 0.27355462312698364 2.6316494166814643e-15 0.019034156101641532
1147.0760498046875 1.1061625480651855 0.28812968730926514 2.633266190819536e-15 0.019000761389213548
1147.0859375 0.6236697435379028 0.23810333013534546 2.6348715300128197e-15 0.01897066251281301
1147.095947265625 1.4240121841430664 0.3102726340293884 2.6365054565680732e-15 0.018943219996575996
1147.10595703125 1.2843847274780273 0.2959968149662018 2.6381478534527993e-15 0.018918926950677657
1147.1158447265625 1.1237696409225464 0.2818831503391266 2.6397786036345006e-15 0.018898126801895083
1147.1258544921875 1.1222437620162964 0.2806728780269623 2.641437941178172e-15 0.018880405747421825
1147.1358642578125 1.3225644826889038 0.2967270612716675 2.643106172567789e-15 0.018866154317493958
1147.1458740234375 1.0496891736984253 0.2738460302352905 2.644783086045116e-15 0.018855577395058734
1147.15576171875 0.7510319352149963 0.24621132016181946 2.646447929302944e-15 0.018848520894302192
1147.165771484375 0.9826071858406067 0.2683694362640381 2.6481419951974528e-15 0.01884524553713239
1147.17578125 0.9784023761749268 0.26610758900642395 2.6498447431796707e-15 0.01884582111249053
1147.1856689453125 1.0795413255691528 0.275846004486084 2.6515354209423903e-15 0.018850362350415286
1147.1956787109375 0.8444496989250183 0.25444093346595764 2.653255533100027e-15 0.01885899655995217
1147.2056884765625 1.0450056791305542 0.27289271354675293 2.65498453910361e-15 0.0188716382530713
1147.215576171875 0.5785767436027527 0.22836245596408844 2.6567012631294575e-15 0.018888699779701548
1147.2255859375 0.9122234582901001 0.26158273220062256 2.658447633308459e-15 0.01891014914984817
1147.235595703125 1.212243676185608 0.28620123863220215 2.6602031090916436e-15 0.018935741586391153
1147.2454833984375 1.0433377027511597 0.27276211977005005 2.6619456676223825e-15 0.018966207422590347
1147.2554931640625 0.9770554304122925 0.2668853998184204 2.6637185075809857e-15 0.01900134374894671
1147.2655029296875 1.1736109256744385 0.2818458080291748 2.665500453143772e-15 0.01904073434455197
1147.275390625 0.7770422697067261 0.24765698611736298 2.6672692696958758e-15 0.019085435507651145
1147.285400390625 1.2382279634475708 0.2878073453903198 2.6690687911923175e-15 0.019135079453166486
1147.29541015625 0.9729955792427063 0.26609164476394653 2.6708772065347055e-15 0.019189055399925582
1147.3052978515625 1.0725229978561401 0.2735265791416168 2.672672492866411e-15 0.0192487673961748
1147.3153076171875 0.8742554783821106 0.2570604979991913 2.674498907658928e-15 0.019313663202325592
1147.3253173828125 1.0388524532318115 0.27118465304374695 2.6763342162973913e-15 0.01938382168109928
1147.335205078125 1.1350566148757935 0.2780457139015198 2.6781559724086985e-15 0.01945836332203434
1147.34521484375 1.135707139968872 0.2790650725364685 2.680009280497291e-15 0.019539184118002234
1147.355224609375 1.06956148147583 0.2732551693916321 2.6818716941900663e-15 0.01962546908165308
1147.3651123046875 1.0982060432434082 0.27389833331108093 2.683720131839212e-15 0.01971613425009575
1147.3751220703125 1.0363811254501343 0.2692324221134186 2.6856007567403533e-15 0.01981346219850071
1147.3851318359375 1.0663474798202515 0.27281123399734497 2.687490063729204e-15 0.019916426072117126
1147.39501953125 0.9361395835876465 0.2613782286643982 2.689365606432662e-15 0.020023718182060432
1147.405029296875 0.9660325646400452 0.2641795873641968 2.6912733363881154e-15 0.02013804498737065
1147.4150390625 0.9009227156639099 0.2574765980243683 2.693190171947752e-15 0.020258141062627938
1147.4249267578125 0.867030680179596 0.25486138463020325 2.695092607947285e-15 0.02038248815403051
1147.4349365234375 0.8981444835662842 0.2571069300174713 2.6970278664735243e-15 0.020514189928079445
1147.4449462890625 0.801575779914856 0.24853570759296417 2.6989722306039465e-15 0.020651777436769724
1147.454833984375 1.1274607181549072 0.2764354348182678 2.7009019834160286e-15 0.0207934957497238
1147.46484375 1.0592339038848877 0.2711060643196106 2.7028647705130537e-15 0.020942876841521588
1147.474853515625 0.6359949707984924 0.23088683187961578 2.7048368749724985e-15 0.021098213557118287
1147.48486328125 0.6673638224601746 0.23461183905601501 2.706818296794363e-15 0.02125752533906723
1147.4947509765625 1.1529005765914917 0.27793431282043457 2.708784472023177e-15 0.021424768667591357
1147.5047607421875 0.8310236930847168 0.2495611160993576 2.7107843168116446e-15 0.02159803285786008
1147.5147705078125 1.1524710655212402 0.27781620621681213 2.7127936907207686e-15 0.02177508837817768
1147.524658203125 0.8914765119552612 0.2539977729320526 2.7147876062786052e-15 0.021960325449532823
1147.53466796875 1.08561110496521 0.27148333191871643 2.716815403154332e-15 0.02215159674006107
1147.544677734375 0.8266470432281494 0.24851559102535248 2.7188527291507154e-15 0.022346468630648448
1147.5545654296875 1.0535564422607422 0.26859721541404724 2.7208745967958114e-15 0.022549733733710952
1147.5645751953125 0.7592993378639221 0.24200782179832458 2.7229305575170344e-15 0.022759039713784592
1147.5745849609375 0.6302956938743591 0.22851641476154327 2.724996259117151e-15 0.02297170141969865
1147.58447265625 0.854472815990448 0.25120049715042114 2.7270458670912694e-15 0.023192980507951506
1147.594482421875 0.9206397533416748 0.2566626965999603 2.7291302034162255e-15 0.023420264343786284
1147.6044921875 1.048321008682251 0.2680770456790924 2.731224280620075e-15 0.023650670567391
1147.6143798828125 1.0777405500411987 0.26993995904922485 2.7333020524396897e-15 0.02388988732187629
1147.6243896484375 1.1429163217544556 0.2751862406730652 2.7354149761266155e-15 0.024135073517785342
1147.6343994140625 0.5627719759941101 0.22071261703968048 2.737537428934198e-15 0.024383135157322072
1147.644287109375 0.883634090423584 0.2520032823085785 2.739643576357546e-15 0.02464016196770353
1147.654296875 0.9155987501144409 0.255229651927948 2.7417852991646783e-15 0.024903116207529333
1147.664306640625 1.1064420938491821 0.27201658487319946 2.7439365510924674e-15 0.02517199010729393
1147.6741943359375 0.8808061480522156 0.25223761796951294 2.7460708623613115e-15 0.02544339996680405
1147.6842041015625 0.8822116851806641 0.25144243240356445 2.7482413842886506e-15 0.025723978201984552
1147.6942138671875 0.9752686619758606 0.25938698649406433 2.7504214353366464e-15 0.026010417180329582
1147.7041015625 0.9103321433067322 0.2513453960418701 2.752584545725697e-15 0.026299093524311055
1147.714111328125 1.1344820261001587 0.2731848359107971 2.7547840785314796e-15 0.026597145336084146
1147.72412109375 1.3565678596496582 0.28958866000175476 2.7569933522161557e-15 0.026900978169377355
1147.7340087890625 1.2930052280426025 0.2845427691936493 2.759185261725413e-15 0.027206781707303455
1147.7440185546875 1.129616379737854 0.27149659395217896 2.761414017167876e-15 0.027522114390052463
1147.7540283203125 0.844050407409668 0.2476264238357544 2.7636523017309953e-15 0.027843168453330607
1147.763916015625 1.1941463947296143 0.27677440643310547 2.765873222118696e-15 0.02816593799483155
1147.77392578125 0.7153419256210327 0.2357684224843979 2.7681312001978393e-15 0.028498376188008063
1147.783935546875 0.9666182398796082 0.25744935870170593 2.7703991309141127e-15 0.028836471398523727
1147.7938232421875 0.776107907295227 0.24010056257247925 2.77264885042202e-15 0.029176027619467554
1147.8038330078125 0.9020780920982361 0.2523139715194702 2.774936474654317e-15 0.029525384434180544
1147.8138427734375 0.9354509711265564 0.25353899598121643 2.7772338397655076e-15 0.02988040439499197
1147.82373046875 1.5021971464157104 0.29904425144195557 2.779513205426569e-15 0.030236579680913204
1147.833740234375 0.9616832137107849 0.25650501251220703 2.781830264053783e-15 0.03060272415374588
1147.84375 1.183912754058838 0.275112122297287 2.7841574870763643e-15 0.03097447304561058
1147.853759765625 0.8659614324569702 0.24773484468460083 2.7864946627360757e-15 0.0313471404776252
1147.8636474609375 1.0868512392044067 0.26632240414619446 2.7888132036709475e-15 0.03172995138393719
1147.8736572265625 0.8644006252288818 0.246967613697052 2.7911702846049194e-15 0.03211829826543567
1147.8836669921875 0.8642677068710327 0.24719268083572388 2.7935373181760216e-15 0.03250737791183141
1147.8935546875 1.1769543886184692 0.2718766927719116 2.7958855052640473e-15 0.03290671438473092
1147.903564453125 1.0822824239730835 0.26588839292526245 2.7982726558676467e-15 0.03331155717534386
1147.91357421875 0.7994956970214844 0.24080589413642883 2.8006699708666132e-15 0.03371688489174273
1147.9234619140625 0.8938982486724854 0.24945136904716492 2.8030480158660297e-15 0.0341326651002031
1147.9334716796875 1.2045732736587524 0.2753545939922333 2.8054652361392566e-15 0.0345539447083061
1147.9434814453125 0.9531845450401306 0.2539675533771515 2.8078928325660875e-15 0.034975441130785455
1147.953369140625 0.7977778315544128 0.239602729678154 2.8103009472351314e-15 0.03540761204245263
1147.96337890625 1.1381036043167114 0.26868557929992676 2.8127486606944595e-15 0.03584523368055813
1147.973388671875 1.1683324575424194 0.2705966830253601 2.8152065385491547e-15 0.03628290821216892
1147.9832763671875 0.9787638783454895 0.25435420870780945 2.8176447228878262e-15 0.036731388012712196
1147.9932861328125 0.9790956377983093 0.25506868958473206 2.8201231412914923e-15 0.03718533503126325
1148.0032958984375 1.134427785873413 0.2678220868110657 2.8226117240905254e-15 0.03764472871303998
1148.01318359375 1.1023178100585938 0.26580482721328735 2.8250799780988245e-15 0.038103927668193455
1148.023193359375 1.007999300956726 0.2574402987957001 2.8275893132050653e-15 0.0385741802812397
1148.033203125 1.192671775817871 0.2725084722042084 2.8301086009484364e-15 0.03904989399375972
1148.0430908203125 1.0350085496902466 0.2593746781349182 2.8326075599010734e-15 0.039525153767543085
1148.0531005859375 0.9727425575256348 0.2539789378643036 2.8351473881934154e-15 0.040011764330063274
1148.0631103515625 1.0364034175872803 0.25751054286956787 2.837698016155835e-15 0.040503808857104404
