wave flux_norm flux_err cont_fit cont_err
1140.4681396484375 0.8310984373092651 0.3808058798313141 1.269267118878426e-15 0.04429839375928422
1140.4781494140625 1.3428820371627808 0.4300829768180847 1.2687576285606524e-15 0.04382624617468147
1140.4881591796875 1.1964168548583984 0.41756588220596313 1.268250996979076e-15 0.043357985701790794
1140.498046875 0.8568873405456543 0.3824085593223572 1.2677535768808009e-15 0.04289928606907558
1140.508056640625 1.4263360500335693 0.4407178461551666 1.2672528745298552e-15 0.04243890362467789
1140.51806640625 0.8487435579299927 0.38040125370025635 1.2667550309151065e-15 0.04198255867727167
1140.528076171875 0.9335933327674866 0.3870338499546051 1.2662601519156731e-15 0.04153032590792245
1140.5379638671875 1.2590110301971436 0.4223669171333313 1.265774166762186e-15 0.04108769148952357
1140.5479736328125 0.9181896448135376 0.3883931636810303 1.265285111114265e-15 0.040643785842562265
1140.5579833984375 1.0193798542022705 0.4001540541648865 1.2647990200816595e-15 0.040204170167008675
1140.56787109375 0.9867759346961975 0.3978360891342163 1.2643216111367633e-15 0.03977417534969138
1140.577880859375 1.373327374458313 0.432034432888031 1.2638411316974333e-15 0.039343259552030774
1140.587890625 1.6289880275726318 0.45414814352989197 1.2633636168734187e-15 0.038916812579299645
1140.5977783203125 1.040523886680603 0.39950621128082275 1.2628947841371134e-15 0.038500017505028745
1140.6077880859375 0.5602149367332458 0.3454728126525879 1.2624229867854928e-15 0.038082663906338715
1140.6177978515625 0.9437886476516724 0.38829195499420166 1.261954048170069e-15 0.03766997515891183
1140.627685546875 0.8264915943145752 0.37707144021987915 1.261493579884118e-15 0.03726698204885366
1140.6376953125 0.612725555896759 0.35145074129104614 1.2610303587410883e-15 0.03686379161348394
1140.647705078125 0.9501909613609314 0.38556522130966187 1.2605698904551372e-15 0.03646548036816274
1140.6575927734375 1.4024593830108643 0.4301573634147644 1.2601178924986586e-15 0.03607690282592221
1140.6676025390625 1.001518726348877 0.39201754331588745 1.259663035805983e-15 0.03568851644702725
1140.6776123046875 1.2527289390563965 0.4155275523662567 1.2592110378495044e-15 0.03530523817215534
1140.6875 1.286011815071106 0.4152687191963196 1.25876740434338e-15 0.03493172364301394
1140.697509765625 0.7985076308250427 0.36942043900489807 1.258321017980177e-15 0.03455881239001058
1140.70751953125 1.2914018630981445 0.4183332026004791 1.257877490353171e-15 0.03419123746659854
1140.7174072265625 0.894311785697937 0.3810933530330658 1.2574420095391638e-15 0.03382907780772206
1140.7274169921875 1.1406116485595703 0.4050350785255432 1.257003987626315e-15 0.033476722563240593
1140.7374267578125 0.7914201021194458 0.36921000480651855 1.2565687185705447e-15 0.033125555044626324
1140.7474365234375 0.8959876894950867 0.38037362694740295 1.2561363082509713e-15 0.03278003587153638
1140.75732421875 1.1853946447372437 0.40718725323677063 1.2557118388652785e-15 0.03244435282662402
1140.767333984375 1.0380170345306396 0.3931191861629486 1.2552849342598624e-15 0.032110309936534485
1140.77734375 1.0363279581069946 0.393635094165802 1.2548606766324064e-15 0.03178215487276507
1140.7872314453125 1.0874015092849731 0.39959242939949036 1.2544443599388309e-15 0.031463867007275666
1140.7972412109375 0.9888797998428345 0.38916459679603577 1.254025608025532e-15 0.031147674133907607
1140.8072509765625 1.0367727279663086 0.39308804273605347 1.2536096089693118e-15 0.03083761279801226
1140.817138671875 0.8901204466819763 0.38073715567588806 1.2532013390887352e-15 0.030537440673438332
1140.8271484375 0.5453487634658813 0.34176570177078247 1.252790845746672e-15 0.03023982603024624
1140.837158203125 1.086114525794983 0.39957424998283386 1.2523828935034507e-15 0.02994858942448561
1140.8470458984375 0.9404526352882385 0.3823588788509369 1.251982670435873e-15 0.02966724258968016
1140.8570556640625 1.1336588859558105 0.4015268087387085 1.2515802239068089e-15 0.029388916140132865
1140.8670654296875 1.3790849447250366 0.42452272772789 1.2511804243557048e-15 0.029117201041192663
1140.876953125 0.9386215209960938 0.3847298324108124 1.2507881422220077e-15 0.028855369589899205
1140.886962890625 1.137338638305664 0.40365633368492126 1.2503937425059424e-15 0.028597026538934575
1140.89697265625 0.9908838272094727 0.38994818925857544 1.2500019897678373e-15 0.02834551948009123
1140.9068603515625 0.5465877056121826 0.34264594316482544 1.2496176485680206e-15 0.02810385095570225
1140.9168701171875 0.8463476300239563 0.3770693242549896 1.2492311897858359e-15 0.027866127196116718
1140.9268798828125 1.044883370399475 0.396079421043396 1.2488473779816113e-15 0.027635441327537032
1140.936767578125 1.1366482973098755 0.4037656784057617 1.2484708718365567e-15 0.027411843200853034
1140.94677734375 0.9922974109649658 0.389606773853302 1.248092248109134e-15 0.02719800197886196
1140.956787109375 0.7451540231704712 0.36529141664505005 1.24771637723879e-15 0.026988678251996273
1140.966796875 1.2428791522979736 0.4133070707321167 1.247343153346406e-15 0.026786615905940017
1140.9766845703125 0.952674925327301 0.38921040296554565 1.2469770233549554e-15 0.026594188221340388
1140.9866943359375 0.8619348406791687 0.37960782647132874 1.246608881660255e-15 0.026406691820939823
1140.9967041015625 1.1491543054580688 0.40678805112838745 1.2462434928226331e-15 0.026226574066006657
1141.006591796875 1.1087809801101685 0.40305671095848083 1.2458849861277078e-15 0.026055937814713517
1141.0166015625 0.9642151594161987 0.39044398069381714 1.2455246794877695e-15 0.025890592981536144
1141.026611328125 0.5068851113319397 0.3398788869380951 1.2451670198257913e-15 0.025732714227182173
1141.0364990234375 0.916753351688385 0.38707393407821655 1.2448162423065096e-15 0.02558410556100238
1141.0465087890625 1.0084508657455444 0.3945085108280182 1.244463664842215e-15 0.025441113360505307
1141.0565185546875 1.0001260042190552 0.39273566007614136 1.2441136284767622e-15 0.0253056182598981
1141.06640625 0.7086403369903564 0.3640412390232086 1.2437704742540058e-15 0.02517913588024595
1141.076416015625 1.0671149492263794 0.4008760154247284 1.2434255200862365e-15 0.02505853469367769
1141.08642578125 0.9102264046669006 0.3841564655303955 1.2430832128964273e-15 0.024945408423310722
1141.0963134765625 0.7643718719482422 0.3699558973312378 1.2427474702119594e-15 0.024840977001889343
1141.1063232421875 1.1126463413238525 0.40391531586647034 1.2424102452198338e-15 0.02474264027120265
1141.1163330078125 1.3718606233596802 0.4295104742050171 1.2420754554474315e-15 0.024651692765365014
1141.126220703125 1.0024179220199585 0.39358699321746826 1.2417472301803705e-15 0.02456907280201646
1141.13623046875 0.9592406749725342 0.39050474762916565 1.2414174167265334e-15 0.02449268977974563
1141.146240234375 0.8066275715827942 0.3732321560382843 1.241090144371538e-15 0.024423556465587633
1141.1561279296875 1.1602576971054077 0.4082406461238861 1.2407694365218838e-15 0.024361609676595886
1141.1661376953125 1.20907723903656 0.41342487931251526 1.2404471404854536e-15 0.024307409104211773
1141.1761474609375 1.0100983381271362 0.3939390480518341 1.2401272796687467e-15 0.024259544662349856
1141.1861572265625 0.9008548855781555 0.38310766220092773 1.2398099599508815e-15 0.02421864486056442
1141.196044921875 0.7644824385643005 0.3691754639148712 1.2394989929801208e-15 0.0241849994266532
1141.2060546875 0.8669799566268921 0.3811098337173462 1.2391865437017023e-15 0.024157685980652842
1141.216064453125 1.0141345262527466 0.39538994431495667 1.2388766355221257e-15 0.02413706112450798
1141.2259521484375 0.5723535418510437 0.34998685121536255 1.2385728683314166e-15 0.024123160011534084
1141.2359619140625 1.0792995691299438 0.40108993649482727 1.2382678305912866e-15 0.024115525645504263
1141.2459716796875 0.7201624512672424 0.3659211993217468 1.23796522807088e-15 0.02411425799386755
1141.255859375 1.0362451076507568 0.39915865659713745 1.2376686606602226e-15 0.02411914252810855
1141.265869140625 0.9718379974365234 0.3919450044631958 1.2373709285792628e-15 0.024130179129419047
1141.27587890625 0.6310164928436279 0.3584964871406555 1.2370755258389078e-15 0.024147220156038224
1141.2857666015625 0.948032796382904 0.3926389217376709 1.236786158208302e-15 0.024169822492765614
1141.2957763671875 1.300687551498413 0.42561307549476624 1.2364956259073938e-15 0.02419840957568375
1141.3057861328125 1.2893520593643188 0.4198549687862396 1.236207528826209e-15 0.024232604887756054
1141.315673828125 0.9066652655601501 0.38760384917259216 1.235925149217418e-15 0.024271753810208328
1141.32568359375 0.9205209612846375 0.3909092843532562 1.2356418166965615e-15 0.024316684923944787
1141.335693359375 0.4801916480064392 0.33944955468177795 1.2353608135163099e-15 0.02436680769524153
1141.3455810546875 1.2112195491790771 0.41888362169265747 1.2350855278084522e-15 0.02442127265003787
1141.3555908203125 1.2958226203918457 0.4242992401123047 1.234809289188529e-15 0.024481282711754607
1141.3656005859375 0.7886155843734741 0.37401697039604187 1.2345352740300922e-15 0.02454604914791589
1141.37548828125 1.0393869876861572 0.40212365984916687 1.2342670822231678e-15 0.024615427855261853
1141.385498046875 0.8168748021125793 0.37630072236061096 1.2339978316250593e-15 0.024688346782670848
1141.3955078125 0.9594484567642212 0.3906826972961426 1.2337309103675558e-15 0.024766456335195
1141.405517578125 0.9615643620491028 0.38871049880981445 1.2334663184506572e-15 0.024848742907319515
1141.4154052734375 1.2217179536819458 0.41542547941207886 1.2332072322479158e-15 0.024933979396636843
1141.4254150390625 0.8682827353477478 0.3827238976955414 1.2329472990122272e-15 0.025024128312127265
1141.4354248046875 0.8025076389312744 0.3743671178817749 1.2326896951171435e-15 0.025118020018289392
1141.4453125 0.8541622757911682 0.3782366216182709 1.23243738517798e-15 0.025214299933274273
1141.455322265625 0.7533091902732849 0.3685845732688904 1.2321843340849879e-15 0.025315203792341787
1141.46533203125 0.7994473576545715 0.37297582626342773 1.2319336123326006e-15 0.025419427089494434
1141.4752197265625 1.0950722694396973 0.4023178219795227 1.2316881845361336e-15 0.02552550013523765
1141.4852294921875 0.9486977458000183 0.3861187994480133 1.2314420155858379e-15 0.02563591046692817
1141.4952392578125 0.8498216867446899 0.378480464220047 1.2311980700970286e-15 0.02574923198633123
1141.505126953125 0.5533002614974976 0.34637126326560974 1.2309593126850213e-15 0.025863899895824643
1141.51513671875 0.9479619264602661 0.3878105878829956 1.2307199199983036e-15 0.025982618113521306
1141.525146484375 1.4415634870529175 0.4324145019054413 1.2304827507730724e-15 0.026103857131588085
1141.5350341796875 1.2443143129348755 0.41685062646865845 1.2302506637455247e-15 0.02622596880288406
1141.5450439453125 0.997717022895813 0.3921402394771576 1.2300179414432666e-15 0.02635184982897341
1141.5550537109375 0.7507815957069397 0.3654395639896393 1.229787442602495e-15 0.026479886557994468
1141.56494140625 1.0472877025604248 0.397693008184433 1.229562025959407e-15 0.026608361540510023
1141.574951171875 1.0463690757751465 0.3977702260017395 1.2293359740416085e-15 0.026740330266291596
1141.5849609375 1.0462807416915894 0.39775046706199646 1.2291121455852965e-15 0.026874109000130254
1141.5948486328125 1.7375311851501465 0.4560224115848541 1.2288931875684313e-15 0.027009587275901872
1141.6048583984375 1.0957151651382446 0.4019579589366913 1.228673700155974e-15 0.02714497818804023
1141.6148681640625 1.4417080879211426 0.4324321746826172 1.2284565420841217e-15 0.027283517940915915
1141.6248779296875 1.046578049659729 0.3979089856147766 1.228241395715519e-15 0.027423442947553184
1141.634765625 1.144702434539795 0.4066481590270996 1.2280311197863632e-15 0.02756292405777577
1141.644775390625 1.0464290380477905 0.39939332008361816 1.2278204203407337e-15 0.027705309217555128
1141.65478515625 1.293464183807373 0.42128244042396545 1.2276118384774723e-15 0.0278487925743567
1141.6646728515625 1.4913116693496704 0.4380718469619751 1.2274079152954209e-15 0.027991509825334326
1141.6746826171875 0.8493837118148804 0.3776766359806061 1.2272036744760142e-15 0.028136900097532728
1141.6846923828125 0.8491637110710144 0.3764871656894684 1.2270015512389756e-15 0.028283117111564494
1141.694580078125 1.1960192918777466 0.4108257293701172 1.2268039808040285e-15 0.02842828247644641
1141.70458984375 0.5529448390007019 0.3452281057834625 1.2266061986108447e-15 0.028575900299208944
1141.714599609375 0.7500247359275818 0.36801567673683167 1.2264104281209105e-15 0.02872410212171698
1141.7244873046875 1.1454477310180664 0.40703243017196655 1.2262192104330679e-15 0.028870996545149623
1141.7344970703125 0.8976499438285828 0.38330546021461487 1.22602767510787e-15 0.02902013255096342
1141.7445068359375 1.046083927154541 0.3970554769039154 1.2258382573650402e-15 0.02916962878888037
1141.75439453125 0.8451442718505859 0.37699851393699646 1.2256531806660652e-15 0.02931758968984644
1141.764404296875 0.7956605553627014 0.3718332350254059 1.2254679980879717e-15 0.029467597251877222
1141.7744140625 1.289063811302185 0.41946887969970703 1.225284827213128e-15 0.029617763091293027
1141.7843017578125 0.7457093000411987 0.36677008867263794 1.2251058915030205e-15 0.029766188490652913
1141.7943115234375 1.4874078035354614 0.43729856610298157 1.224926955792913e-15 0.02991647797450461
1141.8043212890625 0.9441623091697693 0.3870881199836731 1.2247499259069369e-15 0.030066740224622954
1141.8143310546875 0.7456949949264526 0.36642980575561523 1.2245751194824473e-15 0.030216917664522728
1141.82421875 1.3385591506958008 0.41959550976753235 1.2244043364644571e-15 0.03036512594777032
1141.834228515625 0.7956876158714294 0.37227433919906616 1.224233553446467e-15 0.03051496839285864
1141.84423828125 1.1906042098999023 0.411677747964859 1.2240647821317265e-15 0.03066456764656054
1141.8541259765625 0.746055543422699 0.3671063184738159 1.2239000342234856e-15 0.03081204731708567
1141.8641357421875 1.0433287620544434 0.39766472578048706 1.223735392194363e-15 0.030961005140445585
1141.8741455078125 1.0919535160064697 0.4023180603981018 1.2235726559893718e-15 0.031109570423763357
1141.884033203125 1.14238703250885 0.4069051146507263 1.22341394319088e-15 0.03125589451807616
1141.89404296875 1.3393253087997437 0.42431291937828064 1.2232552303923882e-15 0.03140354829198808
1141.904052734375 0.9439126253128052 0.3874833583831787 1.2230985292971462e-15 0.0315506760215602
1141.9139404296875 0.9942882657051086 0.3915291726589203 1.2229456398501668e-15 0.031695457257674725
1141.9239501953125 0.8951665163040161 0.38245534896850586 1.2227929621614242e-15 0.03184142406556293
1141.9339599609375 0.845924437046051 0.37769678235054016 1.222642190296813e-15 0.031986750352333344
1141.94384765625 0.6995062232017517 0.36147525906562805 1.2224952300804643e-15 0.03212963802745605
1141.953857421875 0.5994254350662231 0.35142672061920166 1.2223483757432341e-15 0.032273582274637745
1141.9638671875 1.298670768737793 0.4215948283672333 1.2222034272301352e-15 0.032416782426742785
1141.9737548828125 0.9978736042976379 0.39305445551872253 1.222062290365299e-15 0.032557466594538134
1141.9837646484375 1.105461597442627 0.40301674604415894 1.2219212593795811e-15 0.032699086159198844
1141.9937744140625 0.954899251461029 0.38969719409942627 1.221782240097113e-15 0.03283986249120384
1142.003662109375 1.269065260887146 0.41965022683143616 1.2216468207046707e-15 0.0329780705486816
1142.013671875 0.6580565571784973 0.35810187458992004 1.2215115071913469e-15 0.03311709129198548
1142.023681640625 0.31018999218940735 0.317050576210022 1.2213783112603911e-15 0.03325518837827179
1142.03369140625 0.7868718504905701 0.37431129813194275 1.2212469152744483e-15 0.03339233570752174
1142.0435791015625 0.8454062938690186 0.3807852864265442 1.2211190132994129e-15 0.03352685655921585
1142.0535888671875 0.9284244179725647 0.38915207982063293 1.2209914289617327e-15 0.033662042163770806
1142.0635986328125 0.806236982345581 0.3791170120239258 1.2208657504481839e-15 0.033796211651093894
1142.073486328125 0.8924846053123474 0.3870357871055603 1.2207433541873056e-15 0.03392771760833553
1142.08349609375 1.2617660760879517 0.42751848697662354 1.2206214873220194e-15 0.03405979465982216
1142.093505859375 0.7509298324584961 0.37244802713394165 1.2205014204017461e-15 0.034190785385711395
1142.1033935546875 0.5070247054100037 0.34662652015686035 1.2203846357341434e-15 0.03431909997231934
1142.1134033203125 0.8472663164138794 0.3883347511291504 1.2202682745830144e-15 0.03444788431248439
1142.1234130859375 0.2745373547077179 0.31491532921791077 1.2201537133768982e-15 0.034575530558527294
1142.13330078125 1.0255582332611084 0.4030185639858246 1.2200424344234527e-15 0.03470048946449464
1142.143310546875 0.9242880344390869 0.3943740725517273 1.2199315789864808e-15 0.03482582668533361
1142.1533203125 0.8072595596313477 0.379120409488678 1.2198226293736402e-15 0.03494998131580778
1142.1632080078125 0.7019585967063904 0.3686094284057617 1.2197167502552334e-15 0.03507144523603305
1142.1732177734375 1.3836946487426758 0.4412566125392914 1.2196112946533002e-15 0.03519320169777498
1142.1832275390625 0.49036768078804016 0.3430052697658539 1.2195077448754984e-15 0.03531373669043152
1142.193115234375 0.7123424410820007 0.36984044313430786 1.2194072655921304e-15 0.03543158730454808
1142.203125 0.4844730496406555 0.3414427936077118 1.2193073157043544e-15 0.035549647539781425
1142.213134765625 0.9683101177215576 0.3961845338344574 1.2192090598824729e-15 0.03566645135726046
1142.2230224609375 1.1371701955795288 0.41295772790908813 1.2191138745550252e-15 0.03578058721151333
1142.2330322265625 0.6941602230072021 0.36599254608154297 1.2190192186231695e-15 0.03589485871165378
1142.2430419921875 0.8175231218338013 0.3807746171951294 1.2189263626363267e-15 0.0360078410346318
1142.2530517578125 1.1338423490524292 0.41190457344055176 1.2188353065944969e-15 0.03611952890408761
1142.262939453125 1.0422621965408325 0.40226224064826965 1.2187470034097456e-15 0.036228571752465015
1142.27294921875 0.7907076478004456 0.3751150369644165 1.2186594413788232e-15 0.03633766164543474
1142.282958984375 0.362936407327652 0.32373180985450745 1.2185735734137953e-15 0.03644542844920459
1142.2928466796875 0.6950637102127075 0.36668187379837036 1.2184905641849644e-15 0.03655058285970139
1142.3028564453125 0.49372655153274536 0.3426334261894226 1.218408190230844e-15 0.03665571432152896
1142.3128662109375 0.590000331401825 0.3537538945674896 1.218327510342618e-15 0.036759510208670354
1142.32275390625 0.8186520338058472 0.37710046768188477 1.2182494774323521e-15 0.036860724848075004
1142.332763671875 0.7830349802970886 0.37442442774772644 1.2181722915550336e-15 0.03696185236772182
1142.3427734375 0.6685529947280884 0.3581290543079376 1.2180966938644911e-15 0.03706163037438702
1142.3526611328125 0.6734566688537598 0.3618571162223816 1.2180237431519089e-15 0.037158863081807804
1142.3626708984375 0.406863272190094 0.3291473686695099 1.2179516394722738e-15 0.03725595373857971
1142.3726806640625 0.6518101096153259 0.3560256361961365 1.217881123979415e-15 0.03735168681883521
1142.382568359375 1.151645302772522 0.4055735766887665 1.2178131495853978e-15 0.03744491766879198
1142.392578125 0.9503120183944702 0.387406587600708 1.2177460222243279e-15 0.037537943633296454
1142.402587890625 0.7473998069763184 0.366597056388855 1.2176805889291525e-15 0.03762961150345461
1142.4124755859375 1.0408767461776733 0.3949696123600006 1.217617484974582e-15 0.037718820300627794
1142.4224853515625 0.7461917400360107 0.36704355478286743 1.2175553339320772e-15 0.03780777976126167
1142.4324951171875 0.9916327595710754 0.3919416069984436 1.2174947710763486e-15 0.03789536986099123
1142.4423828125 0.7944815158843994 0.37159594893455505 1.2174366434403432e-15 0.037981598123684485
1142.452392578125 0.9914714097976685 0.39188501238822937 1.2173793628372852e-15 0.03806543952893516
1142.46240234375 1.1374080181121826 0.40456900000572205 1.2173237763001216e-15 0.03814896163498692
1142.472412109375 0.7930840849876404 0.3704511225223541 1.2172696720706157e-15 0.03823112120849959
1142.4822998046875 0.9889721274375916 0.38952216506004333 1.2172178971817148e-15 0.038310943335921256
1142.4923095703125 0.8907016515731812 0.37936916947364807 1.2171670752048796e-15 0.03839040577238612
1142.5023193359375 0.7443323135375977 0.36605069041252136 1.2171178414148204e-15 0.03846850849724637
1142.51220703125 0.793018639087677 0.3711923658847809 1.2170708310862478e-15 0.03854433055866755
1142.522216796875 1.039678692817688 0.39505040645599365 1.2170247736697408e-15 0.03861975167825627
1142.5322265625 0.8425489664077759 0.37611478567123413 1.21698030444001e-15 0.038693821697084706
1142.5421142578125 0.6963056921958923 0.35818609595298767 1.2169379527926473e-15 0.038765672022842396
1142.5521240234375 1.2352986335754395 0.4132615029811859 1.2168965540573502e-15 0.0388370765567997
1142.5621337890625 0.9417800903320312 0.3867536187171936 1.2168567435088293e-15 0.038907142855964055
1142.572021484375 0.6459398865699768 0.3549731373786926 1.2168190505426764e-15 0.0389750507647004
1142.58203125 1.5333929061889648 0.43960651755332947 1.2167823104885893e-15 0.03904247329863677
1142.592041015625 1.2870510816574097 0.4169658124446869 1.2167471586212782e-15 0.039108579085399824
1142.6019287109375 1.2386451959609985 0.4137825667858124 1.2167139125780985e-15 0.0391725787893414
1142.6119384765625 0.8926352858543396 0.381193608045578 1.2166818312052212e-15 0.03923606775231693
1142.6219482421875 0.9427220225334167 0.3863764703273773 1.2166512321400017e-15 0.039298247718365174
1142.6318359375 0.9915422797203064 0.3915788531303406 1.216622433019795e-15 0.039358394651509344
1142.641845703125 1.0409090518951416 0.39607492089271545 1.2165947985698909e-15 0.03941799299417818
1142.65185546875 1.1396480798721313 0.4039594829082489 1.2165687523067628e-15 0.039476299303403864
1142.6617431640625 0.7432475090026855 0.3649018406867981 1.2165444001095292e-15 0.0395333292528385
1142.6717529296875 0.9388186931610107 0.38596808910369873 1.2165213184617166e-15 0.039588404925840676
1142.6817626953125 0.8433998227119446 0.37534424662590027 1.2164996132424432e-15 0.03964289845620087
1142.6917724609375 1.1372432708740234 0.40372881293296814 1.2164794962099459e-15 0.03969612991901094
1142.70166015625 0.8881394267082214 0.3799210488796234 1.2164609673642247e-15 0.039747482152601356
1142.711669921875 0.9379491209983826 0.3847106695175171 1.2164437090679244e-15 0.03979822220956054
1142.7216796875 1.3809900283813477 0.42564260959625244 1.2164279330792818e-15 0.03984772356389042
1142.7315673828125 1.1834454536437988 0.4087734818458557 1.2164137452774153e-15 0.03989540910989308
1142.7415771484375 0.7899085283279419 0.36992788314819336 1.2164007221458512e-15 0.03994246601368176
1142.7515869140625 0.8401932120323181 0.375847190618515 1.2163892872010633e-15 0.039988302801525856
1142.761474609375 1.0881009101867676 0.3993610441684723 1.216379334563933e-15 0.04003239601651383
1142.771484375 0.9414459466934204 0.38619157671928406 1.2163706524762237e-15 0.04007583843650938
1142.781494140625 0.9896341562271118 0.38908663392066956 1.2163633468170536e-15 0.04011808960737653
1142.7913818359375 0.9944927096366882 0.39078807830810547 1.2163575234655413e-15 0.04015866455429323
1142.8013916015625 1.338043212890625 0.42278212308883667 1.2163530765425682e-15 0.0401985692340186
1142.8114013671875 1.1551510095596313 0.40616461634635925 1.2163500060481344e-15 0.04023730769673042
1142.8212890625 1.0036712884902954 0.39309850335121155 1.2163483119822399e-15 0.040274439637863216
1142.831298828125 0.8582347631454468 0.37710821628570557 1.2163479943448846e-15 0.04031088778734787
1142.84130859375 1.5681942701339722 0.4448609948158264 1.2163490531360687e-15 0.04034620082896465
1142.8511962890625 0.7555904984474182 0.3669293224811554 1.2163513824766737e-15 0.04037997252855098
1142.8612060546875 0.8557074069976807 0.3782740533351898 1.2163551941249363e-15 0.040413048844625245
1142.8712158203125 1.2646822929382324 0.4147338569164276 1.2163602763226198e-15 0.04044501778711964
1142.881103515625 0.7623143792152405 0.36809393763542175 1.2163666290697242e-15 0.0404758890144512
1142.89111328125 0.9581367373466492 0.3888936936855316 1.2163744641244863e-15 0.040505312646978285
1142.901123046875 1.0591120719909668 0.39794477820396423 1.2163835697286693e-15 0.040534023599806554
1142.9111328125 0.9053179025650024 0.3824884593486786 1.2163940517613916e-15 0.04056166983889189
1142.9210205078125 0.754729151725769 0.3663717806339264 1.216405592585298e-15 0.04058794306487307
1142.9310302734375 0.9974090456962585 0.39125654101371765 1.2164187215959804e-15 0.040613496374263904
1142.9410400390625 1.1926631927490234 0.4085131883621216 1.2164330152769653e-15 0.04063801183804424
1142.950927734375 0.6488525867462158 0.3545518219470978 1.2164484736282527e-15 0.040661219307240065
1142.9609375 0.8463040590286255 0.3755210041999817 1.2164654142871978e-15 0.04068370736971155
1142.970947265625 1.0417100191116333 0.39478635787963867 1.2164837313746821e-15 0.04070518836240828
1142.9808349609375 0.6972000002861023 0.36012953519821167 1.2165030013742322e-15 0.04072543518208788
1142.9908447265625 0.35026776790618896 0.31907781958580017 1.21652375368144e-15 0.04074495608110709
1143.0008544921875 0.8414492607116699 0.3749046325683594 1.2165457765380685e-15 0.040763502133226236
1143.0107421875 0.8901764154434204 0.3790813386440277 1.2165687523067628e-15 0.04078088289620527
1143.020751953125 0.7905057668685913 0.3686968982219696 1.2165933162622332e-15 0.040797533704103175
1143.03076171875 0.596276581287384 0.34825143218040466 1.2166191507671244e-15 0.04081325052209317
1143.0406494140625 0.9370229840278625 0.38375693559646606 1.216645832304963e-15 0.04082786215960215
1143.0506591796875 0.29903843998908997 0.31170549988746643 1.2166739961504591e-15 0.040841749668962354
1143.0606689453125 0.5955311059951782 0.3479433059692383 1.2167035364244946e-15 0.04085473264719912
1143.070556640625 0.7421379685401917 0.3629990816116333 1.216733817852359e-15 0.040866686729857424
1143.08056640625 0.5470839738845825 0.34222450852394104 1.2167656874669994e-15 0.040877911916224856
1143.090576171875 0.7419973015785217 0.36369788646698 1.2167988276310607e-15 0.040888270926156586
1143.1004638671875 0.7920182943344116 0.36910727620124817 1.216832708948951e-15 0.0408977753088196
1143.1104736328125 0.40032142400741577 0.3250894546508789 1.2168681784536172e-15 0.04090633731703909
1143.1204833984375 0.7934169173240662 0.3692549467086792 1.216904812628586e-15 0.040914179385441916
1143.1304931640625 0.5451205968856812 0.34108683466911316 1.2169427173529756e-15 0.0409212016425954
1143.140380859375 0.45113295316696167 0.3315889239311218 1.2169812573520756e-15 0.040927347536081585
1143.150390625 0.499446302652359 0.33649742603302 1.2170213855379518e-15 0.04093277696062104
1143.160400390625 0.4026549458503723 0.32453256845474243 1.2170626783941305e-15 0.04093742587179784
1143.1702880859375 0.40076765418052673 0.32422128319740295 1.217104712404138e-15 0.04094125941886068
1143.1802978515625 0.5982306003570557 0.3477148413658142 1.2171482287218031e-15 0.04094438998400621
1143.1903076171875 0.3529931306838989 0.31903761625289917 1.2171930155888892e-15 0.0409467713686951
1143.2001953125 0.20495764911174774 0.298965185880661 1.2172383318515673e-15 0.040948409915004556
1143.210205078125 0.3049343526363373 0.31249406933784485 1.21728534218014e-15 0.04094934788424778
1143.22021484375 0.303862601518631 0.3122108578681946 1.217333517179015e-15 0.04094957662161244
1143.2301025390625 0.5480382442474365 0.34087949991226196 1.2173821156943637e-15 0.04094912140508142
1143.2401123046875 0.4527493417263031 0.33024266362190247 1.217432408275607e-15 0.04094797791719753
1143.2501220703125 0.20744861662387848 0.29981064796447754 1.2174838655271527e-15 0.04094616533200513
1143.260009765625 0.2068798542022705 0.29991912841796875 1.217535746295172e-15 0.04094372643381726
1143.27001953125 0.20485195517539978 0.2986867427825928 1.2175893211290858e-15 0.04094061307746783
1143.280029296875 0.5007027387619019 0.3348969519138336 1.2176439547541837e-15 0.04093687070685823
1143.2899169921875 0.35325154662132263 0.3177696764469147 1.2176990118957553e-15 0.04093255861055408
1143.2999267578125 0.6468425393104553 0.3530481159687042 1.2177558689823397e-15 0.04092758708597373
1143.3099365234375 0.451334148645401 0.3305017948150635 1.2178136789809898e-15 0.04092202253159648
1143.31982421875 0.6959377527236938 0.3578229546546936 1.2178719124961135e-15 0.04091587291247228
1143.329833984375 0.7895551919937134 0.36647653579711914 1.2179318400771318e-15 0.04090923358430749
1143.33984375 0.450482577085495 0.33010873198509216 1.217992826449334e-15 0.04090195854743574
1143.349853515625 1.0833431482315063 0.3978370428085327 1.2180548716127205e-15 0.04089413403651745
1143.3597412109375 0.4976934492588043 0.3350713551044464 1.2181171285343437e-15 0.04088588175046326
1143.3697509765625 0.9361114501953125 0.3821853995323181 1.2181811854009798e-15 0.040877007341558254
1143.3797607421875 1.0352540016174316 0.391273558139801 1.2182463010588e-15 0.04086761911765192
1143.3896484375 0.6446751356124878 0.3516301214694977 1.2183115225957385e-15 0.0408578590752651
1143.399658203125 1.1313436031341553 0.4024296700954437 1.21837854407769e-15 0.040847495911430845
1143.40966796875 1.0380795001983643 0.3932346701622009 1.2184466243508256e-15 0.040836658548878725
1143.4195556640625 0.9384990334510803 0.382815957069397 1.2185148105030796e-15 0.0408254994026785
1143.4295654296875 0.8893582224845886 0.3779938220977783 1.2185847966003464e-15 0.04081375718467213
1143.4395751953125 1.082655429840088 0.3958004117012024 1.2186558414887974e-15 0.04080157614840905
1143.449462890625 0.7927504777908325 0.3685911297798157 1.2187268863772483e-15 0.04078913004263766
1143.45947265625 0.6968903541564941 0.35725346207618713 1.2187997312107122e-15 0.04077611311509939
1143.469482421875 0.9881801009178162 0.38822636008262634 1.2188736348353602e-15 0.040762700781398424
1143.4793701171875 1.0344796180725098 0.39119449257850647 1.218947538460008e-15 0.040749066088358835
1143.4893798828125 0.8411299586296082 0.37235569953918457 1.219023242029669e-15 0.040734886287422244
1143.4993896484375 1.0841047763824463 0.39535969495773315 1.2190998985113955e-15 0.04072034112127242
1143.50927734375 0.837867796421051 0.37191465497016907 1.2191764491140036e-15 0.04070562679397663
1143.519287109375 0.8396655321121216 0.3729522228240967 1.2192550114198614e-15 0.040690390085579974
1143.529296875 1.2292933464050293 0.40993499755859375 1.2193344207586665e-15 0.0406748217779601
1143.539306640625 0.5960801839828491 0.3454029858112335 1.2194146771304188e-15 0.04065893618244499
1143.5491943359375 0.9854306578636169 0.38558366894721985 1.2194949335021712e-15 0.04064293809032172
1143.5592041015625 0.9867786765098572 0.385962575674057 1.2195769898189364e-15 0.04062644938244864
1143.5692138671875 0.7891969084739685 0.3670157492160797 1.2196599990477674e-15 0.040609676803898674
1143.5791015625 0.6442393064498901 0.3511604964733124 1.2197427965183615e-15 0.04059283651778115
1143.589111328125 0.935452938079834 0.3809202313423157 1.219827499813087e-15 0.04057552965537324
1143.59912109375 0.5427083373069763 0.3394636809825897 1.2199130501407596e-15 0.04055797087666578
1143.6090087890625 1.0784584283828735 0.3958033621311188 1.2199984945893139e-15 0.040540387038921696
1143.6190185546875 0.7886126041412354 0.3655848801136017 1.220085738982881e-15 0.0405223566995075
1143.6290283203125 0.9295812249183655 0.37988656759262085 1.2201738304093955e-15 0.040504105482004824
1143.638916015625 0.6868035197257996 0.3553231656551361 1.2202617100776731e-15 0.040485874821521585
1143.64892578125 1.0285743474960327 0.38737720251083374 1.220351495570082e-15 0.04046722158736664
1143.658935546875 0.8833727836608887 0.37653622031211853 1.2204421280954383e-15 0.040448378221519456
1143.6688232421875 1.4652860164642334 0.4263322055339813 1.2205324429834393e-15 0.040429590099065826
1143.6788330078125 0.783931314945221 0.36564406752586365 1.2206246636955716e-15 0.040410403902611636
1143.6888427734375 0.7851347923278809 0.36541104316711426 1.2207177314406512e-15 0.040391060814784684
1143.69873046875 0.5411540269851685 0.33823129534721375 1.2208104815483755e-15 0.04037181026012636
1143.708740234375 0.687041163444519 0.3551546037197113 1.2209050316011128e-15 0.040352182054937756
1143.71875 1.1218396425247192 0.39919930696487427 1.2210005345659157e-15 0.040332429757051966
1143.7286376953125 1.0243459939956665 0.3893658518791199 1.2210955081351266e-15 0.0403128005599538
1143.7386474609375 0.3457823395729065 0.31450051069259644 1.2211924934075872e-15 0.040292818347283536
1143.7486572265625 0.8798508048057556 0.3751367926597595 1.2212902198338767e-15 0.04027273880361771
1143.7586669921875 0.9255817532539368 0.3791534900665283 1.221388687413995e-15 0.04025257118964183
1143.7685546875 0.9749011993408203 0.3842930495738983 1.2214866255985213e-15 0.04023256731785114
1143.778564453125 0.9734175801277161 0.3826020359992981 1.2215866813654157e-15 0.040212244215158066
1143.78857421875 0.5382766127586365 0.33737507462501526 1.2216873724070205e-15 0.040191862946693115
1143.7984619140625 1.0708234310150146 0.393724650144577 1.2217875340530334e-15 0.04017167106014472
1143.8084716796875 0.5882501006126404 0.34209349751472473 1.221889707402296e-15 0.04015118827020639
1143.8184814453125 0.8287283778190613 0.3687112629413605 1.2219926219053873e-15 0.04013066726212596
1143.828369140625 1.0239300727844238 0.3873305022716522 1.2220949011337683e-15 0.04011036335175317
1143.83837890625 1.5093446969985962 0.4304664731025696 1.222199192065399e-15 0.04008979243858809
1143.848388671875 1.067098617553711 0.392496794462204 1.22230411827174e-15 0.04006920645778541
1143.8582763671875 0.7320258617401123 0.35874271392822266 1.2224085150824892e-15 0.040048867659611256
1143.8682861328125 0.777334988117218 0.36263033747673035 1.222514923596488e-15 0.04002828051229013
1143.8782958984375 0.7364128232002258 0.35838040709495544 1.2226219673851972e-15 0.040007700085198376
1143.88818359375 0.9978076219558716 0.38779178261756897 1.2227282700200777e-15 0.03998739010462178
1143.898193359375 0.8159918189048767 0.3712806701660156 1.2228366902373262e-15 0.0399668543081983
1143.908203125 1.048230767250061 0.39184340834617615 1.2229456398501668e-15 0.03994635001417831
1143.9180908203125 1.1437188386917114 0.40590178966522217 1.2230540600674153e-15 0.039926133180604936
1143.9281005859375 1.2016240358352661 0.4128216803073883 1.2231642802296768e-15 0.03990570843767275
1143.9381103515625 0.8231745958328247 0.3776165544986725 1.2232752415457671e-15 0.03988533798741987
1143.947998046875 1.1145135164260864 0.40672335028648376 1.2233854617080286e-15 0.0398652741017888
1143.9580078125 1.1421825885772705 0.4054422378540039 1.2234976935735398e-15 0.039845023170724025
1143.968017578125 1.563571810722351 0.4500674307346344 1.223610454834643e-15 0.039824843900526236
1143.97802734375 0.9921239614486694 0.39663416147232056 1.223723957249575e-15 0.03980474175455375
1143.9879150390625 0.5958948135375977 0.3498555123806 1.22383661263156e-15 0.03978496167864822
1143.9979248046875 0.8078505396842957 0.3745303452014923 1.223951173837676e-15 0.03976502659642412
1144.0079345703125 1.3467810153961182 0.434499055147171 1.2240663703185026e-15 0.03974518430015398
1144.017822265625 1.0603535175323486 0.4007469713687897 1.2241808256455004e-15 0.03972567763480584
1144.02783203125 1.0113041400909424 0.3947244882583618 1.2242971867966294e-15 0.03970603495398832
1144.037841796875 1.2459361553192139 0.4214373230934143 1.2244140773433505e-15 0.03968649821879958
1144.0477294921875 1.0907820463180542 0.40618696808815 1.2245302267362428e-15 0.03966730959765448
1144.0577392578125 1.4152253866195679 0.43302974104881287 1.2246482819532663e-15 0.03964800232736035
1144.0677490234375 0.7584346532821655 0.37300679087638855 1.224766866565882e-15 0.039628813260545466
1144.07763671875 1.1310139894485474 0.40841493010520935 1.2248846041455503e-15 0.039609978147312555
1144.087646484375 0.8614715337753296 0.38081082701683044 1.22500424754935e-15 0.039591040687219865
1144.09765625 0.6672672033309937 0.3608876168727875 1.22512452622786e-15 0.03957223580303567
1144.1075439453125 1.0656940937042236 0.4021007716655731 1.2252437461151861e-15 0.039553792524978836
1144.1175537109375 0.7484334111213684 0.3674505352973938 1.2253649777057619e-15 0.039535262193219255
1144.1275634765625 1.0695507526397705 0.40725502371788025 1.2254867386919297e-15 0.039516873087871676
1144.137451171875 0.9967002868652344 0.3970211446285248 1.2256075467660318e-15 0.039498847566207286
1144.1474609375 0.7294794917106628 0.3681780993938446 1.2257303665433837e-15 0.03948074861644975
1144.157470703125 1.143197774887085 0.4101252853870392 1.2258536098372092e-15 0.03946280170507992
1144.1673583984375 0.6374525427818298 0.35442879796028137 1.2259757943398506e-15 0.039445004793195265
1144.1773681640625 0.9301707148551941 0.3925924301147461 1.2261000964248602e-15 0.03942757762249769
1144.1873779296875 0.797272801399231 0.37151798605918884 1.226224716147225e-15 0.039410090354165844
1144.1973876953125 0.982269287109375 0.3889039158821106 1.2263498652651818e-15 0.039392761841261864
1144.207275390625 0.6957842707633972 0.3608962893486023 1.2264739555919546e-15 0.03937580022897526
1144.21728515625 0.81788569688797 0.3749018907546997 1.226600057621977e-15 0.039358792846545136
1144.227294921875 0.5506148338317871 0.34341415762901306 1.2267265831684732e-15 0.03934194699678178
1144.2371826171875 0.6443039178848267 0.35423293709754944 1.2268519440446668e-15 0.03932546365959134
1144.2471923828125 0.8477948904037476 0.3761291801929474 1.2269793166241102e-15 0.039308943055083805
1144.2572021484375 0.7374477982521057 0.36444970965385437 1.2271071127200272e-15 0.039292589262885425
1144.26708984375 0.5631362795829773 0.34758397936820984 1.2272337441456417e-15 0.03927659563716926
1144.277099609375 0.7126380205154419 0.35873791575431824 1.227362387274506e-15 0.03926056774111136
1144.287109375 0.7863370776176453 0.36978259682655334 1.2274913480407254e-15 0.03924470612524883
1144.2969970703125 0.5495287179946899 0.3431819677352905 1.2276192500157608e-15 0.03922920068709309
1144.3070068359375 0.8743223547935486 0.38218188285827637 1.2277490578149275e-15 0.03921366619232312
1144.3170166015625 0.7728344202041626 0.3664529323577881 1.2278791832514495e-15 0.03919829966907192
1144.326904296875 0.5623019933700562 0.3406599760055542 1.228008144017669e-15 0.03918327982233849
1144.3369140625 1.0017226934432983 0.39186686277389526 1.2281391164871381e-15 0.03916823429452371
1144.346923828125 0.9376018643379211 0.38424718379974365 1.2282704065939625e-15 0.03915335282627386
1144.3568115234375 0.7628289461135864 0.36823320388793945 1.228400426151366e-15 0.039138810784817055
1144.3668212890625 0.8229004740715027 0.37092694640159607 1.2285324574120193e-15 0.03912424482588602
1144.3768310546875 1.1502580642700195 0.4012020528316498 1.2286648063100278e-15 0.039109841181098524
1144.38671875 1.1211116313934326 0.3955102860927582 1.2287958846586154e-15 0.03909558981187138
1144.396728515625 0.9872877597808838 0.38423392176628113 1.2289288688313344e-15 0.03908166356490865
1144.40673828125 1.0078574419021606 0.3832324147224426 1.229062276520527e-15 0.039067713898362416
1144.416748046875 0.8636221885681152 0.3678206503391266 1.2291958959679563e-15 0.03905391627602218
1144.4266357421875 1.1526411771774292 0.3952924609184265 1.2293282448659648e-15 0.03904042962371972
1144.4366455078125 1.2468801736831665 0.40607038140296936 1.2294624995881046e-15 0.03902691666062544
1144.4466552734375 0.7230340838432312 0.35475775599479675 1.2295970719475996e-15 0.03901354683178589
1144.45654296875 0.8642619252204895 0.3676738739013672 1.2297302678785553e-15 0.03900047182355774
1144.466552734375 0.9578733444213867 0.37736475467681885 1.2298654755127608e-15 0.038987373992164676
1144.4765625 1.2970550060272217 0.40882644057273865 1.230000894905203e-15 0.03897440404855417
1144.4864501953125 0.9604873061180115 0.377674400806427 1.230134937869106e-15 0.038961716295503795
1144.4964599609375 0.8639064431190491 0.3675042390823364 1.2302708866571404e-15 0.0389489953377076
1144.5064697265625 0.8669395446777344 0.3677562475204468 1.2304070472034115e-15 0.03893639734892639
1144.516357421875 0.9611586332321167 0.3785489499568939 1.2305418313211434e-15 0.03892406027379664
1144.5263671875 0.9603509306907654 0.37706124782562256 1.2306785212630065e-15 0.03891168865278038
1144.536376953125 0.8636829853057861 0.367590993642807 1.230815528842225e-15 0.038899418613973565
1144.5462646484375 1.0077019929885864 0.38295602798461914 1.2309509482346672e-15 0.03888739847151117
1144.5562744140625 0.9113104343414307 0.3722541928291321 1.2310883793303592e-15 0.038875329367654955
1144.5662841796875 1.339160680770874 0.41150641441345215 1.231226022184288e-15 0.03886335020461656
1144.576171875 0.9145698547363281 0.37376269698143005 1.2313621827305592e-15 0.038851605376723046
1144.586181640625 1.1984927654266357 0.4011046588420868 1.2315001432218432e-15 0.03883979524165038
1144.59619140625 1.392034888267517 0.4168199598789215 1.2316384213504825e-15 0.038828062623303315
1144.6060791015625 0.7258562445640564 0.3538539409637451 1.2317751112923456e-15 0.03881640072591184
1144.6160888671875 0.7756536602973938 0.35786521434783936 1.2319137070583401e-15 0.03880494811946966
1144.6260986328125 0.5358538627624512 0.3321273624897003 1.2320525145825714e-15 0.03879341220976446
1144.6361083984375 0.9641527533531189 0.37802988290786743 1.2321914279859211e-15 0.038781929388543114
1144.64599609375 0.9149782061576843 0.3728754222393036 1.2323288590816131e-15 0.03877063419121531
1144.656005859375 0.9627719521522522 0.3774740695953369 1.232468090122318e-15 0.03875923914751121
1144.666015625 0.39027053117752075 0.314684122800827 1.2326075329212598e-15 0.03874788027885476
1144.6759033203125 1.0078109502792358 0.37931522727012634 1.2327453875334254e-15 0.03873668838861025
1144.6859130859375 0.8707742691040039 0.3683728277683258 1.232885042090604e-15 0.03872538074216809
1144.6959228515625 0.48390015959739685 0.326992928981781 1.233024802526901e-15 0.03871408885946361
1144.705810546875 0.4856415092945099 0.3260212540626526 1.2331630806555402e-15 0.038702945642217865
1144.7158203125 0.48525482416152954 0.32534438371658325 1.2333031587291924e-15 0.03869166187923416
1144.725830078125 0.5822930335998535 0.3367190957069397 1.233443342681963e-15 0.03868037576819486
1144.7357177734375 0.4850712716579437 0.32597994804382324 1.2335819384479575e-15 0.03866921221720571
1144.7457275390625 0.24733811616897583 0.2963296175003052 1.2337222282798464e-15 0.03865789323838643
1144.7557373046875 0.2950631082057953 0.3019651770591736 1.2338627298699723e-15 0.03864654480300494
1144.765625 0.44012561440467834 0.3209534287452698 1.2340015373942036e-15 0.03863530028156845
1144.775634765625 0.38900870084762573 0.3145729601383209 1.2341421448634478e-15 0.038623875647048986
1144.78564453125 0.34216034412384033 0.3092629313468933 1.2342828582118104e-15 0.03861240188156459
1144.7955322265625 0.48558512330055237 0.3251987099647522 1.2344218774942785e-15 0.038601008526176955
1144.8055419921875 0.24830615520477295 0.29677578806877136 1.2345626967217595e-15 0.03858940984557885
1144.8155517578125 0.7268970012664795 0.3526541590690613 1.234703621828359e-15 0.0385777357174942
1144.825439453125 0.24890798330307007 0.29558703303337097 1.2348428528690639e-15 0.038565982161926096
1144.83544921875 0.20042330026626587 0.28946182131767273 1.2349837779756633e-15 0.038554278197741716
1144.845458984375 0.24948091804981232 0.2955027222633362 1.2351247030822628e-15 0.03854233606147408
1144.85546875 0.34414249658584595 0.30734512209892273 1.2352657340679806e-15 0.038530283917486106
1144.8653564453125 0.29604557156562805 0.30307987332344055 1.235405070987804e-15 0.03851826330470139
1144.8753662109375 0.34228095412254333 0.30862340331077576 1.2355461019735218e-15 0.03850597297808347
1144.8853759765625 0.19896043837070465 0.28883400559425354 1.2356871329592396e-15 0.03849354686538629
1144.895263671875 0.19721485674381256 0.2881390154361725 1.2358263639999445e-15 0.038481136796721487
1144.9052734375 0.05615318939089775 0.26839423179626465 1.2359673949856624e-15 0.038468421783129446
1144.915283203125 0.19747759401798248 0.28789591789245605 1.2361084259713802e-15 0.03845554277963901
1144.9251708984375 0.19874079525470734 0.2877955734729767 1.2362476570120851e-15 0.038442658873662994
1144.9351806640625 0.24341578781604767 0.29468345642089844 1.236388687997803e-15 0.0384294397467258
1144.9451904296875 0.2449369579553604 0.29593518376350403 1.236529507225284e-15 0.03841603264383514
1144.955078125 0.2908627986907959 0.30000385642051697 1.236668738265989e-15 0.03840259529044961
1144.965087890625 0.19743229448795319 0.28858163952827454 1.23680955749347e-15 0.03838879056870422
1144.97509765625 0.10248246788978577 0.275585800409317 1.2369502708418326e-15 0.03837476942090159
1144.9849853515625 0.1505679041147232 0.2813178598880768 1.2370892901243007e-15 0.03836070074565673
1144.9949951171875 0.15135562419891357 0.28147339820861816 1.237229897593545e-15 0.03834622912233738
1145.0050048828125 0.1511535495519638 0.2825736701488495 1.2373705050627891e-15 0.03833151073469225
1145.014892578125 0.10308787226676941 0.2754857838153839 1.237509206707902e-15 0.038316725378839706
1145.02490234375 0.3385368883609772 0.30601540207862854 1.2376496024189094e-15 0.03830150150779703
1145.034912109375 0.19770048558712006 0.28801608085632324 1.2377898922507984e-15 0.038286001827121934
1145.0447998046875 0.19785629212856293 0.28753945231437683 1.2379283821376745e-15 0.03827022365754088
1145.0548095703125 0.5312486290931702 0.3306666314601898 1.2380684602113267e-15 0.03825435148998066
1145.0648193359375 0.29247477650642395 0.3003412187099457 1.2382084324058604e-15 0.03823798509511624
1145.0748291015625 0.5281575322151184 0.32877740263938904 1.2383482987212758e-15 0.03822131038862691
1145.084716796875 0.34163156151771545 0.306711882352829 1.2384862592125599e-15 0.03820452646118063
1145.0947265625 0.9545624256134033 0.3734206259250641 1.23862580789062e-15 0.038187207060558497
1145.104736328125 0.24547205865383148 0.2937222123146057 1.2387652506895617e-15 0.03816954885200467
1145.1146240234375 0.527292788028717 0.328126460313797 1.2389028935434906e-15 0.038151764449317796
1145.1246337890625 1.0030568838119507 0.3784596025943756 1.239042018705077e-15 0.03813340524226244
1145.1346435546875 0.8144126534461975 0.36030662059783936 1.2391809321084268e-15 0.03811467659332658
1145.14453125 1.1431676149368286 0.3902221620082855 1.2393180455667636e-15 0.038095804969164496
1145.154541015625 0.951242208480835 0.37366896867752075 1.239456641332758e-15 0.038076314715144464
1145.16455078125 0.8578842878341675 0.36459043622016907 1.2395951312196341e-15 0.038056427897023196
1145.1744384765625 0.8596305251121521 0.3650129437446594 1.2397317152823789e-15 0.0380363829981268
1145.1844482421875 0.9535346031188965 0.3722158372402191 1.239869675773663e-15 0.03801567740402612
1145.1944580078125 0.5775543451309204 0.33365198969841003 1.2400075303858286e-15 0.03799454147915053
1145.204345703125 0.9533531069755554 0.37443751096725464 1.2401434791738629e-15 0.03797323637047455
1145.21435546875 0.6246159076690674 0.33893775939941406 1.2402809102695549e-15 0.03795122416742543
1145.224365234375 0.7639789581298828 0.3537499010562897 1.24041812960701e-15 0.03792875824109839
1145.2342529296875 0.28925588726997375 0.2989931106567383 1.240553443120334e-15 0.037906106205496615
1145.2442626953125 0.6677273511886597 0.3425174355506897 1.2406901330621971e-15 0.037882699759977594
1145.2542724609375 0.9054938554763794 0.3678411543369293 1.2408267171249419e-15 0.037858809017627434
1145.2642822265625 0.5756814479827881 0.3335918188095093 1.240962877671213e-15 0.03783442021086295
1145.274169921875 0.3406195342540741 0.30425357818603516 1.2410972382724712e-15 0.03780983554046518
1145.2841796875 0.7155665159225464 0.34803643822669983 1.2412329753022687e-15 0.037784432708575774
1145.294189453125 0.574116051197052 0.3324376940727234 1.241368394694711e-15 0.037758505023188206
1145.3040771484375 0.5259034633636475 0.32728639245033264 1.241501908263022e-15 0.03773236758213911
1145.3140869140625 0.5736220479011536 0.3323461711406708 1.2416367982598722e-15 0.03770536950358197
1145.3240966796875 0.7170175313949585 0.34742194414138794 1.2417714764984857e-15 0.037677816364711535
1145.333984375 0.480996310710907 0.32200586795806885 1.2419041430338494e-15 0.03765004464241314
1145.343994140625 0.3404446542263031 0.30459001660346985 1.2420381859977524e-15 0.037621361361916614
1145.35400390625 0.5279912948608398 0.32697761058807373 1.2421718054451817e-15 0.03759209350785568
1145.3638916015625 0.5260837078094482 0.3266057074069977 1.2423036249475982e-15 0.03756260281447241
1145.3739013671875 0.29124367237091064 0.29739606380462646 1.242436609120317e-15 0.03753214946384226
1145.3839111328125 0.42955082654953003 0.3146194517612457 1.2425693815347992e-15 0.03750108215373486
1145.393798828125 0.38437268137931824 0.3097764551639557 1.2427001422460316e-15 0.037469788920251504
1145.40380859375 0.7174787521362305 0.3464527428150177 1.2428321735066849e-15 0.03743748120220866
1145.413818359375 0.5730144381523132 0.3315410315990448 1.2429638871299829e-15 0.03740453404387302
1145.4237060546875 0.5712257027626038 0.33199283480644226 1.2430936949291496e-15 0.03737134900447658
1145.4337158203125 0.7618352174758911 0.3523075580596924 1.2432246673986188e-15 0.03733710427627171
1145.4437255859375 0.6205463409423828 0.336302787065506 1.2433553222307328e-15 0.03730219440749694
1145.45361328125 0.47951623797416687 0.3207050561904907 1.243483965359597e-15 0.03726704362848919
1145.463623046875 0.6202260851860046 0.3369693458080292 1.2436137731587638e-15 0.03723078003182276
1145.4736328125 0.573766827583313 0.33097538352012634 1.2437432633205753e-15 0.03719381956264667
1145.483642578125 0.429502010345459 0.31526729464530945 1.2438723299659131e-15 0.037156156801846564
1145.4935302734375 0.9006121754646301 0.3661700189113617 1.2439994907871197e-15 0.03711825350068011
1145.5035400390625 0.38227152824401855 0.3079781234264374 1.2441277103995103e-15 0.037079166456285784
1145.5135498046875 0.8056551218032837 0.3550485372543335 1.2442556123745457e-15 0.03703935371805758
1145.5234375 0.6630474328994751 0.3414413034915924 1.244381396767213e-15 0.03699930084211974
1145.533447265625 0.5700473785400391 0.32977455854415894 1.2445084517093011e-15 0.03695800953619764
1145.54345703125 0.5243521928787231 0.32549431920051575 1.2446349772557972e-15 0.036915965266441066
1145.5533447265625 0.6652488112449646 0.34183046221733093 1.244759596978162e-15 0.036873682796935904
1145.5633544921875 0.47391417622566223 0.31961163878440857 1.2448852754917109e-15 0.03683011201478482
1145.5733642578125 0.4738844037055969 0.31872257590293884 1.2450104246096677e-15 0.03678576159620467
1145.583251953125 0.9444709420204163 0.3695727586746216 1.2451336679034932e-15 0.03674117729193908
1145.59326171875 0.9902617931365967 0.37290704250335693 1.2452579699885028e-15 0.036695248707166235
1145.603271484375 1.132662296295166 0.386989563703537 1.2453817426779203e-15 0.03664851994024269
1145.6131591796875 0.7112529277801514 0.3467774987220764 1.2455036095432065e-15 0.036601564641838065
1145.6231689453125 0.52064448595047 0.32378044724464417 1.2456264293205584e-15 0.036553210889974326
1145.6331787109375 0.9899418354034424 0.37408754229545593 1.2457488255814366e-15 0.036504028294024556
1145.64306640625 0.7085824012756348 0.3458831012248993 1.2458691042599467e-15 0.03645463112972708
1145.653076171875 0.896390438079834 0.364755243062973 1.245990441729641e-15 0.03640378072584103
1145.6630859375 0.47378072142601013 0.318735271692276 1.246111249803743e-15 0.036352082894337535
1145.6729736328125 1.1290916204452515 0.387047678232193 1.2462301520537139e-15 0.0363001733999976
1145.6829833984375 1.0360273122787476 0.37707093358039856 1.246349901336632e-15 0.03624676168949738
1145.6929931640625 0.615090548992157 0.3352191150188446 1.246469121223958e-15 0.036192478191116866
1145.7030029296875 0.8021272420883179 0.35447752475738525 1.246587811715692e-15 0.03613731654005228
1145.712890625 0.9397884011268616 0.3694169223308563 1.2467044905041763e-15 0.0360819581874627
1145.722900390625 0.6118940711021423 0.33408504724502563 1.2468220163256078e-15 0.03602502465375822
1145.73291015625 0.8471945524215698 0.35875242948532104 1.2469391186305657e-15 0.03596719942685543
1145.7427978515625 0.8907507061958313 0.36295077204704285 1.2470541033531555e-15 0.035909182620798764
1145.7528076171875 0.796920120716095 0.35415107011795044 1.2471699351086925e-15 0.0358495462563648
1145.7628173828125 1.081728458404541 0.38231009244918823 1.2472852374686375e-15 0.03578899129716531
1145.772705078125 1.411871075630188 0.40922248363494873 1.2473985281253328e-15 0.03572826725334211
1145.78271484375 1.312956690788269 0.40304553508758545 1.2475126658149753e-15 0.03566586526091951
1145.792724609375 1.0311352014541626 0.3776566684246063 1.2476261682299074e-15 0.03560252670824455
1145.8026123046875 1.4059020280838013 0.4118628203868866 1.2477376589415897e-15 0.03553903835663255
1145.8126220703125 1.1762754917144775 0.39064821600914 1.2478499966862193e-15 0.035473822666437685
1145.8226318359375 1.1741875410079956 0.39070889353752136 1.2479616991561385e-15 0.035407651154423105
1145.83251953125 0.986355721950531 0.3734918236732483 1.2480712840436895e-15 0.03534134991331642
1145.842529296875 1.0790157318115234 0.38087958097457886 1.2481817159641878e-15 0.03527326984781702
1145.8525390625 0.7501842975616455 0.3475021421909332 1.2482915126099756e-15 0.03520421591236746
1145.8624267578125 0.8928629755973816 0.36279571056365967 1.2483992975525137e-15 0.03513504996659358
1145.8724365234375 1.2167147397994995 0.3921588063240051 1.2485077177697623e-15 0.03506405780174318
1145.8824462890625 0.9412229657173157 0.36864522099494934 1.2486155027123004e-15 0.034992085957767816
1145.892333984375 0.9421238303184509 0.3667551875114441 1.2487212759515888e-15 0.034919120207594745
1145.90234375 0.661830723285675 0.33771875500679016 1.248827790344706e-15 0.034846073502439796
1145.912353515625 0.7565609812736511 0.3486224412918091 1.2489335635839944e-15 0.034771133768002206
1145.92236328125 0.6590074300765991 0.3379853069782257 1.249038595669454e-15 0.03469519162294162
1145.9322509765625 0.9389262199401855 0.36686280369758606 1.2491417219307821e-15 0.03461919567974671
1145.9422607421875 0.47322186827659607 0.31681928038597107 1.2492453775877024e-15 0.0345412586785345
1145.9522705078125 0.7530965209007263 0.34856167435646057 1.2493482920907938e-15 0.03446230596564105
1145.962158203125 0.9380449652671814 0.36744651198387146 1.2494493007697539e-15 0.03438332512215944
1145.97216796875 0.5211259126663208 0.32180723547935486 1.249550838844306e-15 0.03430236297001851
1145.982177734375 0.5647778511047363 0.3277186155319214 1.2496516357650292e-15 0.03422037714815321
1145.9920654296875 0.709632158279419 0.34426626563072205 1.2497505268616212e-15 0.03413838378112843
1146.0020751953125 0.476316899061203 0.3184841275215149 1.2498498414746867e-15 0.034054366208941936
1146.0120849609375 0.5198704600334167 0.32192596793174744 1.2499484149339234e-15 0.03396932327659279
1146.02197265625 0.28913986682891846 0.29391226172447205 1.2500450825690288e-15 0.03388430740398427
1146.031982421875 0.33479881286621094 0.3006044626235962 1.2501420678414895e-15 0.03379721517429512
1146.0419921875 0.5721170902252197 0.32926955819129944 1.2502384178392396e-15 0.033709094939765816
1146.0518798828125 0.7113905549049377 0.3444940149784088 1.25033275613374e-15 0.03362103762617522
1146.0618896484375 0.8027961254119873 0.35345903038978577 1.2504275179447142e-15 0.03353085957406917
1146.0718994140625 0.8463354706764221 0.3580109179019928 1.250521432722741e-15 0.03343965621346584
1146.081787109375 0.6581353545188904 0.3371597230434418 1.2506134416766365e-15 0.03334854354075148
1146.091796875 0.6119371056556702 0.33305320143699646 1.2507057682678872e-15 0.033255287252339484
1146.101806640625 0.23847730457782745 0.28734150528907776 1.250797353705309e-15 0.03316098394164611
1146.1116943359375 0.8892540335655212 0.3593957722187042 1.2508869274394812e-15 0.033065657438565314
1146.1217041015625 0.5192495584487915 0.32216063141822815 1.2509768188110086e-15 0.03297047550737327
1146.1317138671875 0.6112946271896362 0.33182692527770996 1.251065969028707e-15 0.03287308989260585
1146.1417236328125 0.8941240906715393 0.36220353841781616 1.25115416633434e-15 0.03277467748579299
1146.151611328125 0.7522522211074829 0.34679707884788513 1.2512404578158415e-15 0.03267645698997524
1146.16162109375 0.7506288290023804 0.3466450870037079 1.2513270669346982e-15 0.03257599530912976
1146.171630859375 0.754543662071228 0.34813392162323 1.2514127231414893e-15 0.03247451787341287
1146.1815185546875 0.9382578730583191 0.36555591225624084 1.2514965794032675e-15 0.03237327107683831
1146.1915283203125 0.6588483452796936 0.3371502757072449 1.251580541544164e-15 0.03226976235956042
1146.2015380859375 1.2640750408172607 0.3972391188144684 1.251663550772995e-15 0.03216523524753775
1146.21142578125 0.5173164010047913 0.321399062871933 1.251744760056813e-15 0.03206098593463208
1146.221435546875 1.5457779169082642 0.417955219745636 1.2518261810988678e-15 0.031954457750324336
1146.2314453125 0.9381415247917175 0.3665809631347656 1.2519065433497386e-15 0.03184691932166345
1146.2413330078125 0.937342643737793 0.36604952812194824 1.2519851056555964e-15 0.0317397092052759
1146.2513427734375 1.3541611433029175 0.40429335832595825 1.2520637738405727e-15 0.03163019584914409
1146.2613525390625 0.8924683928489685 0.36185765266418457 1.2521413832343648e-15 0.03151968409844222
1146.271240234375 1.123778223991394 0.38375911116600037 1.2522172985622625e-15 0.031409565772873994
1146.28125 0.7972913980484009 0.35157614946365356 1.2522931080110418e-15 0.03129711525506696
1146.291259765625 0.5647281408309937 0.32584697008132935 1.2523680704268738e-15 0.031183699579498538
1146.3011474609375 0.8883363008499146 0.36026740074157715 1.2524411270185744e-15 0.031070716509349394
1146.3111572265625 0.9824561476707458 0.37072473764419556 1.2525140777311567e-15 0.030955397730423304
1146.3211669921875 0.9853137135505676 0.37030789256095886 1.2525861814107917e-15 0.030839130627970963
1146.3310546875 0.748906672000885 0.34613558650016785 1.2526564851454139e-15 0.030721923810411736
1146.341064453125 0.9354243874549866 0.3654056787490845 1.2527265771217991e-15 0.030605238754000088
1146.35107421875 1.0815885066986084 0.38072288036346436 1.2527957161861188e-15 0.03048620699484543
1146.361083984375 1.092279076576233 0.381002277135849 1.2528639023383728e-15 0.03036627672036122
1146.3709716796875 0.7341368794441223 0.34667184948921204 1.2529302885456138e-15 0.03024691498937112
1146.3809814453125 1.3279778957366943 0.4055212438106537 1.252996462994618e-15 0.030125207335260577
1146.3909912109375 0.9432885050773621 0.3689262568950653 1.2530616845315566e-15 0.030002635623525887
1146.40087890625 1.0506569147109985 0.3828684389591217 1.2531251061234823e-15 0.02988071089938808
1146.410888671875 0.6609328389167786 0.34307801723480225 1.2531883159571711e-15 0.02975644787435257
1146.4208984375 0.8929247260093689 0.3697901964187622 1.253250466999676e-15 0.029631348891350447
1146.4307861328125 0.7986915707588196 0.36254286766052246 1.2533108180971678e-15 0.029506986143507098
1146.4407958984375 0.9479947090148926 0.3771129548549652 1.2533708515573045e-15 0.02938028091239885
1146.4508056640625 1.3952186107635498 0.4192010164260864 1.2534299321053754e-15 0.029252798336927576
1146.460693359375 1.0700300931930542 0.3900340497493744 1.2534872127084335e-15 0.029126124259937214
1146.470703125 1.2844524383544922 0.40971308946609497 1.2535441756741364e-15 0.02899713436200611
1146.480712890625 1.0042246580123901 0.38381850719451904 1.2536000798486551e-15 0.02886742306979664
1146.4906005859375 0.8751776814460754 0.3730180859565735 1.253654184078161e-15 0.028738602378010798
1146.5006103515625 1.15774405002594 0.40375572443008423 1.2537079706703117e-15 0.028607499638913486
1146.5106201171875 1.268493890762329 0.41184619069099426 1.2537605925921598e-15 0.028475737676831984
1146.5205078125 0.8376498818397522 0.3658844828605652 1.2538115204481135e-15 0.028344947980818106
1146.530517578125 0.6869641542434692 0.34714406728744507 1.2538620247875935e-15 0.0282119275341808
1146.54052734375 1.3618074655532837 0.42371073365211487 1.2539113644567711e-15 0.028078304600664197
1146.5504150390625 0.9483776688575745 0.3767344355583191 1.2539591159391726e-15 0.027944113242452197
1146.5604248046875 1.1970831155776978 0.40158259868621826 1.2540062321468636e-15 0.027811027737202922
1146.5704345703125 1.4740514755249023 0.42880779504776 1.2540522895633705e-15 0.027675780054371827
1146.5804443359375 0.7161928415298462 0.35287395119667053 1.254097182309575e-15 0.02754005054464343
1146.59033203125 1.0664947032928467 0.3915644884109497 1.254140380989885e-15 0.027405518109759504
1146.600341796875 1.4047541618347168 0.4253973960876465 1.254183050274603e-15 0.02726889688760333
1146.6103515625 1.1840205192565918 0.4036979377269745 1.2542245548890184e-15 0.027131889785257948
1146.6202392578125 0.9504963159561157 0.3788236677646637 1.2542643654375393e-15 0.026996194725748542
1146.6302490234375 1.171534776687622 0.4012502133846283 1.2543035407113498e-15 0.026858500201809816
1146.6402587890625 0.9350762963294983 0.37864893674850464 1.2543415513148579e-15 0.0267205074164359
1146.650146484375 1.170184850692749 0.40324732661247253 1.2543778678524714e-15 0.026583953556196433
1146.66015625 1.2382612228393555 0.40830233693122864 1.2544135491153745e-15 0.026445503687177952
1146.670166015625 0.7789541482925415 0.35788294672966003 1.2544479598288567e-15 0.026306866845806753
1146.6800537109375 0.7418678998947144 0.35497504472732544 1.2544808882346812e-15 0.02616979250789256
1146.6900634765625 0.6479840874671936 0.3390562832355499 1.25451286372844e-15 0.026030944750884605
1146.7000732421875 1.111831784248352 0.3948599696159363 1.2545437804310148e-15 0.025892045989138513
1146.7099609375 0.8455265760421753 0.36427947878837585 1.2545730030676951e-15 0.02575484250392299
1146.719970703125 1.0944063663482666 0.39141854643821716 1.2546014845505465e-15 0.025615998913774522
1146.72998046875 0.5874577164649963 0.3370238244533539 1.2546285896048587e-15 0.02547725962122758
1146.7398681640625 0.9451706409454346 0.3797869384288788 1.2546542123515131e-15 0.025340357997667633
1146.7498779296875 0.920613706111908 0.3742746412754059 1.2546789880652203e-15 0.02520196515917669
1146.7598876953125 0.7930691838264465 0.3596886098384857 1.2547023873503882e-15 0.025063843360246023
1146.769775390625 0.7971846461296082 0.3613852858543396 1.2547243043278984e-15 0.024926036112788045
1146.77978515625 0.8668779730796814 0.3697144389152527 1.254745268393343e-15 0.024790286990939422
1146.789794921875 0.9316323399543762 0.3733007609844208 1.2547649619093666e-15 0.024653296572766898
1146.7998046875 1.339515209197998 0.4134640693664551 1.2547833848759694e-15 0.024516815648649083
1146.8096923828125 1.3363436460494995 0.41514915227890015 1.2548003255349145e-15 0.024382547852517575
1146.8197021484375 1.409152865409851 0.4223468005657196 1.2548161015235571e-15 0.024247272247379457
1146.8297119140625 1.1212419271469116 0.3855617940425873 1.2548307128418972e-15 0.024112704343044928
1146.839599609375 0.8038327693939209 0.3514484465122223 1.2548437359734613e-15 0.02398054883869446
1146.849609375 1.0166195631027222 0.3748267590999603 1.2548557003138412e-15 0.023847606943568724
1146.859619140625 0.8735024929046631 0.36149919033050537 1.254866288225682e-15 0.023715607665170158
1146.8695068359375 1.0442745685577393 0.3748471438884735 1.2548754997089833e-15 0.023586216899906483
1146.8795166015625 1.0194940567016602 0.3713853359222412 1.2548834406428638e-15 0.023456314508377398
1146.8895263671875 0.8362703323364258 0.3530862331390381 1.2548901110273234e-15 0.023327598047680156
1146.8994140625 1.021976113319397 0.3709729015827179 1.2548952991041254e-15 0.02320169949636582
1146.909423828125 0.8821099400520325 0.3582688271999359 1.2548992166315064e-15 0.023075606710950936
1146.91943359375 0.8383152484893799 0.3529565632343292 1.2549018636094666e-15 0.022950956811597898
1146.9293212890625 0.8359427452087402 0.35392019152641296 1.254903028279769e-15 0.022829354589174806
1146.9393310546875 0.698467493057251 0.3390115797519684 1.2549029224006507e-15 0.022707888418826032
1146.9493408203125 0.881153404712677 0.3578837811946869 1.254901440092993e-15 0.022588164213094314
1146.959228515625 0.6971867680549622 0.3383848965167999 1.254898581356796e-15 0.022471728044896448
1146.96923828125 1.1127569675445557 0.3800274133682251 1.2548942403129413e-15 0.02235579610961935
1146.979248046875 1.114205002784729 0.3807174265384674 1.2548886287196657e-15 0.02224192675627621
1146.9892578125 1.2547821998596191 0.3938670754432678 1.2548815348187325e-15 0.022130237003841927
1146.9991455078125 1.1589908599853516 0.3852368891239166 1.25487306448926e-15 0.022022163704001705
1147.0091552734375 1.3015753030776978 0.39615699648857117 1.2548632177312481e-15 0.021915143367814974
1147.0191650390625 1.067481517791748 0.3758082985877991 1.2548518886655786e-15 0.021810645670089567
1147.029052734375 1.2507623434066772 0.3929245173931122 1.2548392890504882e-15 0.02171002658084879
1147.0390625 1.52947998046875 0.4163084924221039 1.2548251012486217e-15 0.02161091628803454
1147.049072265625 1.5277283191680908 0.41495323181152344 1.2548094311390975e-15 0.021514703348998025
1147.0589599609375 0.832888662815094 0.3528618812561035 1.2547925963592708e-15 0.021422629855489952
1147.0689697265625 1.0218266248703003 0.3697774410247803 1.2547740675135496e-15 0.021332551688905844
1147.0789794921875 0.9297318458557129 0.3629458248615265 1.2547540563601707e-15 0.021245759618323663
1147.0888671875 1.1140365600585938 0.38116222620010376 1.2547328805364894e-15 0.02116338112036055
1147.098876953125 1.2074146270751953 0.3893733322620392 1.2547100106469135e-15 0.021083516953509747
1147.10888671875 1.1109791994094849 0.3772139847278595 1.2546855525705615e-15 0.021007335794361887
1147.1187744140625 1.2519378662109375 0.39274951815605164 1.254659929823907e-15 0.02093583909604747
1147.1287841796875 1.1587284803390503 0.3839547336101532 1.2546326130113581e-15 0.020867400536341656
1147.1387939453125 0.9302085041999817 0.362128347158432 1.254603708012033e-15 0.020803059598466327
1147.148681640625 1.1143666505813599 0.38018620014190674 1.254573744221524e-15 0.02074366514296439
1147.15869140625 1.1135083436965942 0.380510538816452 1.2545417687277651e-15 0.020687885112019782
1147.168701171875 1.1130977869033813 0.3805040419101715 1.2545083109263486e-15 0.02063662362779315
1147.1785888671875 0.6033680438995361 0.3263903856277466 1.254473794333748e-15 0.020590560825243572
1147.1885986328125 0.6495291590690613 0.3327786326408386 1.2544372660378976e-15 0.020548688440189332
1147.1986083984375 1.022050142288208 0.37122824788093567 1.2543992554343896e-15 0.020511746530859274
1147.2086181640625 1.0693929195404053 0.3731270134449005 1.2543596566441054e-15 0.020479869827442678
1147.218505859375 0.8812609314918518 0.3570656180381775 1.2543189990626372e-15 0.020453484617875398
1147.228515625 0.926880419254303 0.36141371726989746 1.2542763297779193e-15 0.020432067483339717
1147.238525390625 0.9260433316230774 0.36026766896247864 1.2542320723064253e-15 0.020416111094875528
1147.2484130859375 1.2524596452713013 0.3928675651550293 1.2541867560437472e-15 0.020405829692251125
1147.2584228515625 0.6962999701499939 0.33857622742652893 1.254139322198701e-15 0.02040109453167721
1147.2684326171875 0.791070282459259 0.3481973111629486 1.2540903001668786e-15 0.020402183595143272
1147.2783203125 1.3865503072738647 0.40372440218925476 1.2540403252229906e-15 0.02040909314248051
1147.288330078125 0.8349627256393433 0.35249531269073486 1.2539882326967344e-15 0.020422104380281206
1147.29833984375 0.8802478313446045 0.35665425658226013 1.2539343402254654e-15 0.02044127541824093
1147.3082275390625 0.6032783389091492 0.3276292085647583 1.253879600721249e-15 0.020466361865839666
1147.3182373046875 1.112653136253357 0.37747684121131897 1.2538225318764278e-15 0.020498078875103482
1147.3282470703125 0.7418367862701416 0.34185102581977844 1.2537638748448304e-15 0.020536249146941767
1147.338134765625 0.9725232720375061 0.36622682213783264 1.2537042649011674e-15 0.020580371877255515
1147.34814453125 1.3413654565811157 0.3994752764701843 1.2536423256168995e-15 0.020631615705960775
1147.358154296875 0.786878764629364 0.34680548310279846 1.2535787981458554e-15 0.020689557554527404
1147.3680419921875 0.7914347648620605 0.34795787930488586 1.2535143177627456e-15 0.02075343400355312
1147.3780517578125 1.247413992881775 0.3902047574520111 1.2534474021599126e-15 0.020824877177769756
1147.3880615234375 1.017060399055481 0.369991660118103 1.253378792491185e-15 0.020903202118588284
1147.39794921875 0.9732188582420349 0.3668750524520874 1.2533094416686285e-15 0.020987383740458446
1147.407958984375 0.8351989984512329 0.35027313232421875 1.2532375497472303e-15 0.021079535763967414
1147.41796875 0.7420594096183777 0.3426997661590576 1.2531638578808192e-15 0.02117869758781207
1147.427978515625 0.7868600487709045 0.3464103043079376 1.253088577827632e-15 0.02128490500043062
1147.4378662109375 1.2483340501785278 0.3906613886356354 1.2530124507414975e-15 0.021396755578456154
1147.4478759765625 0.7431225776672363 0.34298375248908997 1.2529337825565212e-15 0.021517024353962366
1147.4578857421875 0.925107479095459 0.3610711693763733 1.252853314426532e-15 0.02164439716916551
1147.4677734375 0.6483668684959412 0.3316276967525482 1.252772105142714e-15 0.021777181370065478
1147.477783203125 1.2049338817596436 0.38783031702041626 1.2526882488809359e-15 0.021918673024651846
1147.48779296875 1.2981878519058228 0.3972261846065521 1.2526026985532632e-15 0.022067254693533708
1147.4976806640625 1.2519266605377197 0.3915024995803833 1.2525164070717617e-15 0.022220993413111702
1147.5076904296875 1.3905012607574463 0.4040926694869995 1.2524272568540632e-15 0.022383648328291525
1147.5177001953125 0.6046956777572632 0.3272390067577362 1.2523364125704701e-15 0.022553348152465284
1147.527587890625 0.7895804643630981 0.34775105118751526 1.2522449330121667e-15 0.022727878812972287
1147.53759765625 0.8344554901123047 0.3516153395175934 1.2521505947176662e-15 0.02291151293697391
1147.547607421875 0.6968783140182495 0.3372080624103546 1.2520543505990345e-15 0.023102094958134884
1147.5574951171875 0.9738355278968811 0.365126371383667 1.2519575770848107e-15 0.023297145015030583
1147.5675048828125 1.251376986503601 0.39179766178131104 1.2518579448343899e-15 0.02350143852965909
1147.5775146484375 1.1565674543380737 0.38254478573799133 1.2517564067598378e-15 0.023712562450470553
1147.58740234375 1.3428314924240112 0.3995569050312042 1.2516543392896936e-15 0.02392776856365877
1147.597412109375 1.2506359815597534 0.39221659302711487 1.2515492013251157e-15 0.02415230776366756
1147.607421875 1.0667864084243774 0.37424492835998535 1.2514422634155248e-15 0.024383518431392977
1147.6173095703125 1.1587417125701904 0.3834191858768463 1.251334796110342e-15 0.024621349981605745
1147.6273193359375 0.7443419098854065 0.3424501419067383 1.2512242583107252e-15 0.024862729529737573
1147.6373291015625 0.7447296977043152 0.34270620346069336 1.2511118146869772e-15 0.025113535229175803
1147.6473388671875 0.8362137675285339 0.3530345559120178 1.2509975711182163e-15 0.025370763066093458
1147.6572265625 1.2078310251235962 0.3879341781139374 1.2508827981538633e-15 0.02563111104086343
1147.667236328125 0.6995455622673035 0.3381516933441162 1.2507648488159582e-15 0.025900943226467448
1147.67724609375 1.1121009588241577 0.3796488344669342 1.2506449936539217e-15 0.026177014324211757
1147.6871337890625 1.2054134607315063 0.387448787689209 1.25052482085453e-15 0.026455762167652594
1147.6971435546875 0.8355815410614014 0.35102182626724243 1.2504012599233493e-15 0.026744046446430317
1147.7071533203125 1.2538470029830933 0.3901556432247162 1.2502757931680372e-15 0.027038347682157272
1147.717041015625 1.387824296951294 0.4032335579395294 1.25015000877537e-15 0.02733493457467231
1147.72705078125 1.1577335596084595 0.38209113478660583 1.2500208362509137e-15 0.027641061310026114
1147.737060546875 1.0188989639282227 0.3701818883419037 1.2498896520232077e-15 0.027952990259588497
1147.7469482421875 0.8364356756210327 0.35206517577171326 1.2497582560372649e-15 0.02826680839082156
1147.7569580078125 1.253656268119812 0.39298921823501587 1.2496232601612962e-15 0.028590161370162615
1147.7669677734375 0.835732102394104 0.3525191843509674 1.2494864643403146e-15 0.02891915305756099
1147.77685546875 1.3911083936691284 0.40477454662323 1.2493493508819778e-15 0.029249599952808326
1147.786865234375 1.0679093599319458 0.3751589059829712 1.2492086375336152e-15 0.02958959378206489
1147.796875 0.9298186302185059 0.362259179353714 1.2490659124820029e-15 0.029935059675589522
1147.8067626953125 0.8375375866889954 0.3527105152606964 1.2489230815512721e-15 0.030281574967786894
1147.8167724609375 0.790057897567749 0.346055805683136 1.2487765448513971e-15 0.030637649867212027
1147.8267822265625 1.0212042331695557 0.37067535519599915 1.2486279964482724e-15 0.03099898581428922
1147.836669921875 0.8379860520362854 0.3498992919921875 1.2484793421660293e-15 0.0313655468325581
1147.8466796875 0.7435086965560913 0.3400792181491852 1.2483268762355235e-15 0.031732677262101806
1147.856689453125 0.9281197786331177 0.36071136593818665 1.248172398601768e-15 0.032109390098820585
1147.86669921875 0.8825966715812683 0.3560018837451935 1.2480160151438812e-15 0.03249111472617791
1147.8765869140625 0.7904312014579773 0.34767913818359375 1.2478594199277575e-15 0.032873084185480766
1147.8865966796875 1.1147146224975586 0.37954846024513245 1.2476990130633712e-15 0.033264636892443654
1147.8966064453125 0.9740263223648071 0.36589953303337097 1.2475365944957352e-15 0.03366107184935319
1147.906494140625 1.0658020973205566 0.3741476237773895 1.2473741759280992e-15 0.03405740318144845
1147.91650390625 0.9295510053634644 0.3618495762348175 1.2472076280748453e-15 0.03446334238541252
1147.926513671875 1.3451284170150757 0.39963454008102417 1.2470391743974601e-15 0.03487399526249205
1147.9364013671875 0.8817538619041443 0.3563156723976135 1.246870720720075e-15 0.03528427372100056
1147.9464111328125 0.975196123123169 0.3658214211463928 1.2466981377570719e-15 0.03570414250417052
1147.9564208984375 0.6979901790618896 0.3374583125114441 1.246523543090819e-15 0.03612860222232014
1147.96630859375 0.9747301936149597 0.3656647801399231 1.2463490543036847e-15 0.036552352879409625
1147.976318359375 0.6984623074531555 0.3378576636314392 1.2461702244726956e-15 0.036985806214105785
1147.986328125 1.067236304283142 0.37587442994117737 1.2459894888175753e-15 0.03742367465390847
1147.9962158203125 1.2066380977630615 0.3884105980396271 1.2458088590415733e-15 0.03786053450824004
1148.0062255859375 1.1143174171447754 0.37934809923171997 1.2456238882217166e-15 0.038307149900318645
1148.0162353515625 0.9297850131988525 0.3616800010204315 1.2454367998194918e-15 0.03875806617605379
1148.026123046875 1.068363904953003 0.3740271031856537 1.2452500290546223e-15 0.03920768217912067
1148.0361328125 1.1622554063796997 0.38351866602897644 1.2450588113667796e-15 0.03966710250807812
1148.046142578125 1.1146124601364136 0.3799687922000885 1.2448654760965688e-15 0.04013076380713454
1148.0560302734375 1.2098684310913086 0.3885478079319 1.2446723525845948e-15 0.04059857513516691
1148.0660400390625 0.8388547301292419 0.3529927730560303 1.2444747821496478e-15 0.041064780745157986
