wave flux_norm flux_err cont_fit cont_err
1140.4713134765625 0.7130531072616577 0.43181154131889343 1.856053534132697e-15 0.05138869677743631
1140.4835205078125 0.8848661184310913 0.45308762788772583 1.8552524527228314e-15 0.05078995462402416
1140.495849609375 1.0438621044158936 0.47341814637184143 1.854437395269336e-15 0.05020404095640454
1140.508056640625 0.7959685325622559 0.44363150000572205 1.8536246671564454e-15 0.049625092223054
1140.520263671875 1.2097822427749634 0.49981141090393066 1.852806221571161e-15 0.04905320915091825
1140.5325927734375 1.3764762878417969 0.5186611413955688 1.851973799942247e-15 0.04848285720863618
1140.5447998046875 0.7108973264694214 0.43061724305152893 1.8511439194121744e-15 0.04792542746899146
1140.5570068359375 1.2921041250228882 0.5093532800674438 1.850308533167945e-15 0.04737535702912551
1140.5692138671875 0.9602336287498474 0.46709874272346497 1.849467641209558e-15 0.046827330398807036
1140.58154296875 1.2952860593795776 0.5078611969947815 1.848612561449305e-15 0.04629230582522677
1140.59375 1.2094091176986694 0.49945002794265747 1.847760446304367e-15 0.04576492339651327
1140.60595703125 0.463213175535202 0.3927948474884033 1.846902825445272e-15 0.045245261787967984
1140.6182861328125 1.5443894863128662 0.5376598238945007 1.8460312285425474e-15 0.04472837532068499
1140.6304931640625 0.6293557286262512 0.41877907514572144 1.845162808013375e-15 0.044224555993688415
1140.6427001953125 1.2949447631835938 0.5109429359436035 1.844289093528282e-15 0.04372878133529963
1140.6549072265625 0.5443090796470642 0.40473705530166626 1.843410085087269e-15 0.04323630190149249
1140.667236328125 1.6273592710494995 0.5485826134681702 1.8425168888443894e-15 0.042756966487227224
1140.679443359375 1.5411880016326904 0.5388644337654114 1.8416272924915355e-15 0.042285961331842065
1140.691650390625 1.0431649684906006 0.4793255925178528 1.840732613940998e-15 0.041818803211237716
1140.7039794921875 0.5434674024581909 0.40525582432746887 1.8398237475885943e-15 0.041364832173541845
1140.7161865234375 1.3784582614898682 0.5213342905044556 1.83891890464269e-15 0.04091948278802033
1140.7283935546875 0.8787227272987366 0.458074152469635 1.838008979499102e-15 0.04048285158588228
1140.7406005859375 0.8779547214508057 0.4579547941684723 1.8370937603995937e-15 0.04005079100910589
1140.7529296875 0.7118278741836548 0.43278253078460693 1.8361645652564557e-15 0.03963195720654045
1140.76513671875 0.7123996019363403 0.43076494336128235 1.835239605278054e-15 0.039222123446188556
1140.77734375 1.2153854370117188 0.4994722008705139 1.8343099866184424e-15 0.03881739708434543
1140.7896728515625 1.1297942399978638 0.49093693494796753 1.8333657566404907e-15 0.03842589241134515
1140.8018798828125 1.5473017692565918 0.5404276847839355 1.832426185343749e-15 0.03804363690043421
1140.8140869140625 1.3813495635986328 0.5201997756958008 1.831481955365797e-15 0.037670708720669674
1140.826416015625 0.5441591143608093 0.4061953127384186 1.830523537585979e-15 0.037303598301975084
1140.838623046875 1.5462929010391235 0.5401978492736816 1.8295697784873706e-15 0.036949644006395756
1140.850830078125 1.0444730520248413 0.47964730858802795 1.8286113607075523e-15 0.03660523284746889
1140.863037109375 0.6258695125579834 0.4197521507740021 1.827648284246524e-15 0.03626713180443792
1140.8753662109375 1.2978308200836182 0.5131835341453552 1.8266710199836295e-15 0.035942084766294895
1140.8875732421875 1.55038321018219 0.5394197702407837 1.8256990496766552e-15 0.03562676882662326
1140.8997802734375 0.7121289968490601 0.4321993887424469 1.824722420688471e-15 0.03531820934904562
1140.912109375 0.7971028685569763 0.4471229016780853 1.8237313921401835e-15 0.03502255999331118
1140.92431640625 0.46227943897247314 0.3936726450920105 1.82274608106429e-15 0.03473675962523298
1140.9365234375 0.9639892578125 0.46857449412345886 1.8217561113071865e-15 0.034460834225558575
1140.94873046875 1.216549038887024 0.503017008304596 1.8207619063853467e-15 0.03419219875040712
1140.9610595703125 0.7983413934707642 0.44527098536491394 1.8197535136616405e-15 0.033936187140135056
1140.9732666015625 1.470129132270813 0.5340970754623413 1.818750838410328e-15 0.03369008956183833
1140.9854736328125 1.2187072038650513 0.5031309723854065 1.8177439279942796e-15 0.03345160765572424
1140.997802734375 0.7984876036643982 0.44709455966949463 1.8167226180181278e-15 0.03322544630137925
1141.010009765625 1.0514358282089233 0.483765184879303 1.8157074490308435e-15 0.0330091810312965
1141.022216796875 1.3873708248138428 0.5228081941604614 1.814688044878823e-15 0.032802789865182896
1141.0345458984375 1.2193084955215454 0.5043256878852844 1.813654452924936e-15 0.0326043235372905
1141.0467529296875 0.7163533568382263 0.43600213527679443 1.8126270019599164e-15 0.0324176632855902
1141.0589599609375 0.8826419711112976 0.45814427733421326 1.8115957393466343e-15 0.03224075403074612
1141.0711669921875 1.4746860265731812 0.5338149666786194 1.8105604533268527e-15 0.03207190767036486
1141.08349609375 1.2234904766082764 0.5041268467903137 1.8095109795052047e-15 0.03191439695754507
1141.095703125 1.1377977132797241 0.49533188343048096 1.808467858430661e-15 0.03176642633896334
1141.10791015625 1.4758687019348145 0.5355775356292725 1.8074211374660915e-15 0.03162790895913315
1141.1202392578125 1.1397346258163452 0.49252933263778687 1.8063600169414187e-15 0.03149750856357712
1141.1324462890625 0.8905443549156189 0.45813244581222534 1.805305672680324e-15 0.03137769801005978
1141.1446533203125 0.7198519110679626 0.43782922625541687 1.8042477285292033e-15 0.03126702819979074
1141.1568603515625 0.9739927649497986 0.4731820821762085 1.8031861844880568e-15 0.031164409580544967
1141.169189453125 0.9749272465705872 0.47344276309013367 1.802110240886807e-15 0.031071746174022776
1141.181396484375 0.6373378038406372 0.4255003333091736 1.801041497065609e-15 0.030987833533049094
1141.193603515625 1.1485759019851685 0.497416615486145 1.799969153354385e-15 0.030911824138697606
1141.2059326171875 0.6424594521522522 0.42508524656295776 1.7988826218412945e-15 0.03084506984307059
1141.2181396484375 0.822113037109375 0.4538935124874115 1.7978032901082557e-15 0.03078661712690927
1141.2303466796875 0.48755955696105957 0.4045812785625458 1.7967207820016647e-15 0.030736301193273148
1141.2425537109375 0.5579239130020142 0.4153463542461395 1.795634674005048e-15 0.030693567721052147
1141.2548828125 1.268828272819519 0.5168155431747437 1.7945345899648014e-15 0.030659086269936055
1141.26708984375 0.9165976047515869 0.4694399833679199 1.7934419174628433e-15 0.030632215969241615
1141.279296875 0.765997052192688 0.4514118731021881 1.792346068587333e-15 0.030612610687942004
1141.2916259765625 1.1321032047271729 0.5035801529884338 1.7912360319099563e-15 0.03060046884493683
1141.3038330078125 1.5536777973175049 0.5547975897789001 1.7901338302873417e-15 0.030595364748286388
1141.3160400390625 0.7676166296005249 0.4501805901527405 1.7890286640494116e-15 0.03059710545083631
1141.328369140625 1.307690143585205 0.5287819504737854 1.7879090982513782e-15 0.03060560285018946
1141.340576171875 0.7442768812179565 0.4479329586029053 1.7867975792663438e-15 0.030620490492170974
1141.352783203125 0.8739485740661621 0.4712974429130554 1.7856833074242308e-15 0.03064161407921275
1141.364990234375 1.1069698333740234 0.49726197123527527 1.7845658592085655e-15 0.03066907025799293
1141.3773193359375 0.7711632251739502 0.4516133964061737 1.7834344349492706e-15 0.030702107507585074
1141.3895263671875 1.0888062715530396 0.4917038083076477 1.7823112692612114e-15 0.03074076099817024
1141.4017333984375 0.8533920645713806 0.46760234236717224 1.7811853507160736e-15 0.03078529389540044
1141.4140625 0.8818447589874268 0.47595128417015076 1.7800452443690693e-15 0.03083461411403138
1141.42626953125 0.6564249396324158 0.43012118339538574 1.7789136083515376e-15 0.0308889300142568
1141.4384765625 0.9644771814346313 0.4842127859592438 1.777779431235164e-15 0.03094803815462344
1141.45068359375 0.7668008804321289 0.45368877053260803 1.776642501261712e-15 0.03101239690527224
1141.4630126953125 1.1219464540481567 0.5024715065956116 1.7754915952446302e-15 0.031080524317130227
1141.4752197265625 1.5427604913711548 0.550417423248291 1.7743494771943762e-15 0.031152836556170956
1141.4874267578125 1.1794794797897339 0.5065430998802185 1.773204712166162e-15 0.03122992130585409
1141.499755859375 0.8774967193603516 0.4745844304561615 1.7720460769734365e-15 0.03131005347683233
1141.511962890625 0.5613265037536621 0.41518449783325195 1.7708964415057756e-15 0.03139378310452639
1141.524169921875 0.5585992932319641 0.41770386695861816 1.7697443708183914e-15 0.03148092289833525
1141.5364990234375 1.0162649154663086 0.4864403009414673 1.7685783240873774e-15 0.03157220457270873
1141.5487060546875 1.1959296464920044 0.5115575790405273 1.7674214888396649e-15 0.03166563515829696
1141.5609130859375 0.7340767979621887 0.4445965886116028 1.7662623242513473e-15 0.03176192612767682
1141.5731201171875 0.6635901927947998 0.4354285001754761 1.7651009362015433e-15 0.031861900105733545
1141.58544921875 1.2678725719451904 0.5186578035354614 1.763925677987228e-15 0.03196340639307418
1141.59765625 1.36371648311615 0.5305020809173584 1.7627598430144508e-15 0.03206725080452751
1141.60986328125 1.5359523296356201 0.5486404895782471 1.7615918904593055e-15 0.032173266694754364
1141.6221923828125 1.0055081844329834 0.4875461161136627 1.7604101736187674e-15 0.03228238946917867
1141.6343994140625 0.8269594311714172 0.4610421359539032 1.7592380917780042e-15 0.032392291928733025
1141.6466064453125 0.9162349104881287 0.4723115563392639 1.758063892354873e-15 0.03250389531472566
1141.6588134765625 0.4801205098628998 0.40745073556900024 1.7568877871076104e-15 0.03261818781157767
1141.671142578125 0.9195207953453064 0.476012647151947 1.7556979175749549e-15 0.032732760763633524
1141.683349609375 0.831809937953949 0.46183642745018005 1.7545180006794297e-15 0.03284859574758356
1141.695556640625 1.3622465133666992 0.532537579536438 1.753336177959773e-15 0.032966728007213064
1141.7078857421875 1.2065529823303223 0.5142806768417358 1.752140696833842e-15 0.0330846903935767
1141.7200927734375 0.5860089659690857 0.42771631479263306 1.7509552742241597e-15 0.03320350930689922
1141.7322998046875 1.1259126663208008 0.5052151679992676 1.7497680516694643e-15 0.03332306594227052
1141.7445068359375 1.107097864151001 0.5024839639663696 1.748579240927993e-15 0.033444438227136136
1141.7568359375 0.5790960192680359 0.42578113079071045 1.747376771780247e-15 0.03356510568309449
1141.76904296875 1.2140363454818726 0.5173664093017578 1.746184678786105e-15 0.03368615588327113
1141.78125 0.8513316512107849 0.4679877758026123 1.7449908917260685e-15 0.03380868504661232
1141.7935791015625 0.6755526661872864 0.44260796904563904 1.7437837638971127e-15 0.03393016683176816
1141.8057861328125 0.9593377709388733 0.48627686500549316 1.7425870122217608e-15 0.03405170362550854
1141.8179931640625 1.573180079460144 0.561640739440918 1.7413887782387512e-15 0.03417320285166307
1141.830322265625 0.6174556016921997 0.4361402988433838 1.740177097607704e-15 0.03429577218955287
1141.842529296875 0.4952637255191803 0.41190382838249207 1.7389761107676157e-15 0.034416898507543675
1141.854736328125 1.3024402856826782 0.5304076671600342 1.7377738533781066e-15 0.03453770416986457
1141.866943359375 0.9488829374313354 0.4839867353439331 1.7365702195600583e-15 0.03465930356729297
1141.8792724609375 0.8782859444618225 0.4747348725795746 1.7353532449730907e-15 0.03477920447655438
1141.8914794921875 1.1091614961624146 0.5050348043441772 1.734147175935319e-15 0.03489853723889597
1141.9036865234375 0.9411184787750244 0.4834026098251343 1.7329399422272448e-15 0.03501840419781067
1141.916015625 1.1027783155441284 0.49970972537994385 1.7317194736293697e-15 0.035136360017614755
1141.92822265625 1.3553229570388794 0.5333964824676514 1.7305099105806906e-15 0.0352535213633325
1141.9404296875 0.9234960675239563 0.47753000259399414 1.7292993946199458e-15 0.0353698231305112
1141.95263671875 1.180152177810669 0.512791633605957 1.728087819868017e-15 0.035486347198825936
1141.9649658203125 0.7419233322143555 0.4524783492088318 1.726863221984524e-15 0.035600722212855235
1141.9771728515625 1.0037609338760376 0.48883387446403503 1.7256497414084638e-15 0.035714049951829974
1141.9893798828125 1.5272530317306519 0.5527636408805847 1.7244354137994564e-15 0.03582738598459962
1142.001708984375 1.0923670530319214 0.4983752369880676 1.7232080630588849e-15 0.035938434233667486
1142.013916015625 1.0932860374450684 0.5017372965812683 1.7219921472631013e-15 0.03604826692775202
1142.026123046875 0.8310820460319519 0.4628225564956665 1.7207753844343705e-15 0.03615683626584089
1142.0384521484375 0.918845534324646 0.47787216305732727 1.7195457043531941e-15 0.03626515967232923
1142.0506591796875 1.0063214302062988 0.49067315459251404 1.718327565095924e-15 0.036371044143046864
1142.0628662109375 0.832133412361145 0.46730807423591614 1.717108684684825e-15 0.03647552849366263
1142.0750732421875 0.5711730718612671 0.42578640580177307 1.7158892748781341e-15 0.03657959272209718
1142.08740234375 0.9210057258605957 0.4805319309234619 1.714657053698116e-15 0.036681137814607766
1142.099609375 0.5715242624282837 0.42599737644195557 1.7134365851002409e-15 0.036781164223244324
1142.11181640625 0.9228647947311401 0.48048198223114014 1.7122155871067738e-15 0.03687963493082101
1142.1241455078125 1.274123191833496 0.5256349444389343 1.7109819894982163e-15 0.03697748176098211
1142.1363525390625 1.0116703510284424 0.492162823677063 1.709760144471802e-15 0.03707272941362326
1142.1485595703125 1.0105667114257812 0.49234455823898315 1.708537875928914e-15 0.03716633088726349
1142.1607666015625 1.0122069120407104 0.49322959780693054 1.7073153956277893e-15 0.03725916499369634
1142.173095703125 0.8374454379081726 0.4671883285045624 1.7060804215906925e-15 0.03734936831891735
1142.185302734375 0.7495202422142029 0.45512762665748596 1.7048573060148573e-15 0.0374378443053658
1142.197509765625 1.3686848878860474 0.5394333004951477 1.7036340845599037e-15 0.03752542845659918
1142.2098388671875 0.4887729585170746 0.41565415263175964 1.7023984752480965e-15 0.03761036652361754
1142.2220458984375 0.22454455494880676 0.36429864168167114 1.7011749361557876e-15 0.037693509385095976
1142.2342529296875 0.5773422122001648 0.42747020721435547 1.6999513970634788e-15 0.03777484304990992
1142.2464599609375 1.4594359397888184 0.5513497591018677 1.6987277520920515e-15 0.037855136568603905
1142.2587890625 1.195170521736145 0.5189107656478882 1.6974918251428891e-15 0.03793278041966425
1142.27099609375 0.8432534337043762 0.4709656834602356 1.6962682860505803e-15 0.03800857035639122
1142.283203125 0.8429437279701233 0.4708431363105774 1.6950447469582714e-15 0.03808321767410318
1142.2955322265625 0.5782884359359741 0.43027958273887634 1.6938091376464642e-15 0.038155234413823416
1142.3077392578125 0.48968788981437683 0.41590845584869385 1.6925859161915106e-15 0.03822536164476617
1142.3199462890625 0.48966434597969055 0.4172438979148865 1.6913629064947938e-15 0.0382935839441715
1142.332275390625 0.5791111588478088 0.4310106635093689 1.690127932457697e-15 0.03836055268147962
1142.344482421875 1.0214763879776 0.49729782342910767 1.6889054521565723e-15 0.038424932464953376
1142.356689453125 0.6694740056991577 0.44283702969551086 1.6876832894928027e-15 0.03848739056438244
1142.368896484375 1.3783516883850098 0.5430882573127747 1.6864615503455068e-15 0.03854851766760659
1142.3812255859375 0.582831621170044 0.43097397685050964 1.6852279527369493e-15 0.038607097609050095
1142.3934326171875 0.6744746565818787 0.44969895482063293 1.6840069547434822e-15 0.03866374819036629
1142.4056396484375 1.1167101860046387 0.505190372467041 1.6827865920247256e-15 0.03871899635048359
1142.41796875 0.6727167963981628 0.4467153549194336 1.6815544767238258e-15 0.03877175757950945
1142.43017578125 0.9469196200370789 0.489618182182312 1.6803350669171348e-15 0.038822583153075955
1142.4423828125 1.1310322284698486 0.5134710669517517 1.6791163982642727e-15 0.038871473590395826
1142.45458984375 0.6823412179946899 0.4503251314163208 1.6778982590070026e-15 0.03891889442719614
1142.4669189453125 1.0436815023422241 0.5036250948905945 1.676668790684063e-15 0.03896390705393035
1142.4791259765625 0.785892903804779 0.468196302652359 1.6754521337344506e-15 0.03900699361034649
1142.4913330078125 0.6854716539382935 0.4535400867462158 1.674236217938667e-15 0.03904856498100641
1142.503662109375 0.8548541069030762 0.47194552421569824 1.673008973077214e-15 0.03908779841521877
1142.515869140625 0.7942559123039246 0.4716528356075287 1.671794751347325e-15 0.039125126261133125
1142.528076171875 0.9030801653862 0.4918995201587677 1.6705814825295016e-15 0.03916055180970969
1142.5404052734375 0.5223286747932434 0.4293740391731262 1.669356990525127e-15 0.03919440988872116
1142.5526123046875 0.9001650810241699 0.4884897470474243 1.6681455216523166e-15 0.03922603816650241
1142.5648193359375 0.6316495537757874 0.45004671812057495 1.6669351115706902e-15 0.0392557915907913
1142.5770263671875 1.1248090267181396 0.5259429812431335 1.6657257602802479e-15 0.0392839473764538
1142.58935546875 0.917281985282898 0.49667948484420776 1.6645055034406097e-15 0.03930996225424875
1142.6015625 1.2144509553909302 0.539263904094696 1.6632983756116539e-15 0.03933413064993681
1142.61376953125 1.1376864910125732 0.532184362411499 1.6620924124530006e-15 0.03935646889900481
1142.6260986328125 0.7513870000839233 0.4713086485862732 1.6608756496242698e-15 0.039377184335363705
1142.6383056640625 0.7788491249084473 0.4837363362312317 1.6596722275644582e-15 0.03939587838794141
1142.6505126953125 1.0563061237335205 0.5216026306152344 1.6584700760540676e-15 0.0394127806432472
1142.6627197265625 0.9699743390083313 0.5119879841804504 1.6572693009722162e-15 0.03942804537918488
1142.675048828125 0.6029871702194214 0.45810842514038086 1.6560578320994057e-15 0.03944138564787617
1142.687255859375 0.8120967745780945 0.4921453297138214 1.654859809874633e-15 0.03945297506048079
1142.699462890625 0.8322743773460388 0.4980683922767639 1.6536632699575178e-15 0.039462924213050456
1142.7117919921875 0.9396893978118896 0.5031343102455139 1.6524562480076804e-15 0.03947105005437381
1142.7239990234375 0.832234263420105 0.48432403802871704 1.6512627785849991e-15 0.039477476052961834
1142.7362060546875 1.6210463047027588 0.6042996644973755 1.6500707914699755e-15 0.039482218363325335
1142.7484130859375 0.805955708026886 0.4910103380680084 1.6488804984208464e-15 0.03948532009456686
1142.7607421875 1.3505730628967285 0.5758664011955261 1.6476800409763502e-15 0.03948673396147877
1142.77294921875 1.0269814729690552 0.5287766456604004 1.6464930301798917e-15 0.039486521065169485
1142.78515625 0.5035318732261658 0.44226086139678955 1.6453079252075646e-15 0.039484675521085345
1142.7974853515625 0.715061604976654 0.47990792989730835 1.6441126558398703e-15 0.03948124960505145
1142.8096923828125 0.9501354098320007 0.5206403732299805 1.6429310448784506e-15 0.03947625197691039
1142.8218994140625 0.8276640772819519 0.499497652053833 1.6417513397411622e-15 0.039469707443004674
1142.834228515625 0.716010570526123 0.48227548599243164 1.640561787845862e-15 0.039461547321606394
1142.846435546875 0.39615777134895325 0.4221328794956207 1.6393858943568361e-15 0.03945195216594017
1142.858642578125 1.0340194702148438 0.5312917232513428 1.63821201257106e-15 0.03944087282683354
1142.870849609375 0.828950047492981 0.501571774482727 1.6370402483676522e-15 0.039428195290205165
1142.8831787109375 1.1803829669952393 0.5436254739761353 1.6358587432853508e-15 0.039414194579666675
1142.8953857421875 0.801359236240387 0.49393072724342346 1.6346911083675608e-15 0.039398775233514496
1142.9075927734375 1.024206280708313 0.5299856066703796 1.6335255910321388e-15 0.03938178302809388
1142.919921875 0.7834767699241638 0.48908206820487976 1.6323506504551787e-15 0.03936358027476737
1142.93212890625 1.3675504922866821 0.5710083842277527 1.6311895800427299e-15 0.03934402752680401
1142.9443359375 1.4635533094406128 0.5906029343605042 1.6300307330917676e-15 0.03932314767263478
1142.95654296875 0.9794583916664124 0.5183754563331604 1.6288742154814103e-15 0.039300739763550266
1142.9688720703125 1.1436028480529785 0.5488970279693604 1.6277084863877515e-15 0.03927726583305116
1142.9810791015625 1.7691196203231812 0.6132543683052063 1.6265567333377225e-15 0.03925254237945635
1142.9932861328125 0.5809295177459717 0.4545856714248657 1.6254074155074168e-15 0.0392263213392578
1143.005615234375 2.1063387393951416 0.6674541234970093 1.6242490979520466e-15 0.039199150845464985
1143.017822265625 0.41826245188713074 0.41537749767303467 1.623104756440306e-15 0.039170802646920855
1143.030029296875 0.525376558303833 0.4367697834968567 1.6219629560274072e-15 0.03914130038452392
1143.0423583984375 1.116819143295288 0.5300260782241821 1.6208123676476806e-15 0.03911035635022472
1143.0545654296875 0.9501484036445618 0.5093517303466797 1.6196758611907022e-15 0.03907861661564927
1143.0667724609375 0.6023051738739014 0.4476276636123657 1.618542001711684e-15 0.0390457967420931
1143.0789794921875 0.3755447268486023 0.41840624809265137 1.6174107892106258e-15 0.039011587541985554
1143.09130859375 0.3273595869541168 0.39908143877983093 1.6162711063800951e-15 0.038976686394933416
1143.103515625 0.6243104934692383 0.45484688878059387 1.6151455054723126e-15 0.0389407902204252
1143.11572265625 0.4443661570549011 0.4253879487514496 1.614022763300727e-15 0.03890392379702881
1143.1280517578125 0.3290035128593445 0.40177449584007263 1.6128916566787873e-15 0.0388657327197195
1143.1402587890625 0.16790761053562164 0.37514129281044006 1.611774737858714e-15 0.03882699594783197
1143.1524658203125 0.6959143280982971 0.46336859464645386 1.6106606777748379e-15 0.038787376138948136
1143.1646728515625 0.472105473279953 0.4355500638484955 1.6095496881853954e-15 0.038746482545722064
1143.177001953125 0.4430079460144043 0.4259730279445648 1.6084306517829541e-15 0.03870515442453117
1143.189208984375 0.36152392625808716 0.4126366376876831 1.6073258031823793e-15 0.038663020978581604
1143.201416015625 0.16843870282173157 0.37658819556236267 1.6062240250762382e-15 0.03861967855511247
1143.2137451171875 0.46715953946113586 0.4366820454597473 1.6051144119153351e-15 0.03857600850023255
1143.2259521484375 0.4236181080341339 0.41773366928100586 1.6040189865562985e-15 0.03853161285109182
1143.2381591796875 0.23868770897388458 0.3839274048805237 1.6029268434499325e-15 0.038486522802327464
1143.2503662109375 0.607481062412262 0.44941383600234985 1.601837982596237e-15 0.038440303972138656
1143.2626953125 0.6998944878578186 0.4655829966068268 1.6007416043251348e-15 0.038393901997228794
1143.27490234375 0.42168906331062317 0.4184052050113678 1.599659413855899e-15 0.03834688425475728
1143.287109375 0.6987433433532715 0.4654656648635864 1.5985806115184522e-15 0.038298804962950246
1143.2994384765625 0.052769310772418976 0.34840279817581177 1.5974945035218354e-15 0.03825064268935455
1143.3116455078125 1.2553634643554688 0.5422946214675903 1.5964226892062035e-15 0.03820195218884691
1143.3238525390625 0.9776850342750549 0.5073984265327454 1.595354368901479e-15 0.03815276099329159
1143.336181640625 1.2552160024642944 0.5426421165466309 1.5942790605749397e-15 0.03810259707615403
1143.348388671875 0.4245442748069763 0.4206373691558838 1.5932179400502669e-15 0.038052485690852914
1143.360595703125 0.7023620009422302 0.4678961932659149 1.5921604194156199e-15 0.03800195677504577
1143.372802734375 1.165258765220642 0.531889796257019 1.5911066045501171e-15 0.037950527607098335
1143.3851318359375 0.33118849992752075 0.4035487473011017 1.5900460134210363e-15 0.037899246393469414
1143.3973388671875 1.2574467658996582 0.5463752746582031 1.5889997159729405e-15 0.03784763041771035
1143.4095458984375 0.5163056254386902 0.43784868717193604 1.5879572301731072e-15 0.037795188342928866
1143.421875 0.7952733039855957 0.47980138659477234 1.5869081798679328e-15 0.037742986670245136
1143.43408203125 0.8890693187713623 0.49609196186065674 1.5858735291228616e-15 0.037690532381831156
1143.4462890625 1.2607340812683105 0.5462185740470886 1.5848426900260532e-15 0.03763785803761387
1143.45849609375 0.7980369925498962 0.4830893278121948 1.5838158743357441e-15 0.037584459460212896
1143.4708251953125 0.5173031687736511 0.43806207180023193 1.5827828117774491e-15 0.037531417786153924
1143.4830322265625 1.912061333656311 0.6185019016265869 1.581764042900139e-15 0.037478233294800725
1143.4952392578125 0.4255123734474182 0.4231678545475006 1.5807492974293283e-15 0.03742440070727382
1143.507568359375 0.8924043774604797 0.4977499544620514 1.5797287286070053e-15 0.03737101432792991
1143.519775390625 1.2670550346374512 0.5504504442214966 1.5787223475865488e-15 0.037317566857716845
1143.531982421875 0.4291479289531708 0.4243021011352539 1.5777202017308286e-15 0.03726408406802854
1143.5443115234375 0.6149598956108093 0.4566574692726135 1.5767123384027143e-15 0.037210057379370096
1143.5565185546875 1.269417405128479 0.5504032373428345 1.575718768755585e-15 0.03715658032544915
1143.5687255859375 0.5222195386886597 0.4410458207130432 1.5747295401523104e-15 0.037103148377176674
1143.5809326171875 0.33362793922424316 0.40658238530158997 1.5737446525928905e-15 0.03704925189523893
1143.59326171875 0.8964431881904602 0.5014446377754211 1.5727543651984318e-15 0.03699598648178054
1143.60546875 0.8031606078147888 0.4850212037563324 1.571778371484958e-15 0.03694283456832199
1143.61767578125 0.8972306847572327 0.5008244514465332 1.5708068246944574e-15 0.03688982934169726
1143.6300048828125 0.8060160279273987 0.4872492849826813 1.5698301957062732e-15 0.03683646472831616
1143.6422119140625 1.4596638679504395 0.5707229375839233 1.5688678603990739e-15 0.0367838236922831
1143.6544189453125 0.5246935486793518 0.44136008620262146 1.567910077893966e-15 0.03673139643134677
1143.6666259765625 0.7124322056770325 0.4722728431224823 1.5669569540700682e-15 0.03667869134918047
1143.678955078125 0.8072508573532104 0.48442476987838745 1.565999065685842e-15 0.03662677479728752
1143.691162109375 1.090577483177185 0.530028223991394 1.5650554709826007e-15 0.03657514374495085
1143.703369140625 1.372589349746704 0.5655936598777771 1.5641165349605693e-15 0.036523311486140735
1143.7156982421875 0.9968266487121582 0.5171754360198975 1.5631731520155648e-15 0.03647232786399583
1143.7279052734375 0.8096729516983032 0.48908719420433044 1.5622440627515452e-15 0.03642169901858509
1143.7401123046875 0.6206790208816528 0.46064698696136475 1.561319738047854e-15 0.03637144523732892
1143.7523193359375 0.43334269523620605 0.4269176721572876 1.5604003896627278e-15 0.03632109414586418
1143.7646484375 0.8083919882774353 0.49023935198783875 1.5594769119919838e-15 0.03627166569416487
1143.77685546875 1.0907223224639893 0.5277979969978333 1.558567516243988e-15 0.03622267315236801
1143.7890625 1.1862971782684326 0.5419236421585083 1.557663308572794e-15 0.03617365950693461
1143.8013916015625 0.8100513219833374 0.48920056223869324 1.556755183374219e-15 0.036125614265565056
1143.8135986328125 0.6216918230056763 0.46046552062034607 1.5558612459775105e-15 0.0360780705043287
1143.8258056640625 0.9985526204109192 0.5150766968727112 1.5549723907784855e-15 0.03603104222438225
1143.838134765625 0.9981432557106018 0.5150147080421448 1.5540799356894347e-15 0.03598409150870372
1143.850341796875 0.7172991633415222 0.4761401414871216 1.5532016684022504e-15 0.03593816324861725
1143.862548828125 1.2841148376464844 0.5569971203804016 1.5523286950709864e-15 0.03589280885730051
1143.874755859375 1.1893709897994995 0.5457236766815186 1.5514610156956428e-15 0.03584759926550454
1143.8870849609375 1.663775086402893 0.6027789115905762 1.550590159946747e-15 0.035803450712036736
1143.8992919921875 1.0980474948883057 0.5277065634727478 1.5497332802414808e-15 0.03575992293898219
1143.9114990234375 1.0980783700942993 0.5305109024047852 1.5488819062503718e-15 0.035716611334602764
1143.923828125 0.8157498836517334 0.4933541715145111 1.5480276735230659e-15 0.035674385513146833
1143.93603515625 1.194746732711792 0.5475412607192993 1.5471873109602712e-15 0.03563283121184929
1143.9482421875 1.4815168380737305 0.5814376473426819 1.5463526658698705e-15 0.03559196425378455
1143.96044921875 1.0993447303771973 0.5336653590202332 1.5455236323727453e-15 0.0355513944570655
1143.9727783203125 1.3855313062667847 0.5686492323875427 1.54469195189766e-15 0.03551193922941043
1143.9849853515625 1.0080316066741943 0.5214361548423767 1.5438742474662044e-15 0.035473210813556935
1143.9971923828125 1.1969106197357178 0.5469492673873901 1.5430623663862612e-15 0.03543484639084092
1144.009521484375 0.7228562831878662 0.4782053530216217 1.542248155965713e-15 0.0353976097241996
1144.021728515625 0.8197987675666809 0.49350646138191223 1.5414479215887945e-15 0.03536113450522986
1144.033935546875 1.0113904476165771 0.5244429111480713 1.5406535105633883e-15 0.035325430282329776
1144.0462646484375 1.580419898033142 0.5904268622398376 1.5398570878347325e-15 0.035290163296615086
1144.0584716796875 1.2026113271713257 0.5476929545402527 1.539074535270588e-15 0.03525603573254347
1144.0706787109375 1.7721894979476929 0.6163445711135864 1.5382980178161925e-15 0.03522270924260462
1144.0828857421875 1.2025835514068604 0.5470510721206665 1.5375275354715463e-15 0.03518986884881547
1144.09521484375 1.203690528869629 0.5504634380340576 1.536755464940124e-15 0.035158173459659034
1144.107421875 0.9201301336288452 0.5095240473747253 1.5359971586940946e-15 0.03512729953789773
1144.11962890625 1.0148464441299438 0.5252834558486938 1.5352450993160512e-15 0.03509725525687476
1144.1319580078125 1.205657958984375 0.5506405234336853 1.5344916635094685e-15 0.03506776064351435
1144.1441650390625 1.4897466897964478 0.5816637277603149 1.5337519919882787e-15 0.035039400013577054
1144.1563720703125 1.4918876886367798 0.5849541425704956 1.5330185673350749e-15 0.03501188748510515
1144.1685791015625 0.9220377206802368 0.5105891227722168 1.5322914954289755e-15 0.034984958910474886
1144.180908203125 0.920394241809845 0.5124282836914062 1.5315635764899288e-15 0.034959159297926964
1144.193115234375 0.8254022002220154 0.4974615275859833 1.5308492100780382e-15 0.03493421590683193
1144.205322265625 0.9196324944496155 0.5112788081169128 1.5301413022923704e-15 0.034909893532847874
1144.2176513671875 0.9165092706680298 0.5105240345001221 1.529432970990229e-15 0.0348866786653522
1144.2298583984375 1.1093188524246216 0.5385316610336304 1.5287380863361253e-15 0.03486432805746867
1144.2420654296875 1.587257981300354 0.5974175930023193 1.5280497661873628e-15 0.03484283875210739
1144.2542724609375 1.3012089729309082 0.5613496899604797 1.5273681164230599e-15 0.03482201344532607
1144.2666015625 0.6327344179153442 0.4687676727771759 1.5266862549005202e-15 0.03480226068287693
1144.27880859375 0.7303973436355591 0.4825344979763031 1.5260179459051365e-15 0.03478336989015549
1144.291015625 1.1137216091156006 0.5390053987503052 1.525356201415094e-15 0.03476516526984284
1144.3033447265625 0.7305111289024353 0.48277103900909424 1.5246948804415253e-15 0.034748001982956925
1144.3155517578125 1.016683578491211 0.5278192758560181 1.5240467943577573e-15 0.03473169611446511
1144.3277587890625 1.0169613361358643 0.5250921845436096 1.5234055904166858e-15 0.03471624087280183
1144.340087890625 0.826453685760498 0.5004816651344299 1.5227649158712064e-15 0.03470149515824863
1144.352294921875 0.5393240451812744 0.45353183150291443 1.5221375820946462e-15 0.03468774235282076
1144.364501953125 0.5393605828285217 0.45352843403816223 1.5215171304607824e-15 0.0346748287855294
1144.376708984375 0.8248924016952515 0.4991185963153839 1.5209037727278519e-15 0.03466263124486302
1144.3890380859375 0.5372812747955322 0.453113317489624 1.5202912620278686e-15 0.03465138698209494
1144.4012451171875 0.5369213223457336 0.4521885812282562 1.5196920920968046e-15 0.03464096260325123
1144.4134521484375 0.9232927560806274 0.5112861394882202 1.5190999101875554e-15 0.03463126016149893
1144.42578125 1.3058829307556152 0.5638876557350159 1.5185091047068455e-15 0.034622462082669635
1144.43798828125 0.5360231399536133 0.45283347368240356 1.5179314282368181e-15 0.03461446250704943
1144.4501953125 0.9194523692131042 0.5125561952590942 1.5173609515468423e-15 0.03460725159170353
1144.46240234375 0.6311421394348145 0.46825742721557617 1.5167976746369182e-15 0.03460075874912863
1144.4747314453125 1.3045964241027832 0.5657614469528198 1.5162363035511254e-15 0.03459510258978782
1144.4869384765625 1.783693552017212 0.621974766254425 1.5156877438386599e-15 0.03459020718019733
1144.4991455078125 0.8234219551086426 0.49368762969970703 1.5151467015436012e-15 0.034586022668280494
1144.511474609375 1.1113579273223877 0.5377756357192993 1.5146077768309106e-15 0.03458261674949277
1144.523681640625 1.497578501701355 0.5894090533256531 1.5140816634915473e-15 0.034579937593720536
1144.535888671875 1.2085952758789062 0.5541499257087708 1.5135631734487093e-15 0.03457797127422328
1144.5482177734375 1.1137703657150269 0.5420610308647156 1.5130470127464762e-15 0.03457669644937455
1144.5604248046875 0.15210877358913422 0.3819430470466614 1.5125436634175703e-15 0.03457612296625155
1144.5726318359375 0.9209052920341492 0.5135805010795593 1.5120479373851897e-15 0.034576222119438206
1144.5848388671875 0.5361573696136475 0.45475712418556213 1.5115599405284529e-15 0.034576993417830125
1144.59716796875 0.4391826391220093 0.4358275532722473 1.5110749082870314e-15 0.0345784029664406
1144.609375 0.8233886957168579 0.5009110569953918 1.5106023697815819e-15 0.034580441946990975
1144.62158203125 0.43874749541282654 0.4385642111301422 1.5101377722100129e-15 0.034583095648134915
1144.6339111328125 0.8226743936538696 0.4988038241863251 1.5096763510119961e-15 0.03458638585849974
1144.6461181640625 0.7264692187309265 0.48501431941986084 1.5092274235499513e-15 0.034590226721265833
1144.6583251953125 0.6291882991790771 0.469612181186676 1.5087865429009055e-15 0.034594633810505426
1144.6705322265625 0.6285814046859741 0.46944886445999146 1.5083534973066217e-15 0.0345996425530948
1144.682861328125 0.6291781663894653 0.46847742795944214 1.5079242633606006e-15 0.034605137217156134
1144.695068359375 0.5326699614524841 0.45281144976615906 1.507507417271433e-15 0.03461114434932677
1144.707275390625 0.6299837231636047 0.4701368808746338 1.5070986179952645e-15 0.03461771894009248
1144.7196044921875 0.727131187915802 0.48543909192085266 1.5066939480047137e-15 0.03462470774999474
1144.7318115234375 0.6311509609222412 0.4691563546657562 1.5063015599918982e-15 0.034632156859888893
1144.7440185546875 0.8230118155479431 0.500140905380249 1.5059173246712e-15 0.03464004790913373
1144.7562255859375 0.15044189989566803 0.38203778862953186 1.5055413479217374e-15 0.03464844807165563
1144.7685546875 0.536735475063324 0.4542676508426666 1.5051700298534848e-15 0.03465716751005832
1144.78076171875 0.3440414369106293 0.41961658000946045 1.5048106761256122e-15 0.03466627400929338
1144.79296875 0.4398737847805023 0.43638598918914795 1.504459792727212e-15 0.034675837444618544
1144.8052978515625 0.24704144895076752 0.40413376688957214 1.5041138856473771e-15 0.034685654901787086
1144.8175048828125 0.14990541338920593 0.381464421749115 1.5037798370288037e-15 0.034695794682878235
1144.8297119140625 0.1492001712322235 0.38411206007003784 1.5034543646188212e-15 0.03470623701935909
1144.842041015625 0.24548673629760742 0.4039060175418854 1.5031342920438775e-15 0.03471706942999836
1144.854248046875 0.2469770759344101 0.4042377173900604 1.5028258661719585e-15 0.03472805973999279
1144.866455078125 0.24637779593467712 0.40178975462913513 1.502526122387749e-15 0.03473928936968356
1144.878662109375 0.14892315864562988 0.38330796360969543 1.5022350606912487e-15 0.034750854937376945
1144.8909912109375 0.14806336164474487 0.38299494981765747 1.5019499282253792e-15 0.0347625036843733
1144.9031982421875 -0.04490389674901962 0.3442271649837494 1.501676336583416e-15 0.03477432800701573
1144.9154052734375 0.04991631954908371 0.36467939615249634 1.5014115329082807e-15 0.03478642709403653
1144.927734375 -0.046226371079683304 0.34424299001693726 1.5011529761011313e-15 0.034798542048065775
1144.93994140625 0.14653384685516357 0.3838372528553009 1.5009059601178883e-15 0.034810764906950356
1144.9521484375 0.14651046693325043 0.3824441730976105 1.500667732101473e-15 0.034823075676043744
1144.96435546875 0.1476023942232132 0.38264840841293335 1.5004385038101223e-15 0.03483557832316374
1144.9766845703125 0.051055748015642166 0.3649333715438843 1.5002160517823496e-15 0.03484800237964221
1144.9888916015625 0.34118714928627014 0.42338043451309204 1.5000049288202465e-15 0.03486044733044983
1145.0010986328125 0.43731239438056946 0.4380127787590027 1.499802805583208e-15 0.03487301486937255
1145.013427734375 0.24421969056129456 0.40286779403686523 1.499607882126221e-15 0.034885435880111434
1145.025634765625 0.04982927814126015 0.3627746105194092 1.4994240759766669e-15 0.03489780861028287
1145.037841796875 0.24218906462192535 0.40063831210136414 1.499249481310414e-15 0.03491011537877543
1145.0501708984375 0.5313066840171814 0.45275038480758667 1.4990822981824498e-15 0.03492245065822553
1145.0623779296875 0.43543383479118347 0.43845880031585693 1.4989262323619182e-15 0.03493454867792684
1145.0745849609375 1.1113353967666626 0.5411946177482605 1.4987794839038063e-15 0.03494651257766019
1145.0867919921875 1.302335500717163 0.5625697374343872 1.4986420528081143e-15 0.034958434113870895
1145.09912109375 0.7241826057434082 0.4850185811519623 1.4985126685254212e-15 0.03497005120334604
1145.111328125 0.14494171738624573 0.382326602935791 1.498394189791924e-15 0.03498146788380886
1145.12353515625 1.1098519563674927 0.5366479754447937 1.4982850284208466e-15 0.03499265511181852
1145.1358642578125 0.6260805726051331 0.4674721956253052 1.4981844432583602e-15 0.03500370039462641
1145.1480712890625 0.7246388792991638 0.48460638523101807 1.4980944460077144e-15 0.03501436332872886
1145.1602783203125 0.6255894303321838 0.46885010600090027 1.4980140837568437e-15 0.03502473187248004
1145.1724853515625 1.3004076480865479 0.5637902021408081 1.4979432506266295e-15 0.035034879912960365
1145.184814453125 0.6233471035957336 0.4695029854774475 1.4978815231005984e-15 0.03504458473806471
1145.197021484375 1.3003004789352417 0.5632504820823669 1.497830171728171e-15 0.03505392834084787
1145.209228515625 0.8204172253608704 0.5003801584243774 1.4977885612346372e-15 0.03506297476685702
1145.2215576171875 1.1089977025985718 0.5384671688079834 1.49775647986176e-15 0.03507152215656054
1145.2337646484375 0.5271219611167908 0.45152387022972107 1.4977345628842498e-15 0.03507963747057302
1145.2459716796875 0.7204073667526245 0.4799273610115051 1.4977225985438698e-15 0.03508730489297026
1145.2581787109375 1.0100551843643188 0.5272207260131836 1.4977203750823832e-15 0.03509456730559934
1145.2705078125 1.3003051280975342 0.5622585415840149 1.4977283160162638e-15 0.035101258871268574
1145.28271484375 0.5283949971199036 0.4515579044818878 1.4977462095872745e-15 0.03510743567821958
1145.294921875 0.721929669380188 0.4840506613254547 1.4977740557954155e-15 0.035113124860580186
1145.3072509765625 0.6249852776527405 0.4684772491455078 1.4978124899153972e-15 0.035118198026978055
1145.3194580078125 0.5277327299118042 0.453320175409317 1.4978605590351538e-15 0.03512268637004916
1145.3316650390625 0.816359281539917 0.4974086582660675 1.497918898429396e-15 0.03512657461534716
1145.343994140625 0.5268229246139526 0.45076918601989746 1.497988143372834e-15 0.035129866499337026
1145.356201171875 1.2010270357131958 0.5533068180084229 1.4980669174369287e-15 0.03513248014312754
1145.368408203125 0.5275529623031616 0.4516659080982208 1.4981559617755088e-15 0.03513442946660121
1145.380615234375 0.8181095719337463 0.49749496579170227 1.4982553822676927e-15 0.035135699536856656
1145.3929443359375 0.5274046659469604 0.4502863585948944 1.4983662377046647e-15 0.035136248700026435
1145.4051513671875 0.6253268122673035 0.468980073928833 1.4984864105040564e-15 0.035136072422393604
1145.4173583984375 0.8188788294792175 0.4975569546222687 1.4986170653361703e-15 0.03513513488291075
1145.4296875 1.106450080871582 0.5374460220336914 1.4987595786295459e-15 0.035133435661605115
1145.44189453125 0.6267566084861755 0.4673566222190857 1.4989111975271044e-15 0.035130952923883456
1145.4541015625 0.2420424371957779 0.39898109436035156 1.499073510215622e-15 0.03512766446008471
1145.46630859375 0.7221422791481018 0.48214951157569885 1.4992463049368619e-15 0.03512350700194441
1145.4786376953125 1.202136516571045 0.550707995891571 1.4994316992731922e-15 0.035118544108043354
1145.4908447265625 1.3952479362487793 0.5756977200508118 1.4996258815763502e-15 0.035112717717531806
1145.5030517578125 1.298013687133789 0.5619842410087585 1.4998308635495857e-15 0.03510594115943835
1145.515380859375 0.9134344458580017 0.5127864480018616 1.500048762775267e-15 0.03509832766946399
1145.527587890625 1.1057442426681519 0.5395322442054749 1.5002753440886574e-15 0.03508979785320561
1145.539794921875 0.7220925092697144 0.481002539396286 1.5005127250721255e-15 0.03508033361079664
1145.5521240234375 0.6259838938713074 0.4673161506652832 1.5007634468245127e-15 0.035069811996254335
1145.5643310546875 0.9124272465705872 0.5093934535980225 1.5010228506646094e-15 0.035058417163658005
1145.5765380859375 1.0096980333328247 0.5236304402351379 1.5012930541747835e-15 0.03504603768631373
1145.5887451171875 0.5322684049606323 0.44942066073417664 1.501574269113272e-15 0.03503251712995713
1145.60107421875 0.8195108771324158 0.49620556831359863 1.50186946009539e-15 0.03501810782869551
1145.61328125 1.396731972694397 0.5737525224685669 1.5021729096487439e-15 0.03500266213004943
1145.62548828125 1.011610984802246 0.5239671468734741 1.5024874765095305e-15 0.03498616790734668
1145.6378173828125 1.205193042755127 0.551716148853302 1.5028165488095387e-15 0.03496842645726929
1145.6500244140625 0.5326982140541077 0.44824326038360596 1.5031535620434276e-15 0.034949775534112854
1145.6622314453125 1.1092255115509033 0.5375919342041016 1.5035017984638675e-15 0.0349300280971742
1145.6744384765625 1.1057850122451782 0.5369181632995605 1.5038612580708585e-15 0.03490895666506331
1145.686767578125 1.0123828649520874 0.5234926342964172 1.5042358583917817e-15 0.03488696334190342
1145.698974609375 1.4890921115875244 0.5862794518470764 1.5046181878883486e-15 0.03486383327081391
1145.711181640625 0.7230129241943359 0.4799485504627228 1.505011846450585e-15 0.03483930421694617
1145.7235107421875 1.2954821586608887 0.5620302557945251 1.5054210692432273e-15 0.034813848134903944
1145.7357177734375 1.3917258977890015 0.5732549428939819 1.5058378094532764e-15 0.03478721568257868
1145.7479248046875 1.0087394714355469 0.5197954177856445 1.5062660904872319e-15 0.03475939374449795
1145.7601318359375 0.9121077656745911 0.5106241106987 1.5067058064659753e-15 0.034730074382071326
1145.7724609375 1.0050573348999023 0.5218983888626099 1.5071617219498349e-15 0.03469982962802132
1145.78466796875 2.0524823665618896 0.6451720595359802 1.5076249430928646e-15 0.034668358667051494
1145.796875 1.004846215248108 0.521686315536499 1.5080997050598006e-15 0.0346353233533383
1145.8092041015625 1.2896140813827515 0.5582947731018066 1.508591195927445e-15 0.034601362994795985
1145.8214111328125 1.100291132926941 0.5342143177986145 1.5090895689377857e-15 0.03456615347672869
1145.8336181640625 1.2882806062698364 0.557607889175415 1.5095996945302696e-15 0.03452968055754043
1145.845947265625 1.3818790912628174 0.5673459768295288 1.5101270784190538e-15 0.0344915491977044
1145.858154296875 1.0978543758392334 0.5322646498680115 1.5106611326922976e-15 0.03445251193377817
1145.870361328125 0.9074088335037231 0.5054378509521484 1.511207045426803e-15 0.03441218759629409
1145.882568359375 1.00187087059021 0.516312301158905 1.5117649225016884e-15 0.03437014514259749
1145.8948974609375 1.3814759254455566 0.5707224011421204 1.5123406931475845e-15 0.0343272106207583
1145.9071044921875 0.8125825524330139 0.4909082353115082 1.5129227106614666e-15 0.03428297089357688
1145.9193115234375 1.0967694520950317 0.5314691066741943 1.5135167983948471e-15 0.03423695438633854
1145.931640625 1.189556360244751 0.5423110127449036 1.514129203215712e-15 0.034190066014025904
1145.94384765625 0.8095821142196655 0.4915062487125397 1.5147478549045628e-15 0.03414185907782161
1145.9560546875 1.1866295337677002 0.5428304076194763 1.515378576812912e-15 0.03409232170553748
1145.96826171875 1.281706690788269 0.5482683181762695 1.5160215806989965e-15 0.034040945381831667
1145.9805908203125 0.334049791097641 0.4131923317909241 1.5166834310681573e-15 0.03398873094866044
1145.9927978515625 0.615751326084137 0.46014195680618286 1.517351210667949e-15 0.033935187134387104
1146.0050048828125 0.9928099513053894 0.5149213671684265 1.5180312722454757e-15 0.03387975271763013
1146.017333984375 0.4253251254558563 0.42541536688804626 1.5187308155807894e-15 0.033823520540929186
1146.029541015625 0.5186282396316528 0.4417845606803894 1.5194358646302602e-15 0.033765953322559696
1146.041748046875 0.6123664975166321 0.45722177624702454 1.520153407415703e-15 0.03370704738178118
1146.0540771484375 0.9868171811103821 0.5131134390830994 1.5208907495962878e-15 0.033646198301389575
1146.0662841796875 0.4219939112663269 0.42701777815818787 1.5216335974910298e-15 0.033584617169618025
1146.0784912109375 0.7976715564727783 0.4856738746166229 1.5223889391217439e-15 0.033521701074914576
1146.0906982421875 0.703881561756134 0.47057706117630005 1.5231569862466667e-15 0.03345681310332396
1146.10302734375 0.4203742742538452 0.4227618873119354 1.523945468041442e-15 0.03339124306844209
1146.115234375 0.420181542634964 0.42442578077316284 1.524739032033901e-15 0.03332435723184952
1146.12744140625 0.4201122522354126 0.4242412745952606 1.525545407399687e-15 0.03325615877142869
1146.1397705078125 0.3250703811645508 0.40727514028549194 1.5263727468309177e-15 0.03318595735014758
1146.1519775390625 0.2324567586183548 0.39025044441223145 1.5272048508224766e-15 0.03311515538348045
1146.1641845703125 0.8873167634010315 0.49713802337646484 1.5280498720664812e-15 0.0330430649202485
1146.1763916015625 0.792331874370575 0.4833158552646637 1.5289078105629314e-15 0.0329689601370168
1146.188720703125 0.9776860475540161 0.5086268186569214 1.529787454278655e-15 0.032894327123412954
1146.200927734375 0.6032432913780212 0.45396971702575684 1.5306715449173516e-15 0.032818435863172894
1146.213134765625 0.6981976628303528 0.46758681535720825 1.531568552808494e-15 0.032740532574478495
1146.2254638671875 0.5125768184661865 0.4370940327644348 1.53248790119362e-15 0.032662173577389854
1146.2376708984375 1.0712980031967163 0.5221704244613647 1.533411378864364e-15 0.032582608189308505
1146.2498779296875 0.8849146366119385 0.49421989917755127 1.5343479855457905e-15 0.03250184648240422
1146.2620849609375 1.2550276517868042 0.5452147126197815 1.5352978271170178e-15 0.032419092315902426
1146.2744140625 1.346066951751709 0.552885890007019 1.5362706444569394e-15 0.03233600211002021
1146.28662109375 1.2524007558822632 0.5429719686508179 1.5372470616868868e-15 0.032251773193153185
1146.298828125 1.252137303352356 0.5446403622627258 1.5382369255648718e-15 0.03216557746880711
1146.3111572265625 0.9687064290046692 0.5042809844017029 1.5392501887280248e-15 0.0320791481035226
1146.3233642578125 0.598213791847229 0.4496958553791046 1.5402669459020852e-15 0.03199165160309102
1146.3355712890625 0.9682557582855225 0.5058187246322632 1.5412971497241832e-15 0.031903117368046165
1146.347900390625 0.689448893070221 0.46343186497688293 1.5423513881061596e-15 0.03181267714083156
1146.360107421875 1.5220328569412231 0.5757998824119568 1.5434086969825698e-15 0.03172214766424578
1146.372314453125 1.2447854280471802 0.5416252017021179 1.5444796642652544e-15 0.03163067923182287
1146.384521484375 1.0586962699890137 0.5153458118438721 1.5455641840750951e-15 0.03153736268942704
1146.3968505859375 1.2418986558914185 0.5404940843582153 1.546673479598643e-15 0.03144409109780053
1146.4090576171875 0.9652009010314941 0.49759912490844727 1.5477855279792696e-15 0.03134996814153031
1146.4212646484375 1.0563912391662598 0.5137256383895874 1.548911340645289e-15 0.03125408934929877
1146.43359375 1.053330421447754 0.5133336782455444 1.5500623525414891e-15 0.031158386762380363
1146.44580078125 1.1438487768173218 0.5268154144287109 1.5512157996574127e-15 0.031061963930492126
1146.4580078125 0.9594992399215698 0.49747493863105774 1.5523832228169659e-15 0.03096486642294488
1146.47021484375 0.9584888815879822 0.5014389157295227 1.5535645161410304e-15 0.030866152686990816
1146.4825439453125 1.1417711973190308 0.5234639048576355 1.5547717498491046e-15 0.030767824618596593
1146.4947509765625 1.6074529886245728 0.5815203785896301 1.555981101139547e-15 0.03066897346899431
1146.5069580078125 0.9041609764099121 0.4950656294822693 1.557204428473619e-15 0.030568636603110662
1146.519287109375 1.1384409666061401 0.5230196118354797 1.5584542255872927e-15 0.030468863900658758
1146.531494140625 1.4211392402648926 0.5709382891654968 1.5597059285250977e-15 0.030368721310986623
1146.543701171875 0.6426213979721069 0.46028172969818115 1.5609717133856509e-15 0.030268282320737694
1146.5560302734375 1.0949794054031372 0.5224683284759521 1.5622646033005162e-15 0.030166581795662704
1146.5682373046875 0.5680226683616638 0.44868025183677673 1.5635588696439207e-15 0.03006570625155083
1146.5804443359375 0.7323080897331238 0.4723869562149048 1.5648674296683102e-15 0.02996472323119253
1146.5926513671875 1.058863878250122 0.527320146560669 1.566190389252803e-15 0.02986268637396305
1146.60498046875 1.6782251596450806 0.6076961755752563 1.5675410891663184e-15 0.029761688884042296
1146.6171875 0.8115354180335999 0.48102301359176636 1.5688928478710179e-15 0.02966080232311262
1146.62939453125 0.7970224022865295 0.4915104806423187 1.5702590061358206e-15 0.02956010035178868
1146.6417236328125 1.1760079860687256 0.5442492365837097 1.5716535400043564e-15 0.029458682570254267
1146.6539306640625 0.8234246969223022 0.496477872133255 1.573048815026721e-15 0.029358613810200586
1146.6661376953125 1.0911191701889038 0.5325704216957092 1.5744587013674259e-15 0.029259003362786185
1146.6783447265625 1.1657980680465698 0.5387468338012695 1.5758830931473524e-15 0.02915893437498433
1146.690673828125 0.9222809076309204 0.5135113000869751 1.5773367075639592e-15 0.029060494698153427
1146.702880859375 0.9215322136878967 0.5123875141143799 1.5787905337388028e-15 0.02896278809795477
1146.715087890625 1.0819505453109741 0.5150260329246521 1.580259077111105e-15 0.028864959196711764
1146.7274169921875 1.2783348560333252 0.55466628074646 1.5817573725156794e-15 0.028769043620222357
1146.7396240234375 0.7891747951507568 0.48664769530296326 1.5832555620411354e-15 0.028674185074735393
1146.7518310546875 1.2927498817443848 0.5602179765701294 1.5847686805222868e-15 0.028580490200560065
1146.7640380859375 1.2760369777679443 0.5530030727386475 1.5862966220800152e-15 0.02848716048845747
1146.7763671875 0.7885484099388123 0.47084957361221313 1.5878549509447263e-15 0.028396172957162156
1146.78857421875 0.8386783003807068 0.487514466047287 1.5894129621720821e-15 0.02830671024131539
1146.80078125 0.6765130758285522 0.46735453605651855 1.5909859023551334e-15 0.028218035920654097
1146.8131103515625 1.5510563850402832 0.5835717916488647 1.5925898651198778e-15 0.02813203739267586
1146.8253173828125 0.5365517735481262 0.4340391755104065 1.5941930867307934e-15 0.028047973516145356
1146.8375244140625 1.7876713275909424 0.6071105599403381 1.5958113431765227e-15 0.027965970878804338
1146.849853515625 1.377809762954712 0.5667608380317688 1.5974612574786557e-15 0.02788539406241694
1146.862060546875 1.0871291160583496 0.5281497836112976 1.5991100071104862e-15 0.0278079888448487
1146.874267578125 0.6214710474014282 0.44586336612701416 1.6007741092144857e-15 0.027733088245180802
1146.886474609375 1.3985426425933838 0.569936215877533 1.6024533520324173e-15 0.027660146093498296
1146.8988037109375 0.9480071663856506 0.4975849390029907 1.6041649938605814e-15 0.02759076543374483
1146.9110107421875 1.0183091163635254 0.5101469159126282 1.6058751533810879e-15 0.02752437006421429
1146.9232177734375 0.8136439323425293 0.47664710879325867 1.6076006653737633e-15 0.027460521107450564
1146.935546875 0.9233797788619995 0.4919869601726532 1.6093591057722632e-15 0.027400633939006165
1146.94775390625 1.361095666885376 0.5603578090667725 1.6111157462257502e-15 0.027344247605186632
1146.9599609375 1.2135329246520996 0.5349603891372681 1.6128877391514062e-15 0.027291529747453074
1146.97216796875 1.1189709901809692 0.5206376910209656 1.614675296307468e-15 0.027242193825661593
1146.9844970703125 1.233809232711792 0.5275642275810242 1.61649673478142e-15 0.027197394972873188
1146.9967041015625 0.7019599676132202 0.45106399059295654 1.6183157380356486e-15 0.02715681476082666
1147.0089111328125 1.210798740386963 0.5170535445213318 1.6201505172785198e-15 0.02712029998054608
1147.021240234375 1.4404536485671997 0.5425583720207214 1.6220194954766364e-15 0.027088760100821604
1147.033447265625 0.9165302515029907 0.4763104021549225 1.6238859325759113e-15 0.027061999502797873
1147.045654296875 0.6542866230010986 0.4358682632446289 1.6257678280264735e-15 0.027040214792504753
1147.0579833984375 1.69734525680542 0.5712793469429016 1.6276849812234652e-15 0.027023457447901345
1147.0701904296875 1.0023243427276611 0.4867866635322571 1.6295990639260231e-15 0.027012254127735023
1147.0823974609375 1.6071162223815918 0.5604039430618286 1.6315289226172237e-15 0.02700660622733138
1147.0946044921875 0.9972568154335022 0.48644983768463135 1.633474874934422e-15 0.027006744047889462
1147.10693359375 1.6887391805648804 0.565957248210907 1.635456402635405e-15 0.0270128562602471
1147.119140625 0.7368939518928528 0.4476783275604248 1.637434542204599e-15 0.027025111522429243
1147.13134765625 1.4269570112228394 0.5381622314453125 1.6394286695206725e-15 0.027043702354201615
1147.1436767578125 1.0801684856414795 0.4951377213001251 1.6414591133743594e-15 0.02706910649183931
1147.1558837890625 1.078550934791565 0.4948571026325226 1.6434857455797838e-15 0.02710101717096208
1147.1680908203125 0.9927090406417847 0.47877809405326843 1.645528471411206e-15 0.027139835282316456
1147.1802978515625 0.9077681303024292 0.46935200691223145 1.6475876085059811e-15 0.027186245993680507
1147.192626953125 0.6494741439819336 0.4311467409133911 1.6496836974130803e-15 0.027239506882850355
1147.204833984375 1.0757983922958374 0.4928821921348572 1.6517755511554432e-15 0.027300238580459317
1147.217041015625 0.4765777289867401 0.40312978625297546 1.6538837102820407e-15 0.02736932552118172
1147.2293701171875 1.583799123764038 0.5507453083992004 1.656029774133028e-15 0.027445574549012423
1147.2415771484375 0.7295912504196167 0.44315776228904724 1.6581707557863316e-15 0.027529806247958043
1147.2537841796875 0.643290102481842 0.4279744327068329 1.6603284663403435e-15 0.027622184838118742
1147.2659912109375 0.7279466390609741 0.4411093294620514 1.6625026940368269e-15 0.02772390505362037
1147.2783203125 0.5568040013313293 0.41393062472343445 1.6647154617324103e-15 0.027833112213587606
1147.29052734375 1.1496918201446533 0.49685606360435486 1.6669229354720734e-15 0.027950923531555493
1147.302734375 0.6433944702148438 0.42789965867996216 1.6691471381124448e-15 0.02807878283633872
1147.3150634765625 1.3173383474349976 0.5159115195274353 1.6714105160266267e-15 0.028214301891029636
1147.3272705078125 1.4817622900009155 0.5360584259033203 1.6736681764684147e-15 0.028358811255972546
1147.3394775390625 1.3117311000823975 0.5167539715766907 1.6759427775691477e-15 0.028512452926566952
1147.351806640625 0.7216878533363342 0.4361509382724762 1.6782570833392832e-15 0.028677005689542588
1147.364013671875 0.9727976322174072 0.4713214635848999 1.6805653539996696e-15 0.028849312513215042
1147.376220703125 0.6348831057548523 0.42249923944473267 1.682890565319001e-15 0.02903107940027156
1147.388427734375 0.6343550086021423 0.42025887966156006 1.685232823176396e-15 0.029224336722863398
1147.4007568359375 0.9661092758178711 0.470093309879303 1.6876156327361408e-15 0.029425356170677076
1147.4129638671875 0.9646833539009094 0.4672892987728119 1.6899918777905443e-15 0.029636065295401182
1147.4251708984375 1.1301748752593994 0.4873884618282318 1.6923852752621297e-15 0.029858808541280018
1147.4375 1.2122122049331665 0.49893543124198914 1.6948198597107754e-15 0.030089244318356287
1147.44970703125 0.7958724498748779 0.4421207010746002 1.6972475620167246e-15 0.030329556203640525
1147.4619140625 1.2089407444000244 0.49645689129829407 1.6996925226189742e-15 0.03057982521767002
1147.47412109375 1.2892348766326904 0.5059096813201904 1.7021546356384056e-15 0.030842733098924397
1147.4864501953125 1.2881760597229004 0.5039749145507812 1.704658888546963e-15 0.031113126671102737
1147.4986572265625 1.6143419742584229 0.5427960753440857 1.7071558357963502e-15 0.03139355485128302
1147.5108642578125 0.7896225452423096 0.43830984830856323 1.709669829583801e-15 0.03168703074425169
1147.523193359375 0.9528040885925293 0.46224674582481384 1.712226810293325e-15 0.031987761062389666
1147.535400390625 0.8661367297172546 0.44911885261535645 1.7147759559480867e-15 0.03229861854898404
1147.547607421875 1.599304437637329 0.5382432341575623 1.7173425716573857e-15 0.032619571482526526
1147.5599365234375 0.6993623971939087 0.42163828015327454 1.719952491926113e-15 0.032954028090660815
1147.5721435546875 0.9424135088920593 0.4571779668331146 1.7225543653818414e-15 0.033295361416897
1147.5843505859375 0.8603193759918213 0.4428468644618988 1.7251738147712253e-15 0.033646826504416194
1147.5965576171875 0.6160007119178772 0.40763017535209656 1.7278105224569095e-15 0.03401202508803203
1147.60888671875 1.261946439743042 0.49514976143836975 1.7304919111305614e-15 0.034383807804187434
1147.62109375 1.0989106893539429 0.4774612784385681 1.7331644059582671e-15 0.03476566557401155
1147.63330078125 0.6122927069664001 0.4066202640533447 1.7358546884778652e-15 0.035157568534658006
1147.6456298828125 0.9324473738670349 0.4541887938976288 1.7385898637436678e-15 0.03556359700052666
1147.6578369140625 0.9304237961769104 0.4532754719257355 1.741315827526169e-15 0.03597569397570921
1147.6700439453125 0.9279203414916992 0.4513802230358124 1.7440596848796808e-15 0.036397774719330596
1147.6822509765625 1.2473734617233276 0.48723921179771423 1.746821329925085e-15 0.03683419108447854
1147.694580078125 0.6849387288093567 0.41431206464767456 1.7496290323869962e-15 0.03727622621354101
1147.706787109375 1.4030061960220337 0.5059198141098022 1.7524268880908956e-15 0.03772821544741795
1147.718994140625 1.00155770778656 0.457856684923172 1.7552426373658057e-15 0.03819471433401567
1147.7313232421875 0.9205093383789062 0.4471994638442993 1.7581050793319332e-15 0.03866645968335573
1147.7435302734375 1.3167133331298828 0.4936201572418213 1.7609573569026937e-15 0.03914802745779306
1147.7557373046875 0.9166616797447205 0.4462587535381317 1.7638277398027017e-15 0.039639371252091195
1147.7679443359375 0.9938985109329224 0.4548048675060272 1.7667163339110756e-15 0.04014547469586929
1147.7802734375 0.99178546667099 0.4523553252220154 1.7696520442271406e-15 0.04065628629046177
1147.79248046875 1.067423701286316 0.46375229954719543 1.7725773783896018e-15 0.04117677850317672
1147.8046875 0.9877186417579651 0.4511330723762512 1.7755208178813105e-15 0.04171223914102948
1147.8170166015625 1.298791527748108 0.48849254846572876 1.778512326492776e-15 0.04225197851082004
1147.8292236328125 0.668462336063385 0.4061904847621918 1.781492823675927e-15 0.04280132157977681
1147.8414306640625 0.9807958006858826 0.44965416193008423 1.784491532067444e-15 0.043360157525429474
1147.853759765625 0.666641116142273 0.4049752354621887 1.787539156611665e-15 0.04393420460492361
1147.865966796875 0.5860812067985535 0.392507404088974 1.790575134452861e-15 0.04451200269692224
1147.878173828125 1.1301147937774658 0.4657531678676605 1.79362953526066e-15 0.045099273753018344
1147.890380859375 0.9727400541305542 0.440181165933609 1.7967027825515356e-15 0.04570190819105099
1147.9027099609375 1.0487457513809204 0.4562717080116272 1.7998255812698254e-15 0.046307946600447486
1147.9149169921875 0.8899071216583252 0.43264392018318176 1.80293609801038e-15 0.04692333150080698
1147.9271240234375 0.8885489106178284 0.4341142475605011 1.806065249475774e-15 0.047554303745661115
1147.939453125 1.1949467658996582 0.47103187441825867 1.809245011159767e-15 0.04818833230082377
1147.95166015625 0.7302843332290649 0.4106915295124054 1.8124120673495506e-15 0.04883159471396848
1147.9638671875 0.8831459879875183 0.43144792318344116 1.815597758264174e-15 0.04948403211227614
1147.97607421875 0.805646538734436 0.4149543344974518 1.8188025074201107e-15 0.05015235683779514
1147.9884033203125 0.8820880651473999 0.429985910654068 1.8220585020693562e-15 0.05082327502746289
1148.0006103515625 1.0321487188339233 0.4475666582584381 1.8253011559496825e-15 0.05150329392987441
1148.0128173828125 1.182500958442688 0.4645404815673828 1.828562868071322e-15 0.05219940255146713
1148.025146484375 0.8759496808052063 0.42419755458831787 1.8318766727192176e-15 0.05289778282778372
1148.037353515625 0.7988329529762268 0.415376216173172 1.8351767130817204e-15 0.053605277330057176
1148.049560546875 0.72096186876297 0.40274661779403687 1.8384958116855364e-15 0.05432178846965283
1148.0618896484375 1.0982794761657715 0.45046624541282654 1.841867426332082e-15 0.05505468845832638
