wave flux_norm flux_err cont_fit cont_err
1248.091552734375 0.8442316055297852 0.2098572552204132 1.0984168676480893e-15 0.050640124684571436
1248.1014404296875 0.900143563747406 0.21263164281845093 1.0991113287857194e-15 0.05012902400182534
1248.1114501953125 0.9814541935920715 0.2189866304397583 1.0998042017365734e-15 0.04962282603715897
1248.1214599609375 0.9782237410545349 0.21758268773555756 1.100486804412942e-15 0.049127760014049275
1248.13134765625 1.1006828546524048 0.22624145448207855 1.1011511958809446e-15 0.0486317201811516
1248.141357421875 1.215981125831604 0.23314951360225677 1.1018136815248158e-15 0.048141024047941315
1248.1513671875 0.7649805545806885 0.20375965535640717 1.1024662145315569e-15 0.047661689017705185
1248.161376953125 0.8799743056297302 0.2111029028892517 1.1031087949011677e-15 0.04718202723801352
1248.1712646484375 0.7433980107307434 0.20177879929542542 1.103733799337123e-15 0.04670810748138673
1248.1812744140625 1.3154675960540771 0.23817351460456848 1.10435668619071e-15 0.04624576037279674
1248.1912841796875 0.8420120477676392 0.20905444025993347 1.1049697262862854e-15 0.045783707421853566
1248.201171875 1.0923888683319092 0.22502468526363373 1.1055657198437972e-15 0.045327824295272254
1248.211181640625 0.8188003897666931 0.2069714367389679 1.106159384060704e-15 0.0448837026580042
1248.22119140625 1.2119114398956299 0.23195591568946838 1.1067434132778359e-15 0.044440505127574824
1248.2310791015625 1.2714334726333618 0.23565109074115753 1.1073109253524963e-15 0.044003891836121356
1248.2410888671875 0.9951262474060059 0.21867099404335022 1.1078758963283149e-15 0.04357398982008245
1248.2510986328125 0.8355623483657837 0.2079518735408783 1.1084313381834769e-15 0.043156051310314275
1248.260986328125 0.8187976479530334 0.2064635306596756 1.1089707922917595e-15 0.0427398725196346
1248.27099609375 0.8174693584442139 0.20634056627750397 1.1095074935429635e-15 0.04233079552945221
1248.281005859375 0.9942735433578491 0.21799848973751068 1.1100348774317477e-15 0.041933790108442795
1248.2908935546875 0.7800365090370178 0.20322450995445251 1.110546697090126e-15 0.041539172037743606
1248.3009033203125 1.1497085094451904 0.22850990295410156 1.1110556580123075e-15 0.041151990608532384
1248.3109130859375 1.1106719970703125 0.22581513226032257 1.1115554074511876e-15 0.04077696456783019
1248.32080078125 0.8150811791419983 0.20567069947719574 1.1120401220552538e-15 0.04040490159313198
1248.330810546875 0.8539144992828369 0.20820975303649902 1.1125217661648863e-15 0.040040586027704904
1248.3408203125 0.8907437920570374 0.21056941151618958 1.1129944105494542e-15 0.03968842646560653
1248.350830078125 0.7375118136405945 0.19944706559181213 1.1134579493298391e-15 0.03933980363702854
1248.3607177734375 0.815538763999939 0.20549243688583374 1.1139071944292391e-15 0.03899921186361615
1248.3707275390625 0.8323349952697754 0.2068796157836914 1.1143530513968501e-15 0.03867070343369221
1248.3807373046875 0.8519838452339172 0.20811530947685242 1.1147902262767517e-15 0.03834626846307163
1248.390625 0.6961533427238464 0.19584771990776062 1.1152133192339053e-15 0.038030045206449085
1248.400634765625 0.6383376717567444 0.1923409253358841 1.1156330240592698e-15 0.03772581597671561
1248.41064453125 0.714044988155365 0.19768553972244263 1.116044046796925e-15 0.0374261125604105
1248.4205322265625 0.811434268951416 0.20505990087985992 1.116441517007424e-15 0.037134774025866714
1248.4305419921875 0.4815517067909241 0.17885813117027283 1.1168354932070156e-15 0.036855236323521015
1248.4405517578125 0.7140015959739685 0.19805467128753662 1.1172208931980163e-15 0.036580625970008725
1248.450439453125 0.49909281730651855 0.18035900592803955 1.117593270057453e-15 0.03631445500280382
1248.46044921875 0.6176007986068726 0.1901370882987976 1.117961835268627e-15 0.036056722018492394
1248.470458984375 0.5961610078811646 0.18825556337833405 1.1183221419085653e-15 0.03581041928183015
1248.4803466796875 0.4817333519458771 0.17846831679344177 1.1186698489334132e-15 0.03556946832281657
1248.4903564453125 0.8296054601669312 0.20575539767742157 1.11901363843088e-15 0.03533692252188168
1248.5003662109375 0.5210094451904297 0.1821398288011551 1.1193492752362296e-15 0.035115444220368
1248.51025390625 0.5002877712249756 0.18103870749473572 1.1196727359429623e-15 0.03489951461371579
1248.520263671875 0.5799797177314758 0.18672828376293182 1.1199921732431956e-15 0.034691878126323336
1248.5302734375 0.5396010279655457 0.18299885094165802 1.12030356373043e-15 0.034494854714439485
1248.5401611328125 0.6149840950965881 0.1900491565465927 1.1206033075146396e-15 0.03430351342790407
1248.5501708984375 0.5569180846214294 0.18523991107940674 1.1208989220132313e-15 0.03412026328316045
1248.5601806640625 0.6922663450241089 0.1958218812942505 1.1211865955779426e-15 0.033947095981829274
1248.5701904296875 0.5768359899520874 0.1861293613910675 1.1214663282087733e-15 0.03377964858379709
1248.580078125 0.5970178246498108 0.18728330731391907 1.1217351552904081e-15 0.03362000338142207
1248.590087890625 0.6144669055938721 0.18950560688972473 1.1219995354490699e-15 0.03346984548593721
1248.60009765625 0.7288703918457031 0.1976529061794281 1.122256186432088e-15 0.033325354444052394
1248.6099853515625 0.8081027865409851 0.203792542219162 1.1225022495032653e-15 0.03318829180095871
1248.6199951171875 0.7102108001708984 0.19600850343704224 1.1227438656514696e-15 0.033060069618615996
1248.6300048828125 0.576080322265625 0.18601854145526886 1.122977964382267e-15 0.03293737103804524
1248.639892578125 0.6883910298347473 0.1937703639268875 1.123201792838579e-15 0.03282167327238591
1248.64990234375 0.7857581973075867 0.2020057737827301 1.123420962613681e-15 0.03271409569913691
1248.659912109375 0.6709796786308289 0.19295483827590942 1.1236329326087314e-15 0.032611824272821215
1248.6697998046875 0.8855410814285278 0.20912359654903412 1.1238349499666516e-15 0.032516052955952744
1248.6798095703125 0.8658844232559204 0.20795001089572906 1.1240323086433618e-15 0.03242660120424738
1248.6898193359375 0.6544447541236877 0.191559836268425 1.1242224675400204e-15 0.032344274592180464
1248.69970703125 0.614950954914093 0.1891784965991974 1.1244033090742592e-15 0.032266854435170675
1248.709716796875 0.9025207757949829 0.209510937333107 1.1245792801690513e-15 0.03219519339205575
1248.7197265625 1.1549811363220215 0.22676539421081543 1.12474815736291e-15 0.03212987959792666
1248.7296142578125 0.8437339663505554 0.20608730614185333 1.1249081407108228e-15 0.03206910069566526
1248.7396240234375 0.6137644648551941 0.18899258971214294 1.1250631477401703e-15 0.03201348893334491
1248.7496337890625 1.0576130151748657 0.22043442726135254 1.1252112726268214e-15 0.03196344200000797
1248.759521484375 1.0366333723068237 0.21831609308719635 1.125350927184e-15 0.0319175152112091
1248.76953125 1.0197288990020752 0.21783891320228577 1.1254853936643766e-15 0.031876151119522286
1248.779541015625 0.8658077120780945 0.2073897272348404 1.1256131897602936e-15 0.031839573615744826
1248.78955078125 1.3444091081619263 0.23670898377895355 1.125734315471751e-15 0.03180666887749169
1248.7994384765625 0.8636370897293091 0.2069387435913086 1.1258475002493278e-15 0.031777715390522376
1248.8094482421875 0.9407703280448914 0.21223145723342896 1.1259553910709843e-15 0.03175278709680615
1248.8194580078125 1.0940946340560913 0.22236788272857666 1.126056823266418e-15 0.03173106986087408
1248.829345703125 1.0169281959533691 0.21762201189994812 1.1261506321653264e-15 0.0317126921762699
1248.83935546875 0.998149037361145 0.21577966213226318 1.1262391471083145e-15 0.03169761620041842
1248.849365234375 0.9011683464050293 0.21025270223617554 1.1263214151833166e-15 0.031685277494975045
1248.8592529296875 0.8809270858764648 0.20833367109298706 1.1263963775991486e-15 0.031675681340318035
1248.8692626953125 0.7865289449691772 0.20150817930698395 1.1264660460590602e-15 0.03166863369740527
1248.8792724609375 0.767848551273346 0.19970229268074036 1.1265294676509859e-15 0.03166399002802788
1248.88916015625 1.037943720817566 0.21879427134990692 1.1265860071002151e-15 0.031661445197144755
1248.899169921875 0.9575640559196472 0.21358425915241241 1.126637252593524e-15 0.0316608943934361
1248.9091796875 1.0710296630859375 0.21976801753044128 1.1266823570979653e-15 0.03166212601491448
1248.9190673828125 0.9756356477737427 0.21490170061588287 1.1267210029761838e-15 0.03166499752456861
1248.9290771484375 1.0313708782196045 0.21829849481582642 1.1267542490193635e-15 0.031669336100359206
1248.9390869140625 0.8959080576896667 0.2093903124332428 1.1267815658319125e-15 0.031674893215174575
1248.948974609375 0.8589860200881958 0.20634031295776367 1.1268027416555938e-15 0.03168164479075556
1248.958984375 0.7043321132659912 0.19467571377754211 1.1268185176442364e-15 0.03168937788150214
1248.968994140625 0.9340276718139648 0.21165978908538818 1.1268284702813667e-15 0.031697825687517354
1248.9788818359375 0.9372975826263428 0.21129564940929413 1.1268325995669845e-15 0.03170705371496718
1248.9888916015625 0.8948403000831604 0.20861706137657166 1.1268313290175636e-15 0.031716815516020784
1248.9989013671875 1.1270965337753296 0.22386591136455536 1.1268243409957488e-15 0.031726846218589295
1249.0089111328125 1.070497989654541 0.22010529041290283 1.1268118472597768e-15 0.03173726279180179
1249.018798828125 1.0491273403167725 0.21882480382919312 1.1267940595678845e-15 0.03174781718150769
1249.02880859375 1.1082428693771362 0.22320427000522614 1.1267706602827166e-15 0.03175825433954394
1249.038818359375 0.8183294534683228 0.20318476855754852 1.12674186116251e-15 0.0317687161505916
1249.0487060546875 1.1494251489639282 0.22484555840492249 1.1267081916028565e-15 0.031778961676922304
1249.0587158203125 1.4160443544387817 0.24087543785572052 1.1266689104499276e-15 0.0317887636201379
1249.0687255859375 1.0495768785476685 0.21847328543663025 1.1266243353410784e-15 0.031798264673084685
1249.07861328125 0.8970974683761597 0.20880089700222015 1.1265752074301376e-15 0.031807241501470906
1249.088623046875 0.7445651292800903 0.19810301065444946 1.126520362046803e-15 0.03181560328622685
1249.0986328125 1.1682451963424683 0.22682611644268036 1.1264604344657847e-15 0.031823173178213246
1249.1085205078125 0.9932845830917358 0.21479235589504242 1.1263962717200302e-15 0.0318300594677481
1249.1185302734375 0.9750674962997437 0.21441446244716644 1.1263263915018817e-15 0.03183608368159135
1249.1285400390625 0.8768323063850403 0.208138108253479 1.1262516408442865e-15 0.03184111912150409
1249.138427734375 0.9944693446159363 0.21560333669185638 1.1261729726593102e-15 0.03184522102251521
1249.1484375 1.1255816221237183 0.22351334989070892 1.1260884811228216e-15 0.03184826373940885
1249.158447265625 0.9342261552810669 0.21100811660289764 1.1259993309051231e-15 0.03185016839280588
1249.1683349609375 0.9923525452613831 0.21590200066566467 1.1259065807973988e-15 0.031850929848434795
1249.1783447265625 1.0718481540679932 0.22032974660396576 1.125808007338162e-15 0.03185046971439146
1249.1883544921875 1.0697054862976074 0.22034408152103424 1.1257048810768338e-15 0.031848774251763
1249.1982421875 1.0324896574020386 0.21806173026561737 1.1255985784419534e-15 0.031845760075325934
1249.208251953125 1.3415583372116089 0.2373979538679123 1.1254863465764422e-15 0.03184140751438512
1249.21826171875 0.9947407841682434 0.21498817205429077 1.1253697736670763e-15 0.03183575945063147
1249.228271484375 0.8597209453582764 0.20638731122016907 1.1252487538347374e-15 0.031828651982903536
1249.2381591796875 0.6283288598060608 0.18931373953819275 1.1251248752662014e-15 0.03182012382481861
1249.2481689453125 1.0133965015411377 0.21713726222515106 1.1249952792252715e-15 0.03181028648430474
1249.2581787109375 1.0318516492843628 0.2184406965970993 1.1248614480196054e-15 0.031798879705377016
1249.26806640625 1.0910499095916748 0.22265735268592834 1.1247250757150974e-15 0.031786007571863215
1249.278076171875 1.0134336948394775 0.21751052141189575 1.1245828800590771e-15 0.031771845640194196
1249.2880859375 0.9926130771636963 0.21606646478176117 1.1244366609965573e-15 0.031756039384574136
1249.2979736328125 1.3231598138809204 0.2357492297887802 1.124288218472551e-15 0.03173875373846034
1249.3079833984375 0.8990451693534851 0.2096681296825409 1.1241339525970323e-15 0.03171999366463728
1249.3179931640625 0.8393922448158264 0.20507168769836426 1.1239757691941326e-15 0.03170001874561115
1249.327880859375 1.1117225885391235 0.2233205884695053 1.1238156799671015e-15 0.031678347307010135
1249.337890625 0.937699019908905 0.21178306639194489 1.1236498732676765e-15 0.03165522605110601
1249.347900390625 0.8814813494682312 0.2082388997077942 1.1234801490408704e-15 0.031630983803296424
1249.3577880859375 0.7645114064216614 0.2005603015422821 1.1233089425064066e-15 0.0316050363500688
1249.3677978515625 0.8437566161155701 0.2064044177532196 1.1231320184995489e-15 0.03157769669881265
1249.3778076171875 0.748016893863678 0.1991274505853653 1.122951388723547e-15 0.03154935000852494
1249.3876953125 1.074517846107483 0.22095173597335815 1.122769488398124e-15 0.03151931742235733
1249.397705078125 0.9800232648849487 0.21546153724193573 1.1225817647211888e-15 0.03148797736997903
1249.40771484375 1.1716053485870361 0.227032870054245 1.1223906529124646e-15 0.0314557597824192
1249.4176025390625 1.0372430086135864 0.21886105835437775 1.1221984823125562e-15 0.03142190838551456
1249.4276123046875 0.8628930449485779 0.20743428170681 1.122000594240254e-15 0.031386849444612244
1249.4376220703125 0.8428980708122253 0.20568372309207916 1.121799423915281e-15 0.03135106467147391
1249.4476318359375 0.8631154894828796 0.20749138295650482 1.1215949713376376e-15 0.03131372009732312
1249.45751953125 0.8042391538619995 0.20336998999118805 1.1213898834852836e-15 0.03127529052714487
1249.467529296875 0.9411377906799316 0.21268098056316376 1.1211790781605357e-15 0.03123630684290284
1249.4775390625 1.2138317823410034 0.23030826449394226 1.120965202341354e-15 0.031195853538732634
1249.4874267578125 0.9789033532142639 0.21491223573684692 1.1207509030056986e-15 0.03115445557846795
1249.4974365234375 0.8256957530975342 0.20473361015319824 1.1205309920767677e-15 0.03111268332195991
1249.5074462890625 0.9825199842453003 0.21479155123233795 1.1203082224116399e-15 0.03106955886408869
1249.517333984375 1.194649577140808 0.22919411957263947 1.1200852409882752e-15 0.031025642046182533
1249.52734375 1.0570895671844482 0.22069396078586578 1.119856647971635e-15 0.030980989384106233
1249.537353515625 0.8831599950790405 0.20928573608398438 1.119625302097916e-15 0.030936215815562426
1249.5472412109375 0.88149493932724 0.20868724584579468 1.1193940621033157e-15 0.030890271902523612
1249.5572509765625 0.884013831615448 0.20945115387439728 1.119157316394558e-15 0.030843764285855377
1249.5672607421875 0.8805480599403381 0.20823456346988678 1.1189180295869587e-15 0.030797329533193307
1249.5771484375 0.7448930144309998 0.19843190908432007 1.1186789545375962e-15 0.0307498796342413
1249.587158203125 0.9595370292663574 0.21417412161827087 1.1184345855323134e-15 0.030702050013212377
1249.59716796875 0.8616951704025269 0.20747536420822144 1.1181875695490703e-15 0.030654488242582142
1249.6070556640625 0.9220691323280334 0.21186068654060364 1.1179412947196561e-15 0.030606086232908128
1249.6170654296875 0.8815162181854248 0.20852982997894287 1.1176896200552032e-15 0.030557489865688774
1249.6270751953125 0.9815897345542908 0.2159404158592224 1.117435510171027e-15 0.030509360409780993
1249.636962890625 0.9037479162216187 0.21086381375789642 1.1171823531989163e-15 0.03046057177409494
1249.64697265625 1.0005600452423096 0.21743705868721008 1.1169239022708853e-15 0.030411786877958254
1249.656982421875 0.7869579792022705 0.2026253640651703 1.1166632278813678e-15 0.030363660408874085
1249.6669921875 0.7874951958656311 0.20251090824604034 1.1164004359094822e-15 0.030315070728316382
1249.6768798828125 0.8638379573822021 0.20780840516090393 1.116138808607899e-15 0.030266678310297526
1249.6868896484375 0.7666335105895996 0.20124852657318115 1.1158719932295139e-15 0.030219135173767245
1249.6968994140625 0.9634350538253784 0.2147095948457718 1.115603166147879e-15 0.030171332394429668
1249.706787109375 0.8459882140159607 0.20652979612350464 1.115335821373902e-15 0.030123922183102617
1249.716796875 1.0074888467788696 0.21809162199497223 1.1150632885231228e-15 0.030077544153913248
1249.726806640625 1.00321626663208 0.21775226294994354 1.1147889557273308e-15 0.03003111328225103
1249.7366943359375 0.8116703629493713 0.20478293299674988 1.114516211118315e-15 0.02998527231762925
1249.7467041015625 0.9958491921424866 0.21835775673389435 1.114238490190734e-15 0.029940087134839064
1249.7567138671875 0.8724852800369263 0.2093171924352646 1.1139590751972584e-15 0.029896157235014206
1249.7666015625 0.9594618082046509 0.21544621884822845 1.1136814601487958e-15 0.0298524587746395
1249.776611328125 0.9128230810165405 0.21223372220993042 1.1133989746608865e-15 0.02980960563020149
1249.78662109375 0.9752811789512634 0.21679849922657013 1.1131149009862011e-15 0.029768162897210924
1249.7965087890625 0.5705738067626953 0.1871967315673828 1.1128329448938839e-15 0.02972717088897085
1249.8065185546875 0.8352805376052856 0.2064574807882309 1.1125461183621199e-15 0.029687203326536807
1249.8165283203125 1.2278528213500977 0.2327292114496231 1.1122579154018166e-15 0.029648786027087478
1249.826416015625 0.9748013019561768 0.21812258660793304 1.1119720417821183e-15 0.029611029199331354
1249.83642578125 1.013070821762085 0.21928708255290985 1.1116814036020916e-15 0.02957447576021148
1249.846435546875 1.027206540107727 0.22042249143123627 1.1113894948726441e-15 0.029539597396215415
1249.8563232421875 0.9309293031692505 0.2147059142589569 1.1111001272420384e-15 0.02950558624040168
1249.8663330078125 0.8251476883888245 0.2075757086277008 1.1108061009302227e-15 0.029472939521975213
1249.8763427734375 0.8259730935096741 0.20744189620018005 1.110511015827223e-15 0.029442079435225827
1249.8863525390625 1.1543188095092773 0.22874976694583893 1.110215083691276e-15 0.029412289931899902
1249.896240234375 1.0445677042007446 0.22220443189144135 1.1099216926541708e-15 0.029384009532563173
1249.90625 0.8822870254516602 0.21168458461761475 1.109623960573211e-15 0.029357606149301593
1249.916259765625 1.2260315418243408 0.2345895916223526 1.1093252755801854e-15 0.029332467302464697
1249.9261474609375 0.8884270191192627 0.2122277468442917 1.1090295552024752e-15 0.02930897138237799
1249.9361572265625 1.2215766906738281 0.2330074906349182 1.1087294937809104e-15 0.029287424207015855
1249.9461669921875 1.159661889076233 0.22939857840538025 1.1084287970846351e-15 0.0292673274440794
1249.9560546875 0.8973287343978882 0.21015986800193787 1.1081311708827936e-15 0.029248995338330776
1249.966064453125 1.1392725706100464 0.22998765110969543 1.1078292036370975e-15 0.029232466783871536
1249.97607421875 0.8578179478645325 0.2098965346813202 1.1075268128749277e-15 0.029217938061975972
1249.9859619140625 0.8729478716850281 0.21156060695648193 1.1072277043654285e-15 0.029205091915584597
1249.9959716796875 1.0125768184661865 0.22095565497875214 1.1069244665703115e-15 0.029194140397652737
1250.0059814453125 1.0500725507736206 0.22350499033927917 1.1066209111378392e-15 0.02918521056209902
1250.015869140625 1.0738964080810547 0.22497285902500153 1.106320743837156e-15 0.029178112995953326
1250.02587890625 1.0429532527923584 0.22227342426776886 1.1060166590090917e-15 0.029172993233532517
1250.035888671875 1.0661592483520508 0.2238733470439911 1.1057123624227906e-15 0.029169895793825687
1250.0457763671875 1.089026927947998 0.2261219620704651 1.1054115598473969e-15 0.029168763273676703
1250.0557861328125 0.9279308319091797 0.21442385017871857 1.105107051502859e-15 0.0291696672882894
1250.0657958984375 0.9679967761039734 0.21754539012908936 1.104802543158321e-15 0.02917257344928791
1250.0758056640625 0.7655764818191528 0.20295995473861694 1.1044979289346647e-15 0.029177566765377194
1250.085693359375 1.0069407224655151 0.22006884217262268 1.1041972322383894e-15 0.029184632002293133
1250.095703125 1.0917351245880127 0.22532938420772552 1.1038929356520883e-15 0.02919365916452593
1250.105712890625 1.0727523565292358 0.2250310629606247 1.1035887449449056e-15 0.029204874693268677
1250.1156005859375 1.1448549032211304 0.2294265478849411 1.103288471765104e-15 0.02921818435986804
1250.1256103515625 1.0428683757781982 0.22376516461372375 1.1029848104535133e-15 0.029233393378231276
1250.1356201171875 1.0056895017623901 0.2202589362859726 1.1026814667792779e-15 0.029250873154265587
1250.1455078125 1.2201920747756958 0.23497559130191803 1.1023822523906603e-15 0.02927044942069618
1250.155517578125 1.2884619235992432 0.2384546846151352 1.1020796498702537e-15 0.029291843032473647
1250.16552734375 0.9454909563064575 0.21657496690750122 1.1017775767454391e-15 0.029315575313836845
1250.1754150390625 1.0334312915802002 0.2220669835805893 1.1014797387853608e-15 0.02934138571523549
1250.1854248046875 0.8699296116828918 0.2114807814359665 1.1011788303308487e-15 0.02936926929446655
1250.1954345703125 1.0707957744598389 0.2251949906349182 1.1008785571510471e-15 0.029398829839890384
1250.205322265625 0.762633740901947 0.20229926705360413 1.1005826250151001e-15 0.029430788707378027
1250.21533203125 0.7619084119796753 0.2023288905620575 1.1002837282638378e-15 0.029464778313729997
1250.225341796875 1.1468733549118042 0.2292637825012207 1.0999856785455227e-15 0.029500328057690598
1250.2352294921875 1.1371220350265503 0.22777047753334045 1.099692181629299e-15 0.029538301434312936
1250.2452392578125 0.8026782274246216 0.2057453691959381 1.0993958259768784e-15 0.029578243062005717
1250.2552490234375 0.84341961145401 0.20875661075115204 1.099100529115642e-15 0.02961961636596908
1250.26513671875 0.8222440481185913 0.206283837556839 1.0988097850564969e-15 0.029663411949790885
1250.275146484375 1.0773475170135498 0.2247084528207779 1.09851649989851e-15 0.029709109324887437
1250.28515625 0.9783965945243835 0.2173590213060379 1.0982242735317073e-15 0.029756091871090327
1250.295166015625 1.1791958808898926 0.2303428053855896 1.0979333177143255e-15 0.029805487670134117
1250.3050537109375 0.8451376557350159 0.2091425061225891 1.0976470205781535e-15 0.02985669968474695
1250.3150634765625 0.9026108980178833 0.2130112200975418 1.097358499980495e-15 0.029909039026415365
1250.3250732421875 1.1764237880706787 0.23103444278240204 1.0970712499322574e-15 0.02996376478987269
1250.3349609375 1.1588603258132935 0.23035076260566711 1.0967888703234665e-15 0.03002021189044594
1250.344970703125 0.9599077701568604 0.21755798161029816 1.0965044790114259e-15 0.030077621666474732
1250.35498046875 0.7811011672019958 0.20339810848236084 1.0962214641279245e-15 0.03013737785008247
1250.3648681640625 0.9409928321838379 0.2157871276140213 1.0959434255629883e-15 0.030198745383739473
1250.3748779296875 0.7651538848876953 0.20307239890098572 1.0956635870530392e-15 0.030260907143452986
1250.3848876953125 1.062364101409912 0.22373756766319275 1.0953853367298661e-15 0.030325358804305515
1250.394775390625 0.5085242986679077 0.18363416194915771 1.0951120627252582e-15 0.030391306028961538
1250.40478515625 1.0799131393432617 0.22546711564064026 1.0948373064129926e-15 0.030458700533353575
1250.414794921875 0.7252457141876221 0.20085743069648743 1.0945642441666215e-15 0.030526662447786967
1250.4246826171875 0.865068256855011 0.2115107774734497 1.094296264117934e-15 0.030596822599373675
1250.4346923828125 1.025019884109497 0.2214265763759613 1.094026907640707e-15 0.03066830734197936
1250.4447021484375 0.8448585271835327 0.20878449082374573 1.09375956286673e-15 0.030740182216112927
1250.45458984375 0.7480043768882751 0.2025601714849472 1.0934973002904363e-15 0.03081417061715529
1250.464599609375 0.668969452381134 0.1956947147846222 1.0932339789229586e-15 0.030889353436530473
1250.474609375 0.48847439885139465 0.18206247687339783 1.0929726692587307e-15 0.030964745615418714
1250.4844970703125 0.6087080836296082 0.19205589592456818 1.092716653550423e-15 0.031042163496883476
1250.4945068359375 0.6076090335845947 0.1918044090270996 1.0924596849300498e-15 0.03112063947339724
1250.5045166015625 0.6081401109695435 0.19170671701431274 1.0922050456502815e-15 0.031199148005037227
1250.5145263671875 0.38873690366744995 0.172882542014122 1.0919526298319997e-15 0.031279585332339044
1250.5244140625 0.3695782423019409 0.1716962456703186 1.0917056138487567e-15 0.03136093507964306
1250.534423828125 0.5069090127944946 0.18352971971035004 1.0914579625908032e-15 0.03144215038348601
1250.54443359375 0.30973711609840393 0.1661253124475479 1.091212746552573e-15 0.03152518813678311
1250.5543212890625 0.329222172498703 0.1684349924325943 1.0909730362285e-15 0.031608995754496196
1250.5643310546875 0.5111806988716125 0.1844780445098877 1.0907329023879535e-15 0.03169249995038742
1250.5743408203125 0.5880802869796753 0.19055694341659546 1.090495415525367e-15 0.03177771171939912
1250.584228515625 0.4886208772659302 0.18213483691215515 1.0902634343769378e-15 0.031863558578466664
1250.59423828125 0.45109230279922485 0.17868134379386902 1.0900312414702717e-15 0.031949987557650585
1250.604248046875 0.3316848874092102 0.1684395968914032 1.0898019072998026e-15 0.032035892083619344
1250.6141357421875 0.6087456345558167 0.19255170226097107 1.0895780788434907e-15 0.03212334778529423
1250.6241455078125 0.5504444241523743 0.1878872513771057 1.0893544621454155e-15 0.03221124985578616
1250.6341552734375 0.3324825167655945 0.1677943766117096 1.0891337041835374e-15 0.03229847155476374
1250.64404296875 0.48902183771133423 0.18229806423187256 1.0889185578149348e-15 0.03238711506557682
1250.654052734375 0.5704227685928345 0.18945464491844177 1.0887037290836874e-15 0.03247606568717434
1250.6640625 0.5506286025047302 0.1879390925168991 1.0884920767259922e-15 0.03256418895308181
1250.6739501953125 0.7090809941291809 0.20064271986484528 1.0882860359615726e-15 0.032653609465269136
1250.6839599609375 0.6126354336738586 0.19348077476024628 1.0880806304718635e-15 0.032743198022743475
1250.6939697265625 0.7703878283500671 0.2050846517086029 1.087878507234825e-15 0.03283181362182654
1250.703857421875 0.8484072685241699 0.21054567396640778 1.0876821014701803e-15 0.03292159864245348
1250.7138671875 0.8717960715293884 0.2127303034067154 1.087486542738483e-15 0.03301141864242595
1250.723876953125 0.8904690146446228 0.21398116648197174 1.087294478017693e-15 0.03310013219562969
1250.73388671875 0.9512115120887756 0.2177048772573471 1.0871056955495738e-15 0.033189884320945086
1250.7437744140625 0.8310938477516174 0.20997504889965057 1.0869228423120852e-15 0.03327953798126546
1250.7537841796875 0.7910167574882507 0.20634734630584717 1.0867411537448992e-15 0.03336795408628446
1250.7637939453125 0.7713422179222107 0.2047661989927292 1.086563065067739e-15 0.033457282215743504
1250.773681640625 1.1110342741012573 0.2279389500617981 1.0863907997420911e-15 0.03354638272957337
1250.78369140625 0.9490980505943298 0.2178686112165451 1.0862201226032194e-15 0.03363412964262263
1250.793701171875 1.1902674436569214 0.23386183381080627 1.0860531512334919e-15 0.03372265258285371
1250.8035888671875 0.9696257710456848 0.21954166889190674 1.0858920032152768e-15 0.033810823593659084
1250.8135986328125 1.0723347663879395 0.22509309649467468 1.0857326551420745e-15 0.033898601396949425
1250.8236083984375 0.9918440580368042 0.22020231187343597 1.0855772245962534e-15 0.03398488230732307
1250.83349609375 0.9319803714752197 0.21704109013080597 1.0854276174019446e-15 0.03407176315946805
1250.843505859375 1.0529407262802124 0.22483788430690765 1.0852802336691223e-15 0.03415812534069682
1250.853515625 1.0949627161026 0.22790396213531494 1.0851368733427996e-15 0.03424290016224324
1250.8634033203125 0.8329189419746399 0.2098499834537506 1.0849993363679891e-15 0.034328130726089874
1250.8734130859375 0.89461749792099 0.21376031637191772 1.084864234612902e-15 0.03441273842222224
1250.8834228515625 0.7309211492538452 0.2022704780101776 1.0847333680225513e-15 0.0344956623155058
1250.893310546875 0.7137114405632019 0.20186886191368103 1.0846083247837129e-15 0.03457890760682273
1250.9033203125 0.792693018913269 0.206427201628685 1.084486034401953e-15 0.034661424040935494
1250.913330078125 0.9105567336082458 0.2154119312763214 1.0843680850640479e-15 0.03474217521701615
1250.9232177734375 1.1114581823349 0.22807757556438446 1.084255959077655e-15 0.03482311686053814
1250.9332275390625 1.0337878465652466 0.22372007369995117 1.0841470094648145e-15 0.03490322086946143
1250.9432373046875 0.9342942237854004 0.21705539524555206 1.084042506774947e-15 0.03498148558914748
1250.9532470703125 1.3928585052490234 0.24536095559597015 1.083942556887171e-15 0.035059811630388744
1250.963134765625 0.8343186974525452 0.2103433609008789 1.0838485362300258e-15 0.03513719258792113
1250.97314453125 0.8948158025741577 0.2144012302160263 1.0837579037046696e-15 0.035212673355509
1250.983154296875 0.8748164176940918 0.2136167287826538 1.08367214161876e-15 0.03528808476793218
1250.9930419921875 0.9934235215187073 0.22073163092136383 1.0835920970052445e-15 0.035362454495234286
1251.0030517578125 1.1300172805786133 0.22972488403320312 1.0835158640399916e-15 0.03543486536152847
1251.0130615234375 1.0119363069534302 0.22241583466529846 1.0834445015141855e-15 0.03550707379849402
1251.02294921875 0.8322761654853821 0.20999132096767426 1.0833789623398917e-15 0.035578151974181633
1251.032958984375 1.0117791891098022 0.2224016934633255 1.0833175524512157e-15 0.03564807004770711
1251.04296875 1.1728320121765137 0.23231267929077148 1.0832612247602233e-15 0.035715962049453105
1251.0528564453125 0.875498354434967 0.2133767306804657 1.0832106145416249e-15 0.0357834816652971
1251.0628662109375 1.0123825073242188 0.22241784632205963 1.083164557125118e-15 0.03584975349463937
1251.0728759765625 0.8155726194381714 0.20887590944766998 1.0831236877854129e-15 0.035913964045006554
1251.082763671875 0.8739894032478333 0.2135869413614273 1.0830885359181018e-15 0.035977675386879314
1251.0927734375 0.7759217023849487 0.20602568984031677 1.083058148611119e-15 0.03604005444495633
1251.102783203125 0.6912665963172913 0.19933533668518066 1.083033161139175e-15 0.03610034352956697
1251.1126708984375 0.772689700126648 0.20594599843025208 1.083013891139625e-15 0.03616000826888261
1251.1226806640625 0.8144727945327759 0.20893903076648712 1.082999809216877e-15 0.0362182637537368
1251.1326904296875 0.6343716382980347 0.195491760969162 1.082991233008286e-15 0.036274404227122255
1251.142578125 0.9134045839309692 0.2152494490146637 1.0829882683929706e-15 0.03632979179027588
1251.152587890625 0.7941769957542419 0.20665228366851807 1.0829908094918124e-15 0.03638369962483381
1251.16259765625 0.9160435795783997 0.21612432599067688 1.0829990680630481e-15 0.03643548272622666
1251.172607421875 0.8542503118515015 0.21172533929347992 1.0830131499857962e-15 0.03648638495920707
1251.1824951171875 0.8754910826683044 0.2134862244129181 1.083032631743583e-15 0.03653574467428751
1251.1925048828125 0.9937973618507385 0.22126223146915436 1.0830582544902375e-15 0.036582962617744366
1251.2025146484375 0.9923853278160095 0.22141194343566895 1.0830897005884043e-15 0.036629185782970496
1251.21240234375 1.0179795026779175 0.2219451367855072 1.0831266524007283e-15 0.036673801917121815
1251.222412109375 0.9538325071334839 0.2189122587442398 1.083170062839275e-15 0.03671627667199942
1251.232421875 0.7924904823303223 0.20733925700187683 1.083219508387571e-15 0.03675763579486389
1251.2423095703125 0.9715686440467834 0.2192968726158142 1.0832743537709058e-15 0.03679733319956783
1251.2523193359375 1.1745500564575195 0.23219774663448334 1.0833359754178185e-15 0.03683534087702453
1251.2623291015625 0.8129411339759827 0.20874501764774323 1.0834038439327173e-15 0.036871218809042934
1251.272216796875 0.8729713559150696 0.21338815987110138 1.0834770064035363e-15 0.03690582645832257
1251.2822265625 1.1134071350097656 0.2296251356601715 1.0835572627752887e-15 0.036938703062470386
1251.292236328125 0.9736207127571106 0.22021202743053436 1.0836439777732639e-15 0.03696945703618225
1251.3021240234375 1.0531443357467651 0.22486703097820282 1.0837359867271593e-15 0.036998834543932844
1251.3121337890625 1.21693754196167 0.2355503886938095 1.0838355130984617e-15 0.03702643368880613
1251.3221435546875 1.1140992641448975 0.2289530485868454 1.0839416039751053e-15 0.03705192990559597
1251.33203125 1.017001748085022 0.22271732985973358 1.0840527770494325e-15 0.03707594514374341
1251.342041015625 1.05553138256073 0.22566451132297516 1.0841719969367585e-15 0.037098135694976976
1251.35205078125 0.7333970665931702 0.20270560681819916 1.0842977813294258e-15 0.03711825861085974
1251.3619384765625 0.7546406984329224 0.20435306429862976 1.084428753798895e-15 0.03713679641209351
1251.3719482421875 0.6736935377120972 0.19771768152713776 1.0845679848395999e-15 0.037153474072313175
1251.3819580078125 0.9334111213684082 0.21621739864349365 1.0847140980230013e-15 0.0371681143943667
1251.3919677734375 1.1769953966140747 0.23267200589179993 1.0848671992282175e-15 0.03718107735506594
1251.40185546875 1.033698320388794 0.22397920489311218 1.0850251708728804e-15 0.037192151378022086
1251.411865234375 0.9937781691551208 0.22117997705936432 1.0851920363634895e-15 0.037201234697125996
1251.421875 1.032378911972046 0.2236659675836563 1.0853658898759134e-15 0.03720854521898798
1251.4317626953125 1.0132510662078857 0.222145676612854 1.085544613827784e-15 0.03721394731271018
1251.4417724609375 0.8923643827438354 0.21404597163200378 1.085732761021193e-15 0.037217407178805895
1251.4517822265625 0.6139078140258789 0.19309404492378235 1.085928002115535e-15 0.037219004939267566
1251.461669921875 0.8122289180755615 0.20780052244663239 1.0861280077702055e-15 0.037218682836091706
1251.4716796875 0.8916364908218384 0.2138471156358719 1.0863377543037693e-15 0.03721644085120319
1251.481689453125 0.7718181610107422 0.20541396737098694 1.0865548064965033e-15 0.03721233361821312
1251.4915771484375 1.2313261032104492 0.23566891252994537 1.086776517370447e-15 0.03720626509639488
1251.5015869140625 1.094490885734558 0.22772206366062164 1.087008392639758e-15 0.03719827274226295
1251.5115966796875 0.9954425096511841 0.2209085077047348 1.0872477853264757e-15 0.037188484995719806
1251.521484375 1.03294038772583 0.22302162647247314 1.087491730815285e-15 0.03717667085280379
1251.531494140625 1.1117987632751465 0.2287728488445282 1.0877461583368164e-15 0.03716293463395256
1251.54150390625 1.232865810394287 0.23567529022693634 1.0880083150339916e-15 0.03714749060237945
1251.5513916015625 1.1112303733825684 0.22861173748970032 1.08827491865414e-15 0.03712995740454973
1251.5614013671875 1.1928895711898804 0.23279549181461334 1.0885524278234841e-15 0.0371105220690701
1251.5714111328125 1.0111345052719116 0.2219058871269226 1.0888377720475904e-15 0.037089466556511755
1251.581298828125 0.8921456336975098 0.21411406993865967 1.0891274573155514e-15 0.03706628097599858
1251.59130859375 0.7909573316574097 0.20656731724739075 1.0894284716491819e-15 0.03704122414514803
1251.601318359375 1.0313693284988403 0.2224925309419632 1.0897375327958113e-15 0.0370146476101867
1251.611328125 0.9888456463813782 0.22003339231014252 1.0900546407554396e-15 0.03698590959231864
1251.6212158203125 1.1086691617965698 0.22819986939430237 1.0903758780006858e-15 0.036955338963229035
1251.6312255859375 0.8915584087371826 0.21316632628440857 1.090709079586312e-15 0.03692336735628145
1251.6412353515625 0.8321071863174438 0.20952525734901428 1.0910504338640555e-15 0.036889214995708124
1251.651123046875 0.9311794638633728 0.2155490666627884 1.0913958115482984e-15 0.03685329790506532
1251.6611328125 0.9091557860374451 0.2144138514995575 1.0917536829685133e-15 0.03681609693443086
1251.671142578125 0.9689512848854065 0.21803046762943268 1.0921199188390824e-15 0.0367767272924553
1251.6810302734375 0.9467272162437439 0.21710431575775146 1.0924898604787957e-15 0.03673566176793022
1251.6910400390625 0.7709267735481262 0.2040318250656128 1.092872825250073e-15 0.0366929293223462
1251.7010498046875 0.8890496492385864 0.21247552335262299 1.093264260350823e-15 0.036649114924684374
1251.7109375 1.0662842988967896 0.22477887570858002 1.0936592953415987e-15 0.036603165321543944
1251.720947265625 0.8867136240005493 0.21222715079784393 1.094067776980412e-15 0.036555652657120984
1251.73095703125 0.7499539852142334 0.2022334337234497 1.0944849407069348e-15 0.03650722177664624
1251.7408447265625 0.7074001431465149 0.19910933077335358 1.094905598444365e-15 0.036456719099723006
1251.7508544921875 0.9667844772338867 0.21776826679706573 1.0953401263463064e-15 0.03640477809752268
1251.7608642578125 0.9050315022468567 0.21406184136867523 1.0957834422150757e-15 0.036352103660173544
1251.770751953125 0.7099657654762268 0.19930419325828552 1.0962300403365155e-15 0.03629744850542261
1251.78076171875 0.6882545948028564 0.19755256175994873 1.096691143897177e-15 0.036241506724352175
1251.790771484375 0.7074259519577026 0.1993209272623062 1.0971610354246664e-15 0.03618504336732192
1251.80078125 0.6076613664627075 0.19172649085521698 1.097640138435457e-15 0.03612672008527685
1251.8106689453125 1.0011197328567505 0.21938830614089966 1.0981222060615632e-15 0.03606729689342923
1251.8206787109375 0.7059141397476196 0.1986047327518463 1.098619308522483e-15 0.03600757955640633
1251.8306884765625 0.9215540885925293 0.21398556232452393 1.099125516587586e-15 0.035946172309142654
1251.840576171875 1.0613901615142822 0.22343596816062927 1.0996346892680042e-15 0.03588388028682727
1251.8505859375 0.9241390824317932 0.21472157537937164 1.1001594261788282e-15 0.035821557760860545
1251.860595703125 0.7654213309288025 0.20304997265338898 1.1006933745729536e-15 0.03575774964369722
1251.8704833984375 0.922293484210968 0.21315836906433105 1.1012300758241576e-15 0.03569332011938749
1251.8804931640625 0.8705819845199585 0.21160924434661865 1.1017828707013595e-15 0.035629155710535
1251.8905029296875 1.0319147109985352 0.22139260172843933 1.1023450888200995e-15 0.03556377588832705
1251.900390625 1.0748655796051025 0.22449779510498047 1.102909742158563e-15 0.03549806854967381
1251.910400390625 0.8732572197914124 0.21150684356689453 1.1034910185186162e-15 0.03543215364120748
1251.92041015625 0.9358983039855957 0.21558378636837006 1.1040819298784445e-15 0.03536695201074507
1251.9302978515625 1.0312926769256592 0.22162498533725739 1.1046751705788777e-15 0.03530098155966476
1251.9403076171875 0.7535490989685059 0.2022828310728073 1.105285351938256e-15 0.03523517055119195
1251.9503173828125 0.9357626438140869 0.21479496359825134 1.1059053800556462e-15 0.03517046573305155
1251.960205078125 1.0248063802719116 0.22143301367759705 1.1065275257554044e-15 0.0351053984038757
1251.97021484375 0.9250074028968811 0.21382243931293488 1.1071671415096998e-15 0.03504093626408651
1251.980224609375 1.128477931022644 0.22711925208568573 1.1078168157802439e-15 0.03497800423352858
1251.9901123046875 1.120023250579834 0.22681283950805664 1.1084682899958009e-15 0.0349152094687876
1252.0001220703125 1.0281773805618286 0.22147203981876373 1.1091378695406054e-15 0.0348535192203265
1252.0101318359375 0.9300342798233032 0.21497264504432678 1.109817613480777e-15 0.03479384262010765
1252.0201416015625 1.1257405281066895 0.22713874280452728 1.1105074159371972e-15 0.03473489592865538
1252.030029296875 0.9402867555618286 0.2162419706583023 1.1111989124595119e-15 0.03467762633938771
1252.0400390625 0.8928594589233398 0.21206294000148773 1.1119091495857846e-15 0.034622914021542085
1252.050048828125 0.8127798438072205 0.20700059831142426 1.1126296569865428e-15 0.034569617055639615
1252.0599365234375 0.9916480779647827 0.21871565282344818 1.1133516466949587e-15 0.03451866065401448
1252.0699462890625 1.0612608194351196 0.2239757478237152 1.1140929064029246e-15 0.03447085947084206
1252.0799560546875 0.9217042326927185 0.21309341490268707 1.1148445422644944e-15 0.0344252766669618
1252.08984375 0.9030899405479431 0.21111755073070526 1.115597448675485e-15 0.034382785283127465
1252.099853515625 0.8682168126106262 0.20968592166900635 1.1163701544816178e-15 0.034344108746323564
1252.10986328125 1.0465269088745117 0.22176894545555115 1.1171534481995912e-15 0.03430857850403543
1252.1197509765625 0.8546386361122131 0.20733502507209778 1.1179378007087487e-15 0.03427698450409292
1252.1297607421875 1.2116270065307617 0.2317822277545929 1.1187423761295219e-15 0.03424963461255304
1252.1397705078125 0.7568116188049316 0.199686661362648 1.119557857099491e-15 0.034227094510427686
1252.149658203125 1.0957832336425781 0.22331054508686066 1.1203739733441705e-15 0.03420913542474901
1252.15966796875 0.9636162519454956 0.21493317186832428 1.1212109477751761e-15 0.03419640421384543
1252.169677734375 0.8381550908088684 0.20659297704696655 1.1220589336344961e-15 0.03418930774279454
1252.1795654296875 1.1890290975570679 0.22947528958320618 1.1229073430102897e-15 0.03418803383898243
1252.1895751953125 0.9478773474693298 0.21402966976165771 1.1237772458471199e-15 0.03419307827955142
1252.1995849609375 1.0895591974258423 0.22302095592021942 1.1246582659913827e-15 0.034204648913377295
1252.20947265625 0.8156203627586365 0.20373491942882538 1.1255394978938824e-15 0.034223429956375756
1252.219482421875 1.0009208917617798 0.2169376164674759 1.1264427526530107e-15 0.03424972486991474
1252.2294921875 1.1432539224624634 0.22485511004924774 1.1273572305986902e-15 0.034283496351278066
1252.239501953125 0.9897677898406982 0.21598376333713531 1.1282830376100391e-15 0.03432601205469121
1252.2493896484375 0.8693152070045471 0.206720769405365 1.1292087387422696e-15 0.03437733876334703
1252.2593994140625 0.9831064939498901 0.21472479403018951 1.1301570980058392e-15 0.03443714745646525
1252.2694091796875 1.010062575340271 0.21705730259418488 1.1311169980933152e-15 0.03450737274378628
1252.279296875 0.8089894652366638 0.20240581035614014 1.1320764746643175e-15 0.03458781019857707
1252.289306640625 0.9654784202575684 0.21319438517093658 1.1330593505204877e-15 0.03467776329436264
1252.29931640625 1.0432578325271606 0.21844497323036194 1.1340537672005642e-15 0.03477994682292438
1252.3092041015625 0.7732624411582947 0.20010557770729065 1.1350476544850488e-15 0.034893818560759626
1252.3192138671875 0.8656907677650452 0.20632584393024445 1.1360654704502932e-15 0.035019882934243206
1252.3292236328125 0.9037795662879944 0.20914806425571442 1.1370949331185624e-15 0.035156882084599425
1252.339111328125 0.8625379800796509 0.20600953698158264 1.1381235487538843e-15 0.035308724196446005
1252.34912109375 1.1818398237228394 0.22520266473293304 1.1391766224655583e-15 0.035474301287988
1252.359130859375 0.8561974167823792 0.20495617389678955 1.1402417663967305e-15 0.0356518824982381
1252.3690185546875 0.8790971636772156 0.20570379495620728 1.1413055338993635e-15 0.03584638088579
1252.3790283203125 1.1399517059326172 0.22191379964351654 1.1423945006321773e-15 0.036056207626052036
1252.3890380859375 1.2007262706756592 0.2260391265153885 1.1434955375844895e-15 0.03627905985903055
1252.39892578125 0.9047038555145264 0.20746885240077972 1.1445949863500256e-15 0.03652097627180751
1252.408935546875 1.0015004873275757 0.21370719373226166 1.145720269620453e-15 0.036779840451721425
1252.4189453125 1.0922696590423584 0.21828171610832214 1.146857728989497e-15 0.03705270138004305
1252.4288330078125 1.0327670574188232 0.21472106873989105 1.1479933884135283e-15 0.03734683388175279
1252.4388427734375 1.0352439880371094 0.21474070847034454 1.1491554117380428e-15 0.03765949738883929
1252.4488525390625 0.9009889960289001 0.20555166900157928 1.1503298229194108e-15 0.037987079642946876
1252.4588623046875 1.0876919031143188 0.21823491156101227 1.1515166219576325e-15 0.038338190191134436
1252.46875 0.9175625443458557 0.20724141597747803 1.152701303413486e-15 0.038709398750383116
1252.478759765625 0.8981922268867493 0.20533223450183868 1.1539129840445334e-15 0.039096336770105586
1252.48876953125 0.9346315860748291 0.20747771859169006 1.1551373701697894e-15 0.039509077703566174
1252.4986572265625 1.06439208984375 0.2158164530992508 1.1563592151962038e-15 0.039943458078966605
1252.5086669921875 1.1721844673156738 0.2214079201221466 1.157608906430759e-15 0.040394292708223534
1252.5186767578125 0.8197190761566162 0.1996157020330429 1.1588711972804048e-15 0.040873215355425103
1252.528564453125 1.0080517530441284 0.2119058221578598 1.1601308411520904e-15 0.041375286522981315
1252.53857421875 0.9505326151847839 0.20805667340755463 1.1614187547483905e-15 0.041900988234387565
1252.548583984375 1.0029752254486084 0.2116921991109848 1.1627195855971363e-15 0.042443975388827215
1252.5584716796875 0.8714921474456787 0.2020246833562851 1.1640172400723299e-15 0.04301813636267803
1252.5684814453125 0.7761802673339844 0.1951923668384552 1.1653440113050854e-15 0.043617395477471205
1252.5784912109375 0.9413396120071411 0.2061796635389328 1.1666836997902864e-15 0.04423443082464959
1252.58837890625 1.0154064893722534 0.21160289645195007 1.168020106022817e-15 0.0448850217277152
1252.598388671875 0.9246419072151184 0.20505765080451965 1.1693859466502645e-15 0.04556212206640324
1252.6083984375 0.9575128555297852 0.20727965235710144 1.1707651280466313e-15 0.046257495505796116
1252.6182861328125 0.7714066505432129 0.19466093182563782 1.1721406036738539e-15 0.046988806568942956
1252.6282958984375 0.8097571134567261 0.19613991677761078 1.173546148970704e-15 0.04774807377834841
1252.6383056640625 0.8986454606056213 0.20294561982154846 1.1749652467947101e-15 0.0485260541197965
1252.648193359375 1.1363633871078491 0.21730227768421173 1.1763802153330984e-15 0.04934242909815007
