wave flux_norm flux_err cont_fit cont_err
1140.4630126953125 0.6497912406921387 0.42052793502807617 1.7527600896765218e-15 0.07291103568720268
1140.4752197265625 0.5947889685630798 0.41779568791389465 1.751250253448041e-15 0.07199480138323966
1140.4874267578125 0.7707014083862305 0.4435822665691376 1.7497472993622566e-15 0.07109884340945108
1140.499755859375 0.42631009221076965 0.387800931930542 1.7482364043425918e-15 0.07021423043988946
1140.511962890625 0.7518595457077026 0.4377158284187317 1.7467473204213187e-15 0.06933244541374095
1140.524169921875 0.48396942019462585 0.39560744166374207 1.745265118642742e-15 0.06847111527395786
1140.5364990234375 0.896336019039154 0.45606884360313416 1.743774975930285e-15 0.06762165282910973
1140.5487060546875 1.0654597282409668 0.4810635447502136 1.7423064325579828e-15 0.0667842331121178
1140.5609130859375 0.46177735924720764 0.38388025760650635 1.7408447713283771e-15 0.06595082845426992
1140.5731201171875 1.2429593801498413 0.4993460476398468 1.7393898863623494e-15 0.06513816888730906
1140.58544921875 1.2196097373962402 0.4995114505290985 1.737927272220678e-15 0.064338083647002
1140.59765625 0.4582119286060333 0.3873838782310486 1.7364859397818065e-15 0.06354298258307225
1140.60986328125 0.9633592963218689 0.464328408241272 1.7350514894856313e-15 0.06276881803328965
1140.6221923828125 0.5624270439147949 0.4079222083091736 1.7336094158929309e-15 0.062007809838919445
1140.6343994140625 0.8734063506126404 0.45251941680908203 1.732188306365675e-15 0.06125276907679633
1140.6466064453125 1.7072176933288574 0.5542861819267273 1.7307739731019971e-15 0.06051885941809779
1140.658935546875 0.7070721387863159 0.4277367889881134 1.7293522283000308e-15 0.0597987018047124
1140.671142578125 0.6271811723709106 0.4170684814453125 1.7279513416843906e-15 0.05908553453240401
1140.683349609375 1.2881205081939697 0.506278395652771 1.72655712545321e-15 0.05839365879038842
1140.6956787109375 0.7101598381996155 0.4300805926322937 1.7251557094419777e-15 0.05771615947963252
1140.7078857421875 1.7009183168411255 0.5524402260780334 1.723774728100598e-15 0.05705322652367511
1140.7200927734375 1.0415623188018799 0.47575679421424866 1.722400417143678e-15 0.056398642220851815
1140.732421875 1.2902151346206665 0.5071650147438049 1.721019118164943e-15 0.055765577869561496
1140.74462890625 1.622112512588501 0.5461861491203308 1.7196580420978237e-15 0.05514766596385595
1140.7568359375 0.7966912984848022 0.443452388048172 1.7183035305360457e-15 0.0545391383423267
1140.76904296875 0.7975360751152039 0.4436964988708496 1.7169555834796089e-15 0.05395225223543949
1140.7813720703125 0.6337928771972656 0.41913750767707825 1.7156007542804756e-15 0.053381069137560216
1140.7935791015625 1.295991063117981 0.507745623588562 1.7142659362347212e-15 0.052820291754326426
1140.8057861328125 1.1325663328170776 0.48582738637924194 1.7129375768151897e-15 0.05228120540626963
1140.818115234375 0.5499734878540039 0.4073583781719208 1.7116025470111985e-15 0.05175833952419137
1140.830322265625 1.462507963180542 0.5302599668502808 1.7102873166023494e-15 0.05124685766402295
1140.842529296875 0.9654107689857483 0.46837949752807617 1.7089784389406047e-15 0.050757046190312655
1140.8548583984375 0.9673030376434326 0.46682626008987427 1.7076631026526371e-15 0.050283896061146194
1140.8670654296875 1.2161617279052734 0.49928581714630127 1.706367142243338e-15 0.04982304413430528
1140.8792724609375 1.2997151613235474 0.512170135974884 1.7050777463393802e-15 0.04938374353341305
1140.8916015625 1.2176192998886108 0.5023740530014038 1.7037817859300811e-15 0.0489614523862583
1140.90380859375 0.3026670515537262 0.36414751410484314 1.7025052013994505e-15 0.04855625401670351
1140.916015625 0.8834823966026306 0.4579307436943054 1.7012349696159243e-15 0.048164426139998696
1140.9283447265625 1.0528010129928589 0.4803546071052551 1.6999583850852936e-15 0.04779380732815124
1140.9405517578125 0.9683737754821777 0.4696172773838043 1.6987009646750946e-15 0.047440469939594734
1140.9527587890625 1.3004240989685059 0.5103316903114319 1.6974497911328816e-15 0.04710117267159154
1140.9649658203125 0.8846806287765503 0.45739638805389404 1.6962048644586546e-15 0.04678264854006578
1140.977294921875 1.0530083179473877 0.4796287715435028 1.6949540085537968e-15 0.04648145435443027
1140.989501953125 0.8865522742271423 0.46033576130867004 1.6937217873737786e-15 0.04619480724306877
1141.001708984375 0.8036453723907471 0.44760966300964355 1.6924958130617464e-15 0.04592835115691081
1141.0140380859375 0.80172199010849 0.4472654163837433 1.6912639095190835e-15 0.045679099925299865
1141.0262451171875 0.7186601161956787 0.4342891275882721 1.6900504289430233e-15 0.04544474043702264
1141.0384521484375 0.6351959705352783 0.42163899540901184 1.6888433011140675e-15 0.045229819629136345
1141.05078125 0.80046147108078 0.44434791803359985 1.687630244054481e-15 0.0450318119486711
1141.06298828125 0.8031948804855347 0.44710206985473633 1.6864355040823787e-15 0.044848855187702
1141.0751953125 0.8885746598243713 0.45966553688049316 1.6852470109782625e-15 0.04468441680831211
1141.0875244140625 0.7198822498321533 0.43553251028060913 1.6840528004017524e-15 0.04453642963166514
1141.0997314453125 0.5528604388237 0.40886569023132324 1.6828765892753714e-15 0.044404696429318
1141.1119384765625 1.055358648300171 0.4820571541786194 1.681706519137858e-15 0.04428793497691416
1141.1241455078125 0.8065423965454102 0.4486262798309326 1.6805424841100937e-15 0.04418822551853871
1141.136474609375 0.9733642339706421 0.4722987413406372 1.6793730492472908e-15 0.04410408740948996
1141.148681640625 1.0592509508132935 0.4856918752193451 1.6782214020763801e-15 0.04403464730091903
1141.160888671875 0.7222067713737488 0.4375137984752655 1.6770756841361003e-15 0.04398100104003689
1141.1732177734375 0.5530844330787659 0.40923458337783813 1.6759247781190185e-15 0.04394209162353639
1141.1854248046875 0.8895395994186401 0.4610682725906372 1.6747912362773554e-15 0.04391743964478703
1141.1976318359375 1.1425782442092896 0.4956062138080597 1.67366383542456e-15 0.04390721896870636
1141.2099609375 1.0580415725708008 0.48422273993492126 1.6725311406158442e-15 0.04391077737493037
1141.22216796875 0.6380758285522461 0.4241555631160736 1.6714157041034287e-15 0.0439280174120277
1141.234375 1.0603605508804321 0.4859139621257782 1.6703063027007623e-15 0.043958237383184405
1141.2467041015625 1.1452592611312866 0.4978826940059662 1.6691918191004125e-15 0.044001188625755416
1141.2589111328125 1.143811583518982 0.4951784908771515 1.6680942761590077e-15 0.044056504911273976
1141.2711181640625 1.1424384117126465 0.49410173296928406 1.6670027683273522e-15 0.04412454373701825
1141.283447265625 1.0593355894088745 0.4865502715110779 1.6659063900562499e-15 0.044203582378091
1141.295654296875 1.229750633239746 0.5066409111022949 1.6648266348067375e-15 0.04429385070882328
1141.307861328125 0.8073685169219971 0.44939124584198 1.6637529146669742e-15 0.04439603310088496
1141.320068359375 0.8061068654060364 0.4527865946292877 1.6626850178787234e-15 0.044507715549069564
1141.3323974609375 0.4682311415672302 0.3985137641429901 1.6616123565301442e-15 0.044629468727735114
1141.3446044921875 1.1558130979537964 0.5006769299507141 1.6605562123240365e-15 0.0447622693612099
1141.3568115234375 1.335146188735962 0.5205997824668884 1.6595058914694412e-15 0.04490309817477672
1141.369140625 0.8139712810516357 0.4539099633693695 1.6584510178127543e-15 0.04505283905939926
1141.38134765625 1.4237499237060547 0.5317122936248779 1.6574123436611837e-15 0.04521273287763392
1141.3935546875 0.3916025757789612 0.3864414095878601 1.6563794928611255e-15 0.04537923721579823
1141.4058837890625 1.6035031080245972 0.5559730529785156 1.6553421951380942e-15 0.04555351021192449
1141.4180908203125 0.9071862101554871 0.4678383469581604 1.6543208851619424e-15 0.04573704552136777
1141.4302978515625 1.181805968284607 0.5086154341697693 1.6533052926581845e-15 0.04592583324314136
1141.442626953125 1.025656819343567 0.49040210247039795 1.6522854649896903e-15 0.04612129691177275
1141.454833984375 0.40962886810302734 0.3934309780597687 1.6512814133098387e-15 0.04632308015539001
1141.467041015625 1.0269206762313843 0.4880622327327728 1.6502829732232627e-15 0.046532949866018206
1141.479248046875 0.6825652718544006 0.44060778617858887 1.649290356488199e-15 0.04674639968955102
1141.4915771484375 1.2165981531143188 0.5177087187767029 1.6482933987092808e-15 0.04696514888885438
1141.5037841796875 0.8571745753288269 0.463727205991745 1.6473121110398867e-15 0.04719112983170608
1141.5159912109375 0.9409286975860596 0.4776640832424164 1.6463364349637681e-15 0.047419549493059536
1141.5283203125 0.6106585264205933 0.43199577927589417 1.6453566296020317e-15 0.04765230686401606
1141.54052734375 0.8786182403564453 0.4739009737968445 1.6443921767124643e-15 0.04789148614314747
1141.552734375 1.6988438367843628 0.5779580473899841 1.6434333354161724e-15 0.04813205586410645
1141.5650634765625 0.6631621718406677 0.4320358335971832 1.6424705765924995e-15 0.0483760740024009
1141.5772705078125 0.4199155867099762 0.3995288610458374 1.6415229584827587e-15 0.04862575025707235
1141.5894775390625 1.0593771934509277 0.4984440207481384 1.6405808460871751e-15 0.048875861395957745
1141.601806640625 0.8609200119972229 0.4679739475250244 1.6396349220433289e-15 0.049128607227739846
1141.614013671875 0.4200659990310669 0.39832478761672974 1.6387038210760596e-15 0.04938372590959457
1141.626220703125 0.5740658640861511 0.42189812660217285 1.6377783317020659e-15 0.049643553081842956
1141.6385498046875 0.6255162358283997 0.4379828870296478 1.636849136558928e-15 0.04990270574517614
1141.6507568359375 0.8426508903503418 0.4634963572025299 1.63593455273413e-15 0.05016350809958557
1141.6629638671875 1.1954938173294067 0.5117948651313782 1.6350254746234894e-15 0.050428360667112475
1141.6751708984375 0.8391216397285461 0.4643497169017792 1.6341219022270059e-15 0.05069180369111096
1141.6875 0.8394944667816162 0.4636914134025574 1.6332147299404965e-15 0.05095624791421056
1141.69970703125 1.5774452686309814 0.5611854791641235 1.6323219572140905e-15 0.05122413421465242
1141.7119140625 0.9334324598312378 0.4773608148097992 1.6314345843227232e-15 0.051489963314498184
1141.7242431640625 1.119271159172058 0.5052282810211182 1.6305437174204485e-15 0.05175619985676791
1141.7364501953125 0.9218764901161194 0.47304433584213257 1.6296671441991587e-15 0.052025315369324567
1141.7486572265625 1.0194408893585205 0.4915201663970947 1.6287959708129077e-15 0.05229181429986125
1141.760986328125 1.3602466583251953 0.5314390063285828 1.6279214092948676e-15 0.05255818225872779
1141.773193359375 0.9277418255805969 0.4778978228569031 1.6270608238204572e-15 0.05282691829838634
1141.785400390625 1.092182993888855 0.4971708655357361 1.6262056381810856e-15 0.05309253961737717
1141.7977294921875 0.828276515007019 0.46192243695259094 1.6253471702890434e-15 0.05335755678042349
1141.8099365234375 0.4001394808292389 0.39378729462623596 1.624502466682394e-15 0.05362182738634517
1141.8221435546875 1.111514925956726 0.49961087107658386 1.6236631629107834e-15 0.053887836148598406
1141.8343505859375 0.9355328679084778 0.4742774963378906 1.6228289413368563e-15 0.05415017705675798
1141.8466796875 0.39562368392944336 0.3941645622253418 1.6219918610267323e-15 0.054411365665565724
1141.85888671875 0.6701720952987671 0.4385572075843811 1.6211681214855275e-15 0.05467386058349132
1141.87109375 0.9317668080329895 0.47632941603660583 1.620349675900243e-15 0.05493235120254055
1141.8834228515625 1.3010133504867554 0.5288982391357422 1.6195282656996431e-15 0.05518932528271212
1141.8956298828125 0.999214768409729 0.4841425120830536 1.6187201962679625e-15 0.05544721811701643
1141.9078369140625 1.1095958948135376 0.5031768083572388 1.6179173149130839e-15 0.05570081552642801
1141.920166015625 0.9208393096923828 0.4767707288265228 1.6171115748220082e-15 0.05595257425203479
1141.932373046875 1.3875055313110352 0.5400875806808472 1.616318963741615e-15 0.05620488928880969
1141.944580078125 1.0209810733795166 0.49190598726272583 1.6155314348589053e-15 0.05645267019429378
1141.9569091796875 0.9353727698326111 0.4777204394340515 1.6147412589982355e-15 0.05669833752382171
1141.9691162109375 1.0267406702041626 0.4916364550590515 1.6139638945108928e-15 0.05694180101768447
1141.9813232421875 0.8528667688369751 0.47012853622436523 1.6131917181003521e-15 0.0571853851087567
1141.99365234375 1.0248119831085205 0.4936978816986084 1.6124167888327328e-15 0.0574241823432427
1142.005859375 0.5851937532424927 0.42791712284088135 1.6116546709384408e-15 0.057660544953102105
1142.01806640625 1.135550856590271 0.5092352628707886 1.6108976352418323e-15 0.05789673111259811
1142.0302734375 1.2047638893127441 0.5175453424453735 1.6101454699846704e-15 0.05812798912711267
1142.0426025390625 0.4975407123565674 0.4134275019168854 1.6093908695077853e-15 0.05835660891318033
1142.0548095703125 0.7449997663497925 0.4506395757198334 1.608648762766872e-15 0.05858477355196696
1142.0670166015625 0.7667141556739807 0.45757991075515747 1.607911632344524e-15 0.05880790634553897
1142.079345703125 0.6519697308540344 0.43401187658309937 1.607172172581571e-15 0.05902822188706169
1142.091552734375 0.9330497980117798 0.48096179962158203 1.6064448889172348e-15 0.05924783277431073
1142.103759765625 0.8542961478233337 0.4707920253276825 1.6057225815714637e-15 0.05946233614334217
1142.1160888671875 0.48391038179397583 0.40848875045776367 1.6049979448850876e-15 0.05967387717292346
1142.1282958984375 0.9232311844825745 0.47879770398139954 1.6042854842973284e-15 0.05988447508284436
1142.1405029296875 0.3927479386329651 0.3921367824077606 1.6035777882698974e-15 0.06008991907949897
1142.15283203125 1.0985097885131836 0.4989026188850403 1.6028679746600983e-15 0.060292273108890196
1142.1650390625 1.1844415664672852 0.5119947791099548 1.6021700195115608e-15 0.0604914945982246
1142.17724609375 1.171949028968811 0.5098068714141846 1.60147693480247e-15 0.06068949063404279
1142.1895751953125 0.4779282510280609 0.40761497616767883 1.600781732511011e-15 0.06088231452553496
1142.2017822265625 1.2562613487243652 0.5162047743797302 1.6000982828016951e-15 0.06107190915132241
1142.2139892578125 0.47549882531166077 0.4072832465171814 1.5994195976527076e-15 0.06126008721217733
1142.2261962890625 0.4768048822879791 0.4092828929424286 1.5987456770640484e-15 0.061443099029136625
1142.238525390625 1.0857608318328857 0.49947595596313477 1.5980697447721395e-15 0.061622800033381206
1142.250732421875 0.9993947148323059 0.4859139323234558 1.597405353304137e-15 0.06180090711829211
1142.262939453125 0.8256530165672302 0.45943018794059753 1.5967456205173442e-15 0.06197388058640226
1142.2752685546875 0.7409485578536987 0.45016735792160034 1.5960840877855386e-15 0.06214347349121044
1142.2874755859375 1.0013676881790161 0.4890524744987488 1.5954337782402841e-15 0.06231131659945418
1142.2996826171875 0.8283591866493225 0.4624772071838379 1.5947881273762395e-15 0.06247406628295508
1142.31201171875 0.481151819229126 0.40928834676742554 1.5941407824463004e-15 0.06263338701067776
1142.32421875 0.656797468662262 0.4370747208595276 1.593504554823794e-15 0.06279081268613104
1142.33642578125 0.5835566520690918 0.4289957284927368 1.5928728800033791e-15 0.06294320723408095
1142.3487548828125 0.4989670217037201 0.4167158901691437 1.5922395111170697e-15 0.06309213842787247
1142.3609619140625 0.5922191143035889 0.43253445625305176 1.5916171536590746e-15 0.06323759731703105
1142.3731689453125 0.482479065656662 0.4119023084640503 1.5909992431240526e-15 0.06338097618842002
1142.3853759765625 0.5305322408676147 0.4272501468658447 1.5903859912702405e-15 0.0635194370318357
1142.397705078125 1.1232022047042847 0.5093693733215332 1.5897711512296523e-15 0.06365440132441381
1142.409912109375 0.39292019605636597 0.39667120575904846 1.5891670049800232e-15 0.06378717186193344
1142.422119140625 0.7833759784698486 0.464408814907074 1.5885673056533671e-15 0.06391511504182154
1142.4344482421875 1.1301971673965454 0.5119183659553528 1.5879662298981718e-15 0.06403955774863845
1142.4466552734375 0.7604964971542358 0.458193302154541 1.5873756361756987e-15 0.06416169330490609
1142.4588623046875 1.066186785697937 0.5077263116836548 1.5867894893761988e-15 0.06427910447115294
1142.47119140625 0.47719985246658325 0.4118424952030182 1.5862019661481595e-15 0.06439302297476715
1142.4833984375 0.7603516578674316 0.45822465419769287 1.585624819073724e-15 0.06450453672021703
1142.49560546875 1.4969936609268188 0.5674582719802856 1.5850520130431434e-15 0.06461144338696202
1142.5079345703125 1.0747346878051758 0.5090852379798889 1.5844779364631418e-15 0.06471486738925784
1142.5201416015625 0.905759871006012 0.4880475401878357 1.5839140242785072e-15 0.06481481622061917
1142.5323486328125 0.7007019519805908 0.45273759961128235 1.5833544531377274e-15 0.06491224432253763
1142.544677734375 1.4522002935409546 0.5596974492073059 1.582793717326645e-15 0.06500523275684471
1142.556884765625 1.3653006553649902 0.5469887852668762 1.5822429341526929e-15 0.06509477124491256
1142.569091796875 0.7946606874465942 0.4699665606021881 1.5816964920225955e-15 0.0651817111003065
1142.581298828125 0.615736186504364 0.43884435296058655 1.5811543909363527e-15 0.06526434681139268
1142.5936279296875 0.5334264636039734 0.4285646677017212 1.5806111251798075e-15 0.06534356782046741
1142.6058349609375 0.4367218613624573 0.41279956698417664 1.5800776003021557e-15 0.0654201256014983
1142.6180419921875 0.9601131081581116 0.48815545439720154 1.5795484164683586e-15 0.0654925215220219
1142.63037109375 0.8921799063682556 0.48448482155799866 1.5790181738433774e-15 0.06556153922991068
1142.642578125 1.0849313735961914 0.5098453164100647 1.5784975662181712e-15 0.06562783382292393
1142.65478515625 0.8442834615707397 0.48130932450294495 1.5779810878785829e-15 0.06569011397222936
1142.6671142578125 0.5059965252876282 0.41954371333122253 1.5774637625060473e-15 0.06574906591121427
1142.6793212890625 0.9553011655807495 0.48706376552581787 1.5769557544959316e-15 0.06580525276507974
1142.6915283203125 0.700268030166626 0.4528587758541107 1.5764518757714337e-15 0.06585757363279453
1142.703857421875 0.852791428565979 0.48448875546455383 1.575947255893107e-15 0.06590661708026366
1142.716064453125 0.7265303134918213 0.4605330526828766 1.5754518474980815e-15 0.0659524113918243
1142.728271484375 0.3407232165336609 0.39282646775245667 1.574960568388674e-15 0.06599538217207068
1142.740478515625 1.134395956993103 0.526030421257019 1.574473312685766e-15 0.066034698325326
1142.7528076171875 0.8001596331596375 0.46794596314430237 1.5739854217081475e-15 0.06607083005508403
1142.7650146484375 0.843603789806366 0.4831879734992981 1.5735065304555936e-15 0.06610410380731745
1142.7772216796875 0.4294813871383667 0.4083065390586853 1.5730316626095392e-15 0.06613388664531615
1142.78955078125 0.4441258907318115 0.4136226177215576 1.5725561594887743e-15 0.06616054476333773
1142.8017578125 1.077161431312561 0.5188690423965454 1.5720894443348372e-15 0.06618432864338901
1142.81396484375 0.453159362077713 0.41688790917396545 1.5716267525873995e-15 0.06620478872057986
1142.8262939453125 0.9718796014785767 0.5054787397384644 1.5711635314443698e-15 0.06622220402390902
1142.8385009765625 0.9757925271987915 0.5055686235427856 1.570708886509931e-15 0.06623672092065798
1142.8507080078125 1.0531082153320312 0.5169221758842468 1.5702582649819918e-15 0.06624808395457485
1142.863037109375 0.7698724865913391 0.4757375419139862 1.5698072199375789e-15 0.06625647720602451
1142.875244140625 0.7524506449699402 0.4712509214878082 1.5693645393435201e-15 0.06626192656656381
1142.887451171875 0.9636097550392151 0.5051199793815613 1.5689257762768424e-15 0.06626447611867244
1142.8997802734375 1.3779799938201904 0.5611789226531982 1.5684866955728094e-15 0.06626409708462769
1142.9119873046875 1.1128201484680176 0.5313829779624939 1.5680558734400122e-15 0.0662608601091933
1142.9241943359375 1.4321731328964233 0.5633851289749146 1.5676288629554776e-15 0.06625472031795261
1142.9364013671875 0.6404942274093628 0.4496100842952728 1.5672058758774425e-15 0.06624582692186044
1142.94873046875 1.0072695016860962 0.5163576006889343 1.5667824652829338e-15 0.06623416570032425
1142.9609375 0.7423431277275085 0.4675846993923187 1.5663672073805424e-15 0.06621961019510983
1142.97314453125 0.8872820734977722 0.49621498584747314 1.5659557611264136e-15 0.0662024729244669
1142.9854736328125 0.3770827054977417 0.4079842269420624 1.5655439972349296e-15 0.06618266129813466
1142.9976806640625 0.7465421557426453 0.46935349702835083 1.5651402801564445e-15 0.0661599660811789
1143.0098876953125 0.8546891212463379 0.4833527207374573 1.5647402688471037e-15 0.06613487050523698
1143.022216796875 0.4464956820011139 0.4159374237060547 1.564340045779526e-15 0.06610719423496855
1143.034423828125 0.7343574166297913 0.4639267921447754 1.5639476577667105e-15 0.06607666007017922
1143.046630859375 1.1422309875488281 0.5248334407806396 1.5635589755230391e-15 0.06604389492788941
1143.0589599609375 0.621363639831543 0.443665087223053 1.5631701874002494e-15 0.06600865408634987
1143.0711669921875 0.4458636939525604 0.4155994951725006 1.562789022573985e-15 0.0659709601028711
1143.0833740234375 0.22181273996829987 0.3667977452278137 1.5624115635168648e-15 0.06593044380198118
1143.0955810546875 0.4261009693145752 0.4078280031681061 1.5620377043497704e-15 0.06588793883117582
1143.10791015625 0.0532141737639904 0.3341456353664398 1.561663845182676e-15 0.06584309088051547
1143.1201171875 0.22558148205280304 0.3673631548881531 1.5612975034329886e-15 0.06579545133552003
1143.13232421875 0.4233868718147278 0.4068997800350189 1.5609346556942085e-15 0.06574599611279425
1143.1446533203125 0.39886459708213806 0.39980384707450867 1.5605719138345468e-15 0.0656943102281773
1143.1568603515625 0.41959401965141296 0.4059264659881592 1.5602163717549369e-15 0.06563986923705131
1143.1690673828125 0.5288642048835754 0.42869970202445984 1.5598644295653527e-15 0.0655837912754574
1143.181396484375 0.6724324822425842 0.4580816328525543 1.5595126991340053e-15 0.06552558752816436
1143.193603515625 0.351602166891098 0.39888402819633484 1.5591679567244728e-15 0.06546467675247354
1143.205810546875 0.15695948898792267 0.35688674449920654 1.5588267083258478e-15 0.06540230919080328
1143.2181396484375 0.32853567600250244 0.3905832767486572 1.5584856716854595e-15 0.06533791944192714
1143.2303466796875 0.4410468637943268 0.4124460220336914 1.558151623066886e-15 0.06527155563885602
1143.2425537109375 0.04823635146021843 0.3319835364818573 1.5578209625801017e-15 0.06520255527691311
1143.2548828125 0.5913822054862976 0.4338276982307434 1.5574906197306725e-15 0.06513232438186678
1143.26708984375 0.44746318459510803 0.4151909053325653 1.5571670531448214e-15 0.0650602317031855
1143.279296875 0.3974786102771759 0.4006500244140625 1.5568468746907592e-15 0.06498555810959321
1143.29150390625 0.3973824083805084 0.3972848355770111 1.5565301902476045e-15 0.06490982752551323
1143.3038330078125 0.8356853127479553 0.4687003493309021 1.556213823441805e-15 0.06483235007336317
1143.3160400390625 0.6601752638816833 0.44232359528541565 1.5559040211413468e-15 0.06475235959725291
1143.3282470703125 0.6595240831375122 0.44102591276168823 1.5555976069726776e-15 0.06467148561028208
1143.340576171875 0.746367871761322 0.45469930768013 1.555291616320482e-15 0.06458897617977702
1143.352783203125 0.8346575498580933 0.4678652286529541 1.5549919784153907e-15 0.06450402433800416
1143.364990234375 0.9237275719642639 0.47957971692085266 1.5546957286420885e-15 0.06441835315713308
1143.3773193359375 0.921607255935669 0.4813317656517029 1.55439990238526e-15 0.06433116823357515
1143.3895263671875 0.5707778334617615 0.4291405975818634 1.5541103229964174e-15 0.06424161507294139
1143.4017333984375 1.0115464925765991 0.4921236038208008 1.5538240258602455e-15 0.0641515062612269
1143.4140625 1.275862455368042 0.5273703336715698 1.5535382581196655e-15 0.06406000210218887
1143.42626953125 1.1013377904891968 0.5046586990356445 1.5532586313679532e-15 0.06396714874215338
1143.4384765625 0.8390198349952698 0.4691590666770935 1.5529822868689115e-15 0.0638720295571037
1143.4508056640625 1.0134109258651733 0.49482589960098267 1.5527063658863434e-15 0.06377657011915835
1143.4630126953125 0.39935410022735596 0.3998040556907654 1.5524364800135245e-15 0.06367988072443444
1143.4752197265625 0.9260063767433167 0.4831736087799072 1.5521698763933762e-15 0.06358101309369986
1143.4874267578125 0.6636630296707153 0.44321495294570923 1.5519064491467801e-15 0.06348196385183091
1143.499755859375 0.5768521428108215 0.42705753445625305 1.551643551295776e-15 0.06338180209959832
1143.511962890625 0.8388476371765137 0.4707222282886505 1.5513865826754028e-15 0.06327954817371174
1143.524169921875 0.6615352630615234 0.44167500734329224 1.5511326845494633e-15 0.06317727057334048
1143.5364990234375 0.6618756055831909 0.4429985284805298 1.5508794216982343e-15 0.06307400235113166
1143.5487060546875 0.5748379826545715 0.4304172396659851 1.5506317704402808e-15 0.06296873633301561
1143.5609130859375 0.6624504923820496 0.4412812292575836 1.5503872955558795e-15 0.06286359626016326
1143.5732421875 0.8389257192611694 0.4682139754295349 1.5501435618253071e-15 0.06275758106573813
1143.58544921875 0.6631099581718445 0.44117555022239685 1.5499053338088918e-15 0.06264966997426727
1143.59765625 0.6640354990959167 0.44356387853622437 1.549670070407792e-15 0.06254203282345096
1143.6099853515625 1.5433320999145508 0.5598472356796265 1.5494356540396393e-15 0.062433640361405286
1143.6221923828125 0.4902023673057556 0.41451239585876465 1.5492066375065255e-15 0.062324547455191524
1143.6343994140625 0.7527936100959778 0.4571364223957062 1.548980585588727e-15 0.062213676861867906
1143.6466064453125 0.8393889665603638 0.46723631024360657 1.5487574982862439e-15 0.06210326889956261
1143.658935546875 1.015986680984497 0.4919246733188629 1.548535258016708e-15 0.061992271576432834
1143.671142578125 0.576685905456543 0.4295683205127716 1.5483183117030925e-15 0.06187960802240673
1143.683349609375 0.31271153688430786 0.38620230555534363 1.548104224125674e-15 0.06176754831344556
1143.6956787109375 0.8386231064796448 0.4695703089237213 1.5478909835812027e-15 0.06165500825059216
1143.7078857421875 0.6631967425346375 0.44226914644241333 1.547682825234415e-15 0.06154091046934183
1143.7200927734375 0.8383141160011292 0.4705530107021332 1.5474775256238242e-15 0.06142754527058223
1143.732421875 0.751968502998352 0.45690736174583435 1.5472731789252991e-15 0.061313827318016975
1143.74462890625 0.8401513695716858 0.4687314033508301 1.5470738085453391e-15 0.06119865196367924
1143.7568359375 0.9289557933807373 0.48063355684280396 1.5468771910224577e-15 0.061084333616368856
1143.7691650390625 0.5760181546211243 0.42682841420173645 1.5466816322907604e-15 0.060969779188666876
1143.7813720703125 1.1047922372817993 0.505418062210083 1.546490732240273e-15 0.06085502168732941
1143.7935791015625 0.9291067719459534 0.48327943682670593 1.5463027968051009e-15 0.060738950687717064
1143.805908203125 0.665061354637146 0.44281795620918274 1.5461158142819945e-15 0.060623899914463035
1143.818115234375 0.8424604535102844 0.4699661433696747 1.5459333845609796e-15 0.060508764380975105
1143.830322265625 1.1064190864562988 0.5070343613624573 1.5457538135761617e-15 0.0603924217034981
1143.842529296875 0.7536585330963135 0.4567095935344696 1.5455769954484224e-15 0.0602772168270179
1143.8548583984375 0.7553884387016296 0.45509734749794006 1.5454012361118671e-15 0.06016203838459567
1143.8670654296875 1.4577083587646484 0.5478782057762146 1.545229923698285e-15 0.060045757414177905
1143.8792724609375 0.49163496494293213 0.4153250455856323 1.5450613641417813e-15 0.059930725765124496
1143.8916015625 1.1943247318267822 0.5172079801559448 1.5448938633764618e-15 0.059815819787393504
1143.90380859375 0.9314154386520386 0.4819834232330322 1.544730703654997e-15 0.0596999296056359
1143.916015625 1.1051623821258545 0.5038885474205017 1.5445702967906106e-15 0.0595853908922247
1143.9283447265625 1.0190351009368896 0.49505046010017395 1.54441084283829e-15 0.059471079937039935
1143.9405517578125 0.8433980345726013 0.46696677803993225 1.544255729929824e-15 0.05935589511300861
1143.9527587890625 0.8422369956970215 0.46819600462913513 1.5441032639993183e-15 0.05924215140373546
1143.965087890625 0.842083215713501 0.47141069173812866 1.5439518568599966e-15 0.059128741338185124
1143.977294921875 1.0177032947540283 0.49560895562171936 1.5438045790062927e-15 0.05901569035933189
1143.989501953125 0.5787873864173889 0.4302982985973358 1.543659948130549e-15 0.05890191651065187
1144.001708984375 0.7528992891311646 0.4579657316207886 1.5435178583536472e-15 0.05878969703878398
1144.0140380859375 1.0169814825057983 0.4921776354312897 1.5433769332470477e-15 0.05867794009255555
1144.0262451171875 1.2796857357025146 0.5289296507835388 1.5432399256678293e-15 0.0585655588995742
1144.0384521484375 1.366945505142212 0.5374618172645569 1.5431054591874527e-15 0.05845481735283639
1144.05078125 1.1911059617996216 0.5172603130340576 1.5429721573773786e-15 0.05834462100449512
1144.06298828125 1.1920572519302368 0.5155543088912964 1.5428427730946855e-15 0.0582339075356435
1144.0751953125 1.2795991897583008 0.528860330581665 1.5427158240317158e-15 0.05812490283264132
1144.0875244140625 1.3681401014328003 0.539737343788147 1.5425901455181669e-15 0.05801653542522228
1144.0997314453125 1.0176668167114258 0.4907979965209961 1.5424681727737623e-15 0.05790774977625452
1144.1119384765625 1.018528938293457 0.4941481053829193 1.5423485293699626e-15 0.05780073579616994
1144.124267578125 1.2809990644454956 0.5291497707366943 1.5422302623947022e-15 0.05769443780538094
1144.136474609375 1.1945308446884155 0.5179910659790039 1.5421155953094677e-15 0.05758888277217173
1144.148681640625 1.1945120096206665 0.5180051326751709 1.542003257564838e-15 0.05748304848696452
1144.1610107421875 1.28239905834198 0.5255641341209412 1.5418921903696294e-15 0.05737905206829475
1144.1732177734375 0.669274628162384 0.4456978738307953 1.541784617185328e-15 0.057275871161625705
1144.1854248046875 0.4064933955669403 0.4012201428413391 1.5416793733416317e-15 0.05717250475545819
1144.1976318359375 1.0216476917266846 0.49637946486473083 1.5415764588385403e-15 0.05707102633582195
1144.2099609375 1.1094738245010376 0.5049527287483215 1.5414749207639882e-15 0.05697042148039602
1144.22216796875 1.2839314937591553 0.5276135206222534 1.5413766649421067e-15 0.05686972924113874
1144.234375 0.9314671158790588 0.48346102237701416 1.5412807384608302e-15 0.056770960654143623
1144.2467041015625 0.6681923270225525 0.44255492091178894 1.5411860825289745e-15 0.05667312909845371
1144.2589111328125 0.5818713307380676 0.43100494146347046 1.5410947088497894e-15 0.05657529493200888
1144.2711181640625 0.3195197582244873 0.38330093026161194 1.5410054527529725e-15 0.05647940588836466
1144.283447265625 1.10939621925354 0.5046309232711792 1.5409176789638133e-15 0.056384517712952234
1144.295654296875 0.6696669459342957 0.44302552938461304 1.5408329756690878e-15 0.056289701141435305
1144.307861328125 0.9330493211746216 0.48184651136398315 1.5407503899567306e-15 0.056196857857844854
1144.3201904296875 0.6705830097198486 0.444225937128067 1.540669286552031e-15 0.05610505387464224
1144.3323974609375 0.7582973837852478 0.45752882957458496 1.5405910418835283e-15 0.05601430110197017
1144.3446044921875 1.021890640258789 0.49623584747314453 1.5405150206765123e-15 0.055923727124239396
1144.3568115234375 0.6722899675369263 0.44424697756767273 1.5404412229309827e-15 0.055835136886572524
1144.369140625 0.7599961757659912 0.45949286222457886 1.540368695734874e-15 0.0557476375011414
1144.38134765625 0.32163795828819275 0.3841972053050995 1.5402990272749624e-15 0.05566038164123797
1144.3935546875 0.5837669372558594 0.4289548099040985 1.5402314763974189e-15 0.05557510876252997
1144.4058837890625 0.9349154829978943 0.4798011779785156 1.540165407827533e-15 0.055490958911473785
1144.4180908203125 0.8469482064247131 0.47047504782676697 1.5401019862356074e-15 0.05540711557999472
1144.4302978515625 1.109710454940796 0.5010915398597717 1.5400406822260499e-15 0.05532524427622285
1144.442626953125 1.0222539901733398 0.49618813395500183 1.5399807546450316e-15 0.055244520461849626
1144.454833984375 0.6708158850669861 0.44463616609573364 1.5399234740419735e-15 0.05516415163685046
1144.467041015625 1.2844666242599487 0.5274690985679626 1.5398680992630468e-15 0.05508574392972636
1144.4793701171875 0.8449451327323914 0.4705032706260681 1.5398143126708961e-15 0.05500849355294068
1144.4915771484375 0.6693379282951355 0.44378161430358887 1.5397629612984689e-15 0.05493240956482511
1144.5037841796875 0.758988082408905 0.45016661286354065 1.5397136216292913e-15 0.054856744160630244
1144.51611328125 0.7593101263046265 0.4564853310585022 1.539665658388653e-15 0.054783002583271366
1144.5283203125 0.933312714099884 0.4818688631057739 1.5396202362468565e-15 0.054710422475368885
1144.54052734375 0.8460139632225037 0.4715820252895355 1.539576614050073e-15 0.05463830358555643
1144.552734375 0.583256185054779 0.4260939657688141 1.5395348976774206e-15 0.05456807816284651
1144.5650634765625 1.5449820756912231 0.5579993724822998 1.5394947694915445e-15 0.0544990074868269
1144.5772705078125 0.9335426092147827 0.4839525818824768 1.5394567588880364e-15 0.05443042702157527
1144.5894775390625 1.107409954071045 0.5046834945678711 1.5394207599877781e-15 0.05436368844275055
1144.601806640625 0.8457411527633667 0.4704447090625763 1.539386137516059e-15 0.05429810587383183
1144.614013671875 0.4956299960613251 0.4155009388923645 1.5393537385058266e-15 0.05423303042563597
1144.626220703125 0.8456189632415771 0.46791204810142517 1.539323139440607e-15 0.054169744876408646
1144.6385498046875 0.8463016152381897 0.4678570628166199 1.5392940226830452e-15 0.05410759633105401
1144.6507568359375 0.4939793646335602 0.4137120842933655 1.539266917628733e-15 0.054045968351934176
1144.6629638671875 1.2816121578216553 0.5250023007392883 1.5392417183985522e-15 0.053986074449604154
1144.67529296875 0.23154042661190033 0.3682814836502075 1.5392178955969107e-15 0.053927285339861304
1144.6875 0.6702744364738464 0.4412514567375183 1.539196084498519e-15 0.053869596501978596
1144.69970703125 0.6686018109321594 0.44247403740882874 1.53917607334514e-15 0.05381243543439877
1144.7120361328125 0.4933910369873047 0.41446855664253235 1.5391574386203004e-15 0.05375691627527388
1144.7242431640625 0.23148077726364136 0.3665997087955475 1.5391408155987106e-15 0.05370246268331222
1144.7364501953125 0.6673533320426941 0.4393385350704193 1.5391257807638968e-15 0.053648521551831696
1144.7486572265625 0.14383099973201752 0.3503287434577942 1.5391124399949776e-15 0.0535961579203344
1144.760986328125 0.3174091875553131 0.3827843964099884 1.539100581533716e-15 0.053544810142042765
1144.773193359375 0.5808250904083252 0.4288407266139984 1.539090417138349e-15 0.05349396588165826
1144.785400390625 0.49280208349227905 0.41398119926452637 1.5390819468088764e-15 0.05344461695126522
1144.7977294921875 0.2312164008617401 0.36670783162117004 1.53907506466618e-15 0.053396236396710955
1144.8099365234375 0.14247532188892365 0.34768617153167725 1.5390697707102596e-15 0.05334833117210435
1144.8221435546875 -0.03224823623895645 0.3118395209312439 1.539065959061997e-15 0.05330183869767648
1144.83447265625 0.14290614426136017 0.3482675552368164 1.5390637356005104e-15 0.05325625784774604
1144.8466796875 0.23006969690322876 0.36472460627555847 1.5390631003258e-15 0.05321112176598814
1144.85888671875 0.22927437722682953 0.3666432499885559 1.5390639473587472e-15 0.053167305071063535
1144.8712158203125 0.22933192551136017 0.3657430410385132 1.5390663825784706e-15 0.05312433938394279
1144.8834228515625 0.1420455276966095 0.34729698300361633 1.5390703001058516e-15 0.053082195702563624
1144.8956298828125 0.1428907811641693 0.3480641543865204 1.539075594061772e-15 0.05304044602134829
1144.9078369140625 -0.03162501007318497 0.3115368187427521 1.53908237032535e-15 0.05299988612991267
1144.920166015625 -0.03221314027905464 0.31148239970207214 1.5390907347757042e-15 0.052960083289179484
1144.932373046875 -0.0322093702852726 0.31144529581069946 1.5391003697754792e-15 0.052920623370667184
1144.944580078125 0.23052553832530975 0.365486741065979 1.5391114870829119e-15 0.052882257965997305
1144.9569091796875 0.22969268262386322 0.36444875597953796 1.5391240866980023e-15 0.052844567606889485
1144.9691162109375 0.05646047368645668 0.3300291895866394 1.5391379568625136e-15 0.05280715960772549
1144.9813232421875 0.14383776485919952 0.3479137122631073 1.5391532034555642e-15 0.052770749622747117
1144.99365234375 0.14337027072906494 0.3479335308074951 1.5391699323562724e-15 0.05273492996295522
1145.005859375 0.4063922166824341 0.3976293206214905 1.5391879318064016e-15 0.05269932950168163
1145.01806640625 0.057343389838933945 0.3299641013145447 1.5392070959268332e-15 0.0526646179285575
1145.0303955078125 0.14395661652088165 0.3482663035392761 1.5392279541131594e-15 0.052630411175013256
1145.0426025390625 0.4039417505264282 0.3970099687576294 1.5392497652115512e-15 0.0525966859852721
1145.0548095703125 0.05554116144776344 0.33059293031692505 1.5392729527384822e-15 0.05256307275627488
1145.067138671875 0.5778475403785706 0.426617294549942 1.5392975166939526e-15 0.052530210964603724
1145.079345703125 0.40540647506713867 0.3973996341228485 1.5393232453197255e-15 0.05249773532659532
1145.091552734375 0.6663655042648315 0.44000133872032166 1.5393501386158008e-15 0.05246529230182531
1145.103759765625 0.579003632068634 0.4279807209968567 1.5393781965821786e-15 0.05243349134267635
1145.1160888671875 0.5774990320205688 0.4260833263397217 1.5394078427353325e-15 0.05240197687554033
1145.1282958984375 0.40370815992355347 0.39665666222572327 1.5394383359214336e-15 0.052370406197964084
1145.1405029296875 0.8373798727989197 0.4651344120502472 1.5394699937778373e-15 0.05233937068895353
1145.15283203125 0.7506209015846252 0.4522360563278198 1.5395031339418986e-15 0.05230851961206937
1145.1650390625 0.7505546808242798 0.45189759135246277 1.5395371211389072e-15 0.05227751955601641
1145.17724609375 0.7496793866157532 0.4529065191745758 1.5395721671270998e-15 0.052246945564395776
1145.1895751953125 0.7489342093467712 0.45324504375457764 1.5396088013020686e-15 0.052216453462377174
1145.2017822265625 1.2707297801971436 0.5207548141479492 1.5396460707517478e-15 0.05218570689355629
1145.2139892578125 1.3590188026428223 0.5292417407035828 1.539684398992611e-15 0.05215528460266668
1145.226318359375 1.705187439918518 0.5732846856117249 1.5397243154202504e-15 0.052124836088498494
1145.238525390625 0.6628658175468445 0.44021788239479065 1.5397647612434818e-15 0.052094333007581387
1145.250732421875 0.3149974048137665 0.3793025612831116 1.5398063717370156e-15 0.052063430707615856
1145.262939453125 0.3135296702384949 0.37847447395324707 1.5398489351426152e-15 0.05203270338120634
1145.2752685546875 0.6624162197113037 0.4339788556098938 1.539892874976754e-15 0.052001813595980974
1145.2874755859375 0.7477859258651733 0.4523269832134247 1.5399374500856032e-15 0.051970410535415214
1145.2996826171875 0.7480151653289795 0.4536385238170624 1.5399829781065182e-15 0.051939075893695535
1145.31201171875 0.5731602907180786 0.4255971908569336 1.5400299884350908e-15 0.051907470834645954
1145.32421875 0.3141593337059021 0.3794189393520355 1.540077422280137e-15 0.05187523265996504
1145.33642578125 0.9220138192176819 0.47301942110061646 1.540125809037249e-15 0.051842962195189655
1145.3487548828125 0.4875865876674652 0.4095856249332428 1.5401755722229001e-15 0.05181030421069838
1145.3609619140625 0.3133876323699951 0.37826019525527954 1.540225758925025e-15 0.05177689340326101
1145.3731689453125 0.4863912761211395 0.4080602824687958 1.540276792660097e-15 0.05174335207808884
1145.385498046875 0.22709019482135773 0.36432021856307983 1.5403293087028268e-15 0.05170931271107698
1145.397705078125 0.22727684676647186 0.3629467785358429 1.5403821423829117e-15 0.05167474037108293
1145.409912109375 0.4872826337814331 0.40927544236183167 1.5404357172168256e-15 0.05163923999472328
1145.4222412109375 0.9206486344337463 0.476045697927475 1.5404907743583971e-15 0.05160347730391546
1145.4344482421875 0.4867912530899048 0.40906864404678345 1.5405460432582055e-15 0.0515670713771806
1145.4466552734375 0.313128799200058 0.38157132267951965 1.540602159190961e-15 0.051529604352956865
1145.4588623046875 0.9192197918891907 0.47538137435913086 1.5406590162775455e-15 0.051491789508777384
1145.47119140625 0.13925693929195404 0.3438553512096405 1.5407171439135508e-15 0.051453211518496
1145.4833984375 0.7465332746505737 0.4503033757209778 1.5407755891869114e-15 0.05141344159044067
1145.49560546875 0.3131183981895447 0.37950900197029114 1.5408346697349824e-15 0.05137322995112964
1145.5079345703125 1.092194676399231 0.49939683079719543 1.5408950208324742e-15 0.05133214477890806
1145.5201416015625 0.4846723973751068 0.40809887647628784 1.540955583688203e-15 0.051289731841180734
1145.5323486328125 0.7433629631996155 0.44797277450561523 1.541016781818642e-15 0.05124679115181151
1145.544677734375 0.9179317355155945 0.4708687365055084 1.541079250498502e-15 0.05120286847261757
1145.556884765625 0.3114425837993622 0.37867894768714905 1.5411418250574804e-15 0.0511574763861687
1145.569091796875 1.088377833366394 0.4972822070121765 1.5412050348911693e-15 0.051111470746118014
1145.5814208984375 1.1748089790344238 0.5097668170928955 1.541269515274279e-15 0.05106437919440602
1145.5936279296875 1.173971176147461 0.5048081278800964 1.5413338897782704e-15 0.051016163526913655
1145.6058349609375 0.48234114050865173 0.4085094928741455 1.5413990054360905e-15 0.05096628505537272
1145.6180419921875 1.433821678161621 0.5408501029014587 1.5414646504895027e-15 0.050915696590893365
1145.63037109375 0.9144136905670166 0.47438520193099976 1.5415315660923358e-15 0.050863880096055684
1145.642578125 0.3959689736366272 0.3923121690750122 1.5415982699369321e-15 0.05081025577060582
1145.65478515625 0.8283399343490601 0.4598662555217743 1.5416655031771204e-15 0.050755850580062115
1145.6671142578125 0.9144201278686523 0.4751961827278137 1.5417340069667296e-15 0.05070010979041569
1145.6793212890625 1.2597250938415527 0.5207614302635193 1.541802298998102e-15 0.05064241765825551
1145.6915283203125 1.1738660335540771 0.5070929527282715 1.5418711204250664e-15 0.050583884509231555
1145.703857421875 1.3464422225952148 0.5309524536132812 1.5419410006432149e-15 0.05052391054837366
1145.716064453125 1.0892252922058105 0.4974493980407715 1.542010774982245e-15 0.050461841815137715
1145.728271484375 1.3465657234191895 0.5272902846336365 1.5420809728377487e-15 0.050398872919264856
1145.7406005859375 0.9991306662559509 0.481877863407135 1.5421522294844364e-15 0.050334358738753346
1145.7528076171875 1.4304684400558472 0.537701427936554 1.5422232743728874e-15 0.050268275052528726
1145.7650146484375 0.8271600604057312 0.45977523922920227 1.542294742777812e-15 0.0501999002595618
1145.77734375 0.9986343383789062 0.48582950234413147 1.5423672699739206e-15 0.05013055521210496
1145.78955078125 1.0852614641189575 0.4957970976829529 1.542439479532674e-15 0.050059542218003544
1145.8017578125 1.1705867052078247 0.5050473213195801 1.5425120067287827e-15 0.04998608960085687
1145.81396484375 0.5683349370956421 0.42173171043395996 1.5425848515622466e-15 0.049911624955202946
1145.8262939453125 0.827486515045166 0.4612915813922882 1.5426588610660129e-15 0.04983540464379649
1145.8385009765625 0.8287065625190735 0.460284948348999 1.5427323411741872e-15 0.049756598253510115
1145.8507080078125 1.086143970489502 0.49623897671699524 1.5428061389197167e-15 0.04967674060595284
1145.863037109375 1.085945725440979 0.4973124563694 1.5428809954564303e-15 0.04959502930872091
1145.875244140625 0.6549746990203857 0.43584924936294556 1.5429554284766703e-15 0.04951059515921428
1145.887451171875 0.6531017422676086 0.4346080720424652 1.5430299673760287e-15 0.04942507857550174
1145.8997802734375 0.39536404609680176 0.39246752858161926 1.5431055650665711e-15 0.049337628156623244
1145.9119873046875 0.9123753309249878 0.47148212790489197 1.5431806333615215e-15 0.04924730794018428
1145.9241943359375 1.171844244003296 0.500984787940979 1.5432559134147088e-15 0.049155888781884365
1145.9365234375 0.8258785605430603 0.4579358696937561 1.5433321463799617e-15 0.0490624528565059
1145.94873046875 0.998056173324585 0.4825822412967682 1.5434078499496225e-15 0.048966970542790526
1145.9609375 0.8258993029594421 0.46032482385635376 1.5434835535192834e-15 0.04886843631961539
1145.9732666015625 0.48007121682167053 0.4069337546825409 1.5435603158801283e-15 0.04876877979091517
1145.9854736328125 0.13537286221981049 0.34193935990333557 1.5436363370871444e-15 0.048667003631680084
1145.9976806640625 0.8248111605644226 0.461473673582077 1.5437125700523972e-15 0.048562040551473985
1146.0098876953125 0.6513102650642395 0.4353633522987366 1.5437889088967685e-15 0.04845595130464876
1146.022216796875 0.5658468008041382 0.41971680521965027 1.5438659888949687e-15 0.048347672961020306
1146.034423828125 0.5662195086479187 0.4199443459510803 1.5439424336184584e-15 0.04823607785673343
1146.046630859375 0.30911973118782043 0.37673741579055786 1.544018878341948e-15 0.048123352712233475
1146.0589599609375 0.48171183466911316 0.4043178856372833 1.544096170098385e-15 0.048008379675626114
1146.0711669921875 0.39493903517723083 0.39036715030670166 1.5441728265801116e-15 0.04788996105444542
1146.0833740234375 0.7388911843299866 0.44653570652008057 1.5442493771827197e-15 0.04777042006766015
1146.095703125 0.9111433625221252 0.4679665267467499 1.5443266689391566e-15 0.04764858504067828
1146.10791015625 0.9954298138618469 0.4835619032382965 1.5444032195417647e-15 0.0475231816418752
1146.1201171875 0.4804519712924957 0.4044904410839081 1.5444796642652544e-15 0.047396672160710196
1146.1324462890625 0.48037052154541016 0.4050471782684326 1.5445569560216914e-15 0.047267815828788605
1146.1446533203125 0.7389829754829407 0.446692556142807 1.5446332948660627e-15 0.04713659779059562
1146.1568603515625 0.9957849979400635 0.48348379135131836 1.5447095278313156e-15 0.047001656279021926
1146.1690673828125 0.9083398580551147 0.47100022435188293 1.5447857607965684e-15 0.046865659995067796
1146.181396484375 0.8231013417243958 0.45768919587135315 1.5448626290365318e-15 0.04672725985099067
1146.193603515625 0.907724142074585 0.4697074890136719 1.5449385443644294e-15 0.04658503810306879
1146.205810546875 0.8224184513092041 0.4594142436981201 1.5450144596923271e-15 0.046441790528354426
1146.2181396484375 1.1653950214385986 0.5032947659492493 1.5450907985366984e-15 0.04629611897234256
1146.2303466796875 0.6509442925453186 0.43125367164611816 1.5451662903481224e-15 0.04614652678360017
1146.2425537109375 0.9943305850028992 0.4837398827075958 1.5452415704013097e-15 0.04599595423256703
1146.2548828125 1.2506235837936401 0.5154709219932556 1.5453174857292073e-15 0.04584295174010129
1146.26708984375 0.9946900010108948 0.4837520718574524 1.545392342265921e-15 0.04568593223346301
1146.279296875 0.9944807887077332 0.48363980650901794 1.5454669870443977e-15 0.04552799968243655
1146.2916259765625 0.994348406791687 0.48172396421432495 1.5455421612184665e-15 0.045367633085796576
1146.3038330078125 0.7390778064727783 0.44415992498397827 1.5456162766013513e-15 0.04520480601043552
1146.3160400390625 0.9092420339584351 0.4716440737247467 1.5456900743468808e-15 0.04503787507802904
1146.328369140625 0.9955598711967468 0.48316317796707153 1.5457644014880024e-15 0.044870142690635724
1146.340576171875 0.6524726748466492 0.4319877624511719 1.5458376698379399e-15 0.044699968166940676
1146.352783203125 0.5665791630744934 0.41800129413604736 1.5459106205505222e-15 0.044525630210849085
1146.364990234375 0.9955976009368896 0.48042115569114685 1.5459831477466308e-15 0.04435058549604028
1146.3773193359375 1.0800402164459229 0.4925517141819 1.546056098459213e-15 0.04417313757300416
1146.3895263671875 0.7374843955039978 0.4459801912307739 1.5461279903806113e-15 0.04399146508448869
1146.4017333984375 0.7358248829841614 0.4447764754295349 1.5461994587855359e-15 0.04380919840560238
1146.4140625 0.7371691465377808 0.44464796781539917 1.5462712448278157e-15 0.04362456482658502
1146.42626953125 0.820297122001648 0.45556625723838806 1.546341866199793e-15 0.04343569089737336
1146.4384765625 1.2465713024139404 0.5147726535797119 1.5464121699344151e-15 0.0432463426866583
1146.4508056640625 1.2468348741531372 0.514241635799408 1.546482685427274e-15 0.04305468962044435
1146.4630126953125 1.0755091905593872 0.49017682671546936 1.546551930370712e-15 0.042858797308285804
1146.4752197265625 0.5635597109794617 0.4183531105518341 1.5466208576767949e-15 0.04266258085349174
1146.487548828125 1.4167449474334717 0.5313736796379089 1.5466898908619961e-15 0.04246412670125659
1146.499755859375 0.9049391746520996 0.4698314368724823 1.5467577593768949e-15 0.04226347654727799
1146.511962890625 0.9054273366928101 0.46889638900756836 1.5468250984962016e-15 0.04205862902467098
1146.524169921875 0.9923611879348755 0.47789111733436584 1.5468918023407979e-15 0.04185365816412123
1146.5364990234375 0.7365013957023621 0.44205304980278015 1.546958717943631e-15 0.041646614033859414
1146.5487060546875 0.5646902322769165 0.4174037277698517 1.5470244688761616e-15 0.041435421005980064
1146.5609130859375 1.3330901861190796 0.5231478810310364 1.5470895845339817e-15 0.041224308598271
1146.5732421875 1.1628013849258423 0.5013777017593384 1.547154700191802e-15 0.04101125463093414
1146.58544921875 0.6503916382789612 0.43186846375465393 1.5472185453002012e-15 0.040794142942323766
1146.59765625 1.2473868131637573 0.512519359588623 1.5472818610130085e-15 0.04057732279655478
1146.6099853515625 1.1617660522460938 0.5018271803855896 1.5473450708466973e-15 0.040358737088712154
1146.6221923828125 0.5645743608474731 0.4170628786087036 1.5474071160100837e-15 0.04013622215750662
1146.6343994140625 0.6509212255477905 0.42952126264572144 1.5474683141405228e-15 0.03991424928237606
1146.646728515625 0.7572749853134155 0.4518125355243683 1.5475296181500803e-15 0.03969071932572871
1146.658935546875 0.9455175995826721 0.4806903004646301 1.5475894398519802e-15 0.039465685426952286
1146.671142578125 0.5644236207008362 0.41607820987701416 1.5476486262791696e-15 0.03923695993466924
1146.6834716796875 0.5643852353096008 0.41332387924194336 1.5477077068272406e-15 0.039009153358866656
1146.6956787109375 1.16831636428833 0.5149186253547668 1.5477654109467723e-15 0.03878011934543409
1146.7078857421875 0.4994187355041504 0.41061821579933167 1.5478223739124751e-15 0.038547628216622096
1146.7200927734375 0.9653540253639221 0.48639655113220215 1.5478785957243491e-15 0.03831639390621722
1146.732421875 0.7101947665214539 0.45085740089416504 1.547934499898868e-15 0.0380842384086481
1146.74462890625 1.2797019481658936 0.5339120030403137 1.5479890276448474e-15 0.037848912991800966
1146.7568359375 1.1296699047088623 0.5055317282676697 1.548042814236998e-15 0.0376152153220417
1146.7691650390625 1.304153561592102 0.5257830619812012 1.548096177312675e-15 0.037380949491203644
1146.7813720703125 1.5983450412750244 0.574653148651123 1.5481482698389312e-15 0.03714387917676666
1146.7935791015625 0.6965857744216919 0.4429027736186981 1.5481994094531217e-15 0.036908863086530394
1146.805908203125 0.8230819702148438 0.4725272059440613 1.548250231429957e-15 0.03667367425966427
1146.818115234375 0.8337393403053284 0.47134363651275635 1.548299676978253e-15 0.03643614136737113
1146.830322265625 1.267493486404419 0.5311915278434753 1.5483481696144832e-15 0.03620112781009196
1146.8426513671875 0.5545130372047424 0.4294324517250061 1.5483961328551215e-15 0.03596642738019381
1146.8548583984375 0.6588591933250427 0.44657349586486816 1.5484428255463389e-15 0.035732233952448504
1146.8670654296875 0.7791362404823303 0.45606037974357605 1.5484884594463722e-15 0.03549640251848053
1146.8792724609375 1.3402819633483887 0.5464306473731995 1.5485331404343399e-15 0.035263786584221656
1146.8916015625 1.5215810537338257 0.5692495703697205 1.5485772920267155e-15 0.035032276944565864
1146.90380859375 0.9770806431770325 0.4878167510032654 1.5486199613114334e-15 0.03479977346061604
1146.916015625 1.2389004230499268 0.5351356267929077 1.5486615718049673e-15 0.03457112005072359
1146.9283447265625 1.444718599319458 0.5505950450897217 1.5487026529029091e-15 0.03434420864787021
1146.9405517578125 1.1270431280136108 0.5180832743644714 1.5487422516931933e-15 0.03411707871879353
1146.9527587890625 0.7408903241157532 0.4583134055137634 1.5487807916922934e-15 0.03389447309884629
1146.965087890625 1.3097202777862549 0.5270541906356812 1.5488185905375646e-15 0.03367438130298877
1146.977294921875 1.0529515743255615 0.4964168965816498 1.5488549070751781e-15 0.03345494787738869
1146.989501953125 0.6878978610038757 0.4404374063014984 1.5488901648216076e-15 0.033240792716968795
1147.0018310546875 0.9266552925109863 0.48846322298049927 1.5489245755350898e-15 0.03303002734291598
1147.0140380859375 1.0573811531066895 0.5094531178474426 1.5489575039409143e-15 0.03282297378524221
1147.0262451171875 0.6280043721199036 0.43868404626846313 1.5489893735555547e-15 0.032617930540517606
1147.03857421875 0.9413292407989502 0.4755585193634033 1.5490202902581295e-15 0.03241928402119987
1147.05078125 1.1135141849517822 0.5140378475189209 1.5490497246530466e-15 0.03222535313957883
1147.06298828125 0.7296085357666016 0.4557020366191864 1.5490779943776612e-15 0.032034611562896984
1147.0751953125 1.0057125091552734 0.49713200330734253 1.549104993552855e-15 0.03185122162916847
1147.0875244140625 1.0547268390655518 0.4970054626464844 1.5491311456951014e-15 0.031673628547698965
1147.0997314453125 0.7947003245353699 0.461277037858963 1.5491557096505718e-15 0.031500559103547016
1147.1119384765625 0.7703626751899719 0.4518562853336334 1.5491788971775029e-15 0.03133584036432639
1147.124267578125 1.1555477380752563 0.5120880007743835 1.5492012376714867e-15 0.031178120777896407
1147.136474609375 0.9424669146537781 0.4778846502304077 1.549221884099576e-15 0.03102636152879854
1147.148681640625 1.2184935808181763 0.5151813626289368 1.5492413658573629e-15 0.030884007701559447
1147.1610107421875 0.5595012903213501 0.41225191950798035 1.5492595770657288e-15 0.03074993954085773
1147.1732177734375 1.1902202367782593 0.5101422071456909 1.5492764118455555e-15 0.030623407058063327
1147.1854248046875 0.8760220408439636 0.471714049577713 1.5492917643177245e-15 0.030507352162414614
1147.19775390625 0.9628773927688599 0.4832267463207245 1.549305952119591e-15 0.030400940997508345
1147.2099609375 0.9133662581443787 0.4685444235801697 1.5493186576137998e-15 0.030304615990883774
1147.22216796875 1.5879325866699219 0.5500091314315796 1.549329880800351e-15 0.030218042688907498
1147.2344970703125 1.4196245670318604 0.5320354104042053 1.5493398334374812e-15 0.030143395059458594
1147.2467041015625 1.4050003290176392 0.5286154747009277 1.5493481978878353e-15 0.03008021599569405
1147.2589111328125 0.8133344650268555 0.45219212770462036 1.5493551859096502e-15 0.030028510932452256
1147.2711181640625 0.8138028979301453 0.4521181881427765 1.5493606916238073e-15 0.02998976206374365
1147.283447265625 1.066732406616211 0.48806366324424744 1.5493648209094252e-15 0.029963834645122128
1147.295654296875 1.2350200414657593 0.5081050395965576 1.549367362008267e-15 0.02995110708762769
1147.307861328125 1.234296441078186 0.5042811632156372 1.549368420799451e-15 0.029952261615006512
1147.3201904296875 1.2337599992752075 0.504144012928009 1.549367891403859e-15 0.029967518253871957
1147.3323974609375 0.8125490546226501 0.4512679874897003 1.5493658797006093e-15 0.02999764833899388
1147.3446044921875 0.8129997849464417 0.45104536414146423 1.5493623856897018e-15 0.030042444714397366
1147.35693359375 0.9800698757171631 0.4744570553302765 1.5493571976129e-15 0.030102496337191826
1147.369140625 0.5597670674324036 0.41403311491012573 1.5493505272284403e-15 0.030178986812592727
1147.38134765625 1.8231523036956787 0.572837769985199 1.5493422686572045e-15 0.030270738821938634
1147.3936767578125 0.6442959904670715 0.4271850883960724 1.549332210140956e-15 0.030378722107887713
1147.4058837890625 0.812494695186615 0.45009878277778625 1.5493206693170496e-15 0.030503234464376937
1147.4180908203125 1.4016836881637573 0.5250440835952759 1.5493075403063671e-15 0.03064602609667902
1147.4302978515625 1.150827169418335 0.49721047282218933 1.5492927172297902e-15 0.030804500257535384
1147.442626953125 0.8122655749320984 0.4509689211845398 1.5492760942082003e-15 0.030980201186487616
1147.454833984375 0.9806240797042847 0.47158288955688477 1.5492578829998343e-15 0.031175316592458792
1147.467041015625 0.8955013751983643 0.46224844455718994 1.5492379777255739e-15 0.03138616612958169
1147.4793701171875 1.232133388519287 0.5073630213737488 1.549216166627182e-15 0.03161468304078716
1147.4915771484375 0.895006000995636 0.46388378739356995 1.5491928732211326e-15 0.031863557639637316
1147.5037841796875 0.7265304327011108 0.4365023970603943 1.5491677798700702e-15 0.03212793740522611
1147.51611328125 1.3983211517333984 0.5248921513557434 1.5491407806948764e-15 0.032410223418483174
1147.5283203125 0.9773499965667725 0.46768903732299805 1.5491120874537882e-15 0.03271355543315974
1147.54052734375 1.3144797086715698 0.5167819857597351 1.5490817001468054e-15 0.0330319445866778
1147.5528564453125 1.1477347612380981 0.4971061646938324 1.5490491952574546e-15 0.033368249664226524
1147.5650634765625 0.8950185179710388 0.4636761248111725 1.549015208060446e-15 0.033722472381577835
1147.5772705078125 0.7253167629241943 0.4378178119659424 1.548979315039306e-15 0.03409830938283389
1147.589599609375 1.2290189266204834 0.5058349967002869 1.5489411985566796e-15 0.03448830022672191
1147.601806640625 1.4803215265274048 0.535980224609375 1.548901705645514e-15 0.03489594801196101
1147.614013671875 0.8079947829246521 0.4478638172149658 1.5488602010310984e-15 0.03532551177494033
1147.626220703125 0.5553512573242188 0.41034600138664246 1.54881689647167e-15 0.03576834212459929
1147.6385498046875 1.3127503395080566 0.5164186954498291 1.5487711566925183e-15 0.03622846885988952
1147.6507568359375 0.47183090448379517 0.39809995889663696 1.548723934605709e-15 0.036710603336514325
1147.6629638671875 1.1447149515151978 0.49511829018592834 1.5486748066947682e-15 0.03720506748674047
1147.67529296875 0.4727008044719696 0.39685189723968506 1.548623243564104e-15 0.0377163050357658
1147.6875 0.8914374709129333 0.45970964431762695 1.5485701981257823e-15 0.03824961873513975
1147.69970703125 0.8883396983146667 0.46030718088150024 1.5485151409842107e-15 0.038794206549671445
1147.7120361328125 1.223694086074829 0.5026094317436218 1.5484575427437974e-15 0.03935510219770943
1147.7242431640625 0.8878958225250244 0.46133294701576233 1.5483984621957264e-15 0.039937955800130064
1147.7364501953125 1.6396872997283936 0.5514200925827026 1.5483373699444057e-15 0.04053104071643838
1147.748779296875 0.9699103832244873 0.4701245129108429 1.5482735248360064e-15 0.041139900586237205
1147.760986328125 0.9705753326416016 0.4712883234024048 1.5482083032990679e-15 0.04176426481270892
1147.773193359375 1.4728153944015503 0.5339230895042419 1.5481409641797611e-15 0.04241049288919348
1147.785400390625 0.5504096746444702 0.40716493129730225 1.5480716133572047e-15 0.04306560618256776
1147.7977294921875 1.2204455137252808 0.5035463571548462 1.5479994037984513e-15 0.04373567605618216
1147.8099365234375 0.5511788129806519 0.4106256067752838 1.5479258178111585e-15 0.04442748633427121
1147.8221435546875 0.8859022259712219 0.46061113476753235 1.5478500083623793e-15 0.04512718061837216
1147.83447265625 1.2215489149093628 0.504997968673706 1.547771340177403e-15 0.045841285708012054
1147.8466796875 0.8021807074546814 0.446615606546402 1.5476912955638875e-15 0.046577054681508225
1147.85888671875 1.0536397695541382 0.480275422334671 1.5476090274888854e-15 0.04731964578719082
1147.8712158203125 0.5491811633110046 0.4093034267425537 1.5475236889194496e-15 0.04807626389516243
1147.8834228515625 1.1347676515579224 0.4899253249168396 1.5474369739214744e-15 0.0488544015691399
1147.8956298828125 0.6330486536026001 0.420817106962204 1.5473480354620127e-15 0.049638541187152115
1147.907958984375 1.3857014179229736 0.5228248834609985 1.5472560265081172e-15 0.05043615107906582
1147.920166015625 1.22223961353302 0.5040156841278076 1.5471626411256824e-15 0.051247090411906615
1147.932373046875 0.9701699614524841 0.46775832772254944 1.5470669264026427e-15 0.052079505842984444
1147.9447021484375 1.306410789489746 0.5145511627197266 1.5469680353060507e-15 0.052916782326917176
1147.9569091796875 0.804103672504425 0.4479236304759979 1.5468676619018011e-15 0.0537669694775545
1147.9691162109375 0.9701176881790161 0.46972471475601196 1.546765065036065e-15 0.05463867476774495
1147.9813232421875 0.9705765247344971 0.4652354419231415 1.5466601388297238e-15 0.05551443659796624
1147.99365234375 0.8866328597068787 0.45767250657081604 1.5465518244915937e-15 0.05640279641104456
1148.005859375 1.303239107131958 0.5134324431419373 1.5464421337249242e-15 0.05731262025313221
1148.01806640625 0.9683669209480286 0.46923354268074036 1.5463301136176499e-15 0.05822581055540791
1148.0303955078125 0.9668458104133606 0.4687718152999878 1.5462144936203496e-15 0.05915122068033509
1148.0426025390625 1.0503065586090088 0.4825904965400696 1.546097708952747e-15 0.060098228811974554
1148.0548095703125 0.4667167365550995 0.3936249017715454 1.5459783831863025e-15 0.06104790704114292
