wave flux_norm flux_err cont_fit cont_err
1140.4708251953125 0.7317941188812256 0.24042314291000366 3.0258757027507976e-15 0.03676060005169537
1140.480712890625 1.1887118816375732 0.2815762162208557 3.025859397366563e-15 0.03641093925672625
1140.49072265625 0.8679584264755249 0.2545776069164276 3.0258420331911442e-15 0.03606382035205583
1140.500732421875 1.0240554809570312 0.26733720302581787 3.0258238219827783e-15 0.035723462481038665
1140.5106201171875 0.9688423275947571 0.26453897356987 3.025804975499702e-15 0.03538151798931848
1140.5206298828125 0.9922753572463989 0.2653583288192749 3.0257850702254414e-15 0.03504224355022962
1140.5306396484375 1.24212646484375 0.2865077555179596 3.0257645296764705e-15 0.03470977230055849
1140.54052734375 1.1459531784057617 0.28035882115364075 3.025743353852789e-15 0.03437593494968566
1140.550537109375 0.8372860550880432 0.2519359290599823 3.0257211192379237e-15 0.03404489641091329
1140.560546875 0.7676288485527039 0.24370186030864716 3.0256982493483478e-15 0.033720693216138825
1140.570556640625 0.7950583100318909 0.25057318806648254 3.0256745324258247e-15 0.03339536063218987
1140.5804443359375 1.2894341945648193 0.2925216257572174 3.025650391986828e-15 0.03307297323424617
1140.5904541015625 1.1003007888793945 0.27788081765174866 3.0256249809984103e-15 0.03275744608362796
1140.6004638671875 0.8553287386894226 0.25469598174095154 3.025599146493519e-15 0.0324410442806849
1140.6103515625 1.0564560890197754 0.27274438738822937 3.0255726767139174e-15 0.032127729738183515
1140.620361328125 0.9168389439582825 0.25924360752105713 3.0255451481431316e-15 0.03182131000462714
1140.63037109375 0.9343449473381042 0.2623459994792938 3.0255169842976354e-15 0.031514273533785137
1140.6402587890625 0.7479921579360962 0.2473047524690628 3.0254883969356655e-15 0.03121047161982178
1140.6502685546875 0.6988680362701416 0.24194559454917908 3.0254587507825116e-15 0.03091360082569143
1140.6602783203125 1.126169204711914 0.2814933657646179 3.0254284693546473e-15 0.030616381421361544
1140.670166015625 1.061955213546753 0.27691158652305603 3.0253977644103093e-15 0.030322548612249683
1140.68017578125 1.095879077911377 0.27978119254112244 3.0253660006747873e-15 0.03003216082337895
1140.690185546875 0.8349241614341736 0.25402140617370605 3.025333601664555e-15 0.029748745946380363
1140.7000732421875 1.0566630363464355 0.2764582931995392 3.0253007791378487e-15 0.02946534994422054
1140.7100830078125 1.102616786956787 0.27749699354171753 3.0252671095781954e-15 0.029185563065959038
1140.7200927734375 0.9982630014419556 0.26955583691596985 3.0252325929855947e-15 0.028912769914320336
1140.72998046875 1.0875595808029175 0.2787986397743225 3.0251978646347573e-15 0.028640294776613683
1140.739990234375 0.8006890416145325 0.251305490732193 3.0251622892509726e-15 0.02837158387731122
1140.75 0.9188312888145447 0.26059967279434204 3.0251258668342407e-15 0.0281098944924327
1140.7598876953125 1.160495638847351 0.2852148115634918 3.025089232659272e-15 0.02784882285223449
1140.7698974609375 1.0251574516296387 0.27017855644226074 3.025051539693119e-15 0.027591676878586262
1140.7799072265625 0.6247393488883972 0.2321591079235077 3.025013211452256e-15 0.027341575810091858
1140.789794921875 0.8528715968132019 0.2552785873413086 3.0249748832113926e-15 0.02709239435788144
1140.7998046875 1.0149474143981934 0.26880812644958496 3.0249352844211085e-15 0.02684730383474844
1140.809814453125 1.1227855682373047 0.2734921872615814 3.0248952621143507e-15 0.026609268706792037
1140.8197021484375 1.014482855796814 0.26923510432243347 3.024855028049356e-15 0.02637246546875102
1140.8297119140625 1.2659865617752075 0.2888703942298889 3.0248137351931775e-15 0.026139912098788617
1140.8397216796875 1.0337512493133545 0.26950377225875854 3.0247718070622884e-15 0.025914417825264473
1140.849609375 0.6134663820266724 0.23006977140903473 3.0247298789313993e-15 0.02569047206986795
1140.859619140625 0.9027482867240906 0.2571021616458893 3.0246866802510894e-15 0.025470923487780257
1140.86962890625 0.9937765598297119 0.2653813660144806 3.0246430580543058e-15 0.025258435216600258
1140.8795166015625 1.250712275505066 0.2851325571537018 3.024599435857522e-15 0.025047797871816293
1140.8895263671875 1.2419694662094116 0.28329384326934814 3.0245547548695545e-15 0.024841715242129407
1140.8995361328125 1.0147069692611694 0.2651095688343048 3.0245096503651132e-15 0.024642658747852687
1140.9095458984375 1.3215718269348145 0.2876550257205963 3.0244636988277247e-15 0.024445770718677713
1140.91943359375 0.7869937419891357 0.2449544370174408 3.024417959048573e-15 0.024253571271722212
1140.929443359375 0.5589907169342041 0.2213510423898697 3.024371160478237e-15 0.02406836381833134
1140.939453125 0.9403069615364075 0.2580156922340393 3.0243239383914277e-15 0.02388561756870004
1140.9493408203125 0.9700775146484375 0.2596670389175415 3.0242767163046183e-15 0.02370768573870261
1140.9593505859375 0.9672905206680298 0.2601231336593628 3.024228223668388e-15 0.02353668970753227
1140.9693603515625 1.0932226181030273 0.2693861722946167 3.024179519273921e-15 0.023368438074640573
1140.979248046875 1.0289993286132812 0.2638629078865051 3.024130603121217e-15 0.0232051101328481
1140.9892578125 0.9958603382110596 0.2611621916294098 3.0240808399355657e-15 0.023048633414582877
1140.999267578125 0.9666376113891602 0.260211318731308 3.024030653233441e-15 0.02289517344228363
1141.0091552734375 1.0901873111724854 0.26961761713027954 3.023980466531316e-15 0.022746719214300194
1141.0191650390625 1.1220253705978394 0.27307674288749695 3.023929221038007e-15 0.022603291171728136
1141.0291748046875 1.3121427297592163 0.28729453682899475 3.0238775520282247e-15 0.022466569118898622
1141.0390625 1.1531109809875488 0.2744132876396179 3.023826094776679e-15 0.022333189812377238
1141.049072265625 0.8050280809402466 0.24422074854373932 3.0237735787339492e-15 0.022204887815399407
1141.05908203125 1.026798963546753 0.2645721435546875 3.023720639174746e-15 0.02208314357463626
1141.0689697265625 1.1218738555908203 0.2728191614151001 3.0236679113737792e-15 0.021964959673423386
1141.0789794921875 0.9958882331848145 0.2628366947174072 3.0236141247816286e-15 0.021851869373286918
1141.0889892578125 0.9348323941230774 0.2578286826610565 3.0235599146730043e-15 0.02174516349503851
1141.098876953125 0.8057112097740173 0.2455427348613739 3.023505916322617e-15 0.0216421988195008
1141.10888671875 0.9964373707771301 0.26277750730514526 3.0234508591810453e-15 0.02154431852675771
1141.118896484375 0.6798931956291199 0.23389427363872528 3.023395378523e-15 0.02145260967440618
1141.1287841796875 0.9620956778526306 0.2594667673110962 3.0233403213814286e-15 0.021364794739655676
1141.1387939453125 0.7428299188613892 0.23839624226093292 3.023284205448673e-15 0.021282015812226367
1141.1488037109375 1.2172582149505615 0.28006720542907715 3.023227665999444e-15 0.021205166466311265
1141.15869140625 1.060386300086975 0.2676706910133362 3.0231715500666882e-15 0.021132327117572913
1141.168701171875 1.029969334602356 0.26519450545310974 3.0231141635845117e-15 0.021064441254114847
1141.1787109375 1.248139500617981 0.28206589818000793 3.0230565653440985e-15 0.02100221300844861
1141.1885986328125 0.9426487684249878 0.25888791680336 3.0229993906201588e-15 0.0209440671190792
1141.1986083984375 0.9757552146911621 0.2612212598323822 3.022941157105035e-15 0.020890759150083964
1141.2086181640625 0.6571074724197388 0.23176269233226776 3.0228825000734377e-15 0.02084280554889192
1141.218505859375 0.7217131853103638 0.23741799592971802 3.022824266558314e-15 0.020798973361994863
1141.228515625 0.8766095638275146 0.2507362961769104 3.022764974252006e-15 0.020759829169845753
1141.238525390625 0.8420467972755432 0.24932865798473358 3.0227054701874615e-15 0.020725709485578583
1141.24853515625 0.9459393620491028 0.25942808389663696 3.0226455426064433e-15 0.020695711335641038
1141.2584228515625 1.2327580451965332 0.2824941575527191 3.0225862503001355e-15 0.020670218433194276
1141.2684326171875 1.1026840209960938 0.27137160301208496 3.022525687444407e-15 0.02064939546552595
1141.2784423828125 0.7880418300628662 0.244025319814682 3.022465124588678e-15 0.020632660136343208
1141.288330078125 1.0384538173675537 0.26496604084968567 3.0224047734911863e-15 0.02062022097469278
1141.29833984375 0.9012548923492432 0.25383126735687256 3.022343575360747e-15 0.02061208003553486
1141.308349609375 1.2336255311965942 0.28122246265411377 3.0222821654720712e-15 0.02060795800996489
1141.3182373046875 1.2581831216812134 0.2829376757144928 3.022221179099869e-15 0.020607897404662855
1141.3282470703125 0.9078980088233948 0.255164235830307 3.0221591339364825e-15 0.020611749195918853
1141.3382568359375 1.129084825515747 0.273541659116745 3.0220968770148593e-15 0.02061952353002946
1141.34814453125 0.9996896386146545 0.26148220896720886 3.0220352553679466e-15 0.020631108256463755
1141.358154296875 1.065395712852478 0.267915815114975 3.0219725749298498e-15 0.02064641634889623
1141.3681640625 0.8731306791305542 0.2510628402233124 3.0219094709752793e-15 0.020665105649348033
1141.3780517578125 1.1007846593856812 0.2716940641403198 3.021847214053656e-15 0.02068754685693433
1141.3880615234375 0.9411553740501404 0.25667423009872437 3.021783898340849e-15 0.020713439991439965
1141.3980712890625 0.8747360110282898 0.2519319951534271 3.0217203708698048e-15 0.02074231626977647
1141.407958984375 1.20261549949646 0.2804345488548279 3.021657478673471e-15 0.020774795089773656
1141.41796875 0.8854552507400513 0.25352761149406433 3.0215935276859535e-15 0.020810444171448138
1141.427978515625 1.2807302474975586 0.28667914867401123 3.0215295766984358e-15 0.020848680054635214
1141.4378662109375 0.7954398989677429 0.24616661667823792 3.0214660492273917e-15 0.02089035159928345
1141.4478759765625 0.9530388116836548 0.2595556676387787 3.0214016747234004e-15 0.020934910993488026
1141.4578857421875 1.0777208805084229 0.26948943734169006 3.0213370884611722e-15 0.020981668513546013
1141.4677734375 1.0163792371749878 0.2658454477787018 3.0212731374736545e-15 0.021031684575836984
1141.477783203125 0.9212095737457275 0.2565842866897583 3.0212083394531896e-15 0.021084304882265186
1141.48779296875 0.8357338905334473 0.24976219236850739 3.0211433296744878e-15 0.02113874573767722
1141.4976806640625 1.0644830465316772 0.2707936763763428 3.0210791669287333e-15 0.02119625907541767
1141.5076904296875 1.1826001405715942 0.27903133630752563 3.0210139453917947e-15 0.02125609564201222
1141.5177001953125 1.3733980655670166 0.2961297333240509 3.0209485120966193e-15 0.021317391117589433
1141.527587890625 1.0227776765823364 0.26529091596603394 3.020883925834391e-15 0.021381569295323297
1141.53759765625 0.7410988211631775 0.24187280237674713 3.020818280780979e-15 0.021447796782821008
1141.547607421875 1.0943299531936646 0.27271121740341187 3.0207526357275668e-15 0.021515138481656152
1141.5574951171875 1.0380802154541016 0.26951438188552856 3.0206878377071018e-15 0.0215851716109086
1141.5675048828125 1.176543116569519 0.2782065272331238 3.0206219808954528e-15 0.021656989210782705
1141.5775146484375 1.0659325122833252 0.27126309275627136 3.0205561240838038e-15 0.021729595290456555
1141.5875244140625 1.0446370840072632 0.2676129639148712 3.0204902672721547e-15 0.021804702622303402
1141.597412109375 1.0932869911193848 0.27280429005622864 3.020425045735216e-15 0.02188133698581353
1141.607421875 1.1294010877609253 0.27585598826408386 3.0203589771653303e-15 0.021958459332564448
1141.617431640625 0.8524006009101868 0.25067123770713806 3.0202929085954445e-15 0.02203789268832744
1141.6273193359375 1.044858455657959 0.2670852541923523 3.020227475300269e-15 0.022118613404503756
1141.6373291015625 1.2624366283416748 0.28401991724967957 3.0201614067303833e-15 0.022199537334112875
1141.6473388671875 1.1649106740951538 0.27659088373184204 3.0200951264022606e-15 0.0222825878677837
1141.6572265625 1.0051367282867432 0.2632594704627991 3.020029904865322e-15 0.022366698722876124
1141.667236328125 0.9410988092422485 0.25759899616241455 3.0199636245371994e-15 0.02245075087632697
1141.67724609375 0.9993502497673035 0.26220664381980896 3.0198973442090767e-15 0.022536750032430948
1141.6871337890625 1.028103232383728 0.2636618912220001 3.0198319109139013e-15 0.022623596117081642
1141.6971435546875 1.0225831270217896 0.26389673352241516 3.0197658423440155e-15 0.022711216225360684
1141.7071533203125 0.9879074096679688 0.25949954986572266 3.019699562015893e-15 0.02279846607660742
1141.717041015625 0.9879153966903687 0.26059862971305847 3.0196343404789543e-15 0.02288743463155679
1141.72705078125 0.7997043132781982 0.2423774003982544 3.0195680601508316e-15 0.022976983205597483
1141.737060546875 1.1131113767623901 0.27078384160995483 3.0195019915809458e-15 0.023065949128350364
1141.7469482421875 0.9873837828636169 0.2603321671485901 3.0194367700440072e-15 0.023156470433732958
1141.7569580078125 0.8934985399246216 0.2521563768386841 3.019370913232358e-15 0.0232473905205233
1141.7669677734375 0.768007755279541 0.23953405022621155 3.0193048446624723e-15 0.02333753834876548
1141.77685546875 0.9871593117713928 0.26024410128593445 3.0192398348837706e-15 0.02342908384945943
1141.786865234375 1.1750602722167969 0.2754814028739929 3.0191741898303584e-15 0.023520859947699743
1141.796875 0.924780011177063 0.25440824031829834 3.0191083330187093e-15 0.023611694967304545
1141.8067626953125 1.1742184162139893 0.2751447856426239 3.0190435349982444e-15 0.023703776735945974
1141.8167724609375 1.0490751266479492 0.2650430500507355 3.018978101703069e-15 0.023795939288106773
1141.8267822265625 0.9225912094116211 0.2539156973361969 3.0189126684078936e-15 0.02388700448858199
1141.836669921875 0.8597423434257507 0.24863867461681366 3.0188480821456655e-15 0.023979175647140707
1141.8466796875 1.078227162361145 0.26686981320381165 3.018782860608727e-15 0.02407128509468152
1141.856689453125 1.0151313543319702 0.2597719728946686 3.018717850830025e-15 0.024162164173113915
1141.8665771484375 1.0465128421783447 0.26465994119644165 3.0186536880842706e-15 0.02425401399368957
1141.8765869140625 1.045534610748291 0.2619915306568146 3.0185888900638056e-15 0.024345673400403233
1141.8865966796875 0.9207990765571594 0.25417324900627136 3.0185240920433407e-15 0.024435985206198614
1141.8966064453125 1.3584949970245361 0.2890225350856781 3.0184595057811126e-15 0.02452714012630499
1141.906494140625 0.9203759431838989 0.2538354694843292 3.0183959783100685e-15 0.02461798544389605
1141.91650390625 0.8889974355697632 0.2512296438217163 3.018331815564314e-15 0.024707380952939652
1141.926513671875 0.9513959884643555 0.2561846375465393 3.0182676528185595e-15 0.024797501074631544
1141.9364013671875 0.7954264879226685 0.24260622262954712 3.018204760622226e-15 0.024887203287101256
1141.9464111328125 1.170257568359375 0.27411893010139465 3.018141021392945e-15 0.02497536992435548
1141.9564208984375 1.044602632522583 0.2636371850967407 3.018077493921901e-15 0.025064145895727787
1141.96630859375 1.0446228981018066 0.2640606164932251 3.018015025242041e-15 0.025152406769962415
1141.976318359375 1.01337730884552 0.2621990740299225 3.0179519212874704e-15 0.025239059367952944
1141.986328125 1.2632044553756714 0.28203147649765015 3.0178890290911368e-15 0.025326212460172682
1141.9962158203125 0.6389889121055603 0.22681519389152527 3.0178269839277504e-15 0.02541276415304602
1142.0062255859375 1.3249949216842651 0.28619202971458435 3.0177647270061272e-15 0.02549764486281761
1142.0162353515625 1.2940089702606201 0.28404587507247925 3.017702470084504e-15 0.025582925786043344
1142.026123046875 0.9503374099731445 0.25654566287994385 3.017641271954065e-15 0.025667528025499937
1142.0361328125 0.9504956603050232 0.25572267174720764 3.0175794385489153e-15 0.025751425764822446
1142.046142578125 0.8252204060554504 0.24333631992340088 3.0175180286602394e-15 0.02583359068898039
1142.0560302734375 1.1365209817886353 0.27192988991737366 3.0174576775627475e-15 0.02591602619575857
1142.0660400390625 1.0742591619491577 0.26674625277519226 3.0173966911905452e-15 0.025997692972721843
1142.0760498046875 0.8565399646759033 0.24672438204288483 3.0173359165765797e-15 0.026077590343808833
1142.0859375 1.3230630159378052 0.2854776382446289 3.0172762007537983e-15 0.02615766796336268
1142.095947265625 1.042861819267273 0.26385992765426636 3.01721627317278e-15 0.02623691896103072
1142.10595703125 0.731593906879425 0.2351122945547104 3.017156345591762e-15 0.0263143719428056
1142.1158447265625 0.8242724537849426 0.24524523317813873 3.0170976885601644e-15 0.02639192396744798
1142.1258544921875 0.6687993407249451 0.23003335297107697 3.0170383962538566e-15 0.026468596063366493
1142.1358642578125 1.0441393852233887 0.26360517740249634 3.0169795274640225e-15 0.026543455556966494
1142.145751953125 0.8890747427940369 0.2505808472633362 3.0169217174653724e-15 0.026618332234961583
1142.15576171875 0.8590314388275146 0.2478542923927307 3.0168634839502486e-15 0.026692285563435975
1142.165771484375 1.0160043239593506 0.2618388235569 3.0168054621933617e-15 0.026764416880964495
1142.1756591796875 0.8944995403289795 0.25065866112709045 3.0167487109858957e-15 0.026836493302422382
1142.1856689453125 0.6735236644744873 0.23042762279510498 3.016691536261956e-15 0.026907604920544063
1142.1956787109375 0.703717052936554 0.23351038992404938 3.016634573296253e-15 0.026976891695498807
1142.20556640625 1.017997145652771 0.2611243724822998 3.016578880879971e-15 0.027046054619832463
1142.215576171875 0.6826162934303284 0.23213313519954681 3.0165227649472156e-15 0.02711422057293218
1142.2255859375 1.0599372386932373 0.26636219024658203 3.016466860772697e-15 0.0271805665268324
1142.235595703125 1.026458501815796 0.2632415294647217 3.0164115918728885e-15 0.02724672397220987
1142.2454833984375 0.9653772711753845 0.25847411155700684 3.0163571700060274e-15 0.027311854656985195
1142.2554931640625 1.2376887798309326 0.28231674432754517 3.0163027481391663e-15 0.027375180490751855
1142.2655029296875 0.8177440762519836 0.24501973390579224 3.016248538030542e-15 0.027438252718848657
1142.275390625 0.5304772257804871 0.21580596268177032 3.016195386713102e-15 0.027500279264217362
1142.285400390625 0.40993359684944153 0.20397122204303741 3.0161420236374248e-15 0.027560513799093092
1142.29541015625 0.8906496167182922 0.25584638118743896 3.0160890840782214e-15 0.027620439840280647
1142.3052978515625 0.6476191878318787 0.23245789110660553 3.016037203310202e-15 0.027679301358477515
1142.3153076171875 0.6977106332778931 0.23544323444366455 3.0159853225421827e-15 0.02773639608163783
1142.3253173828125 0.5544219017028809 0.22231228649616241 3.0159336535324002e-15 0.027793127056389436
1142.335205078125 0.3851741850376129 0.20105202496051788 3.0158830433138018e-15 0.02784877972608099
1142.34521484375 0.8029535412788391 0.2501373291015625 3.0158324330952033e-15 0.027902692604857553
1142.355224609375 0.6592085957527161 0.23418480157852173 3.0157822463930785e-15 0.027956193624488642
1142.3651123046875 0.9091391563415527 0.25713345408439636 3.0157331184821378e-15 0.028008604309417255
1142.3751220703125 0.6064726114273071 0.22965528070926666 3.0156837788129602e-15 0.02805992802416064
1142.3851318359375 0.6462655663490295 0.2318739891052246 3.015635074418493e-15 0.028109552744497647
1142.39501953125 0.458476185798645 0.2114771455526352 3.01558742881521e-15 0.028158705287177857
1142.405029296875 0.9044373035430908 0.25640591979026794 3.01553957145369e-15 0.028206762963186024
1142.4150390625 0.9429698586463928 0.263095498085022 3.0154923493668807e-15 0.028253160701228075
1142.4249267578125 0.9647899270057678 0.2633698582649231 3.0154459743130186e-15 0.028299042757372432
1142.4349365234375 1.0333945751190186 0.2692122161388397 3.0153998110173932e-15 0.028343829931334868
1142.4449462890625 0.7707018256187439 0.2431814819574356 3.0153540712382415e-15 0.028386996852322786
1142.454833984375 0.8230292201042175 0.2499682754278183 3.015309390250274e-15 0.028429608249914532
1142.46484375 0.7616004347801208 0.240152969956398 3.015264921020543e-15 0.028471130425236555
1142.474853515625 0.8671877384185791 0.2526451051235199 3.015220663549049e-15 0.028511074829853385
1142.4847412109375 0.7088350653648376 0.23686814308166504 3.0151776766269758e-15 0.02855042951344489
1142.4947509765625 0.8637389540672302 0.2516835927963257 3.0151346897049026e-15 0.028588698382045582
1142.5047607421875 0.9494733214378357 0.2585534155368805 3.01509233805754e-15 0.0286254348992192
1142.5146484375 0.9638368487358093 0.26009973883628845 3.0150510452013612e-15 0.028661550887133
1142.524658203125 0.9477466940879822 0.2567669749259949 3.0150097523451826e-15 0.028696590248163692
1142.53466796875 1.0372602939605713 0.26404261589050293 3.0149690947637144e-15 0.028730147441681772
1142.5445556640625 1.3023508787155151 0.28625595569610596 3.014929707731667e-15 0.0287630540983603
1142.5545654296875 0.9804373979568481 0.2607682943344116 3.014890108941383e-15 0.02879489496696734
1142.5645751953125 0.7067337036132812 0.2334146797657013 3.014851357184046e-15 0.02882530533784763
1142.5745849609375 0.6911234855651855 0.23134265840053558 3.0148130289431828e-15 0.028855038689754597
1142.58447265625 1.2459114789962769 0.2806180417537689 3.0147759712517404e-15 0.02888372123440257
1142.594482421875 1.121286153793335 0.27094581723213196 3.014739125318535e-15 0.028911022967405723
1142.6044921875 0.958367645740509 0.2569395899772644 3.014702702901803e-15 0.028937628323691927
1142.6143798828125 1.0822324752807617 0.2665265202522278 3.014667551034492e-15 0.02896319370640142
1142.6243896484375 0.6668540239334106 0.22761641442775726 3.014632399167181e-15 0.02898743842263103
1142.6343994140625 0.9161275625228882 0.2522573173046112 3.014598094332817e-15 0.029010964441585088
1142.644287109375 1.0389611721038818 0.26201698184013367 3.0145648482896373e-15 0.02903347162366219
1142.654296875 0.8521736860275269 0.24632087349891663 3.0145318140046944e-15 0.029054711584132004
1142.664306640625 1.2543550729751587 0.2783648371696472 3.014499414994462e-15 0.029075213817122893
1142.6741943359375 0.8814231157302856 0.24857117235660553 3.0144680747754135e-15 0.02909472010010967
1142.6842041015625 0.8810915350914001 0.24806173145771027 3.0144371580728387e-15 0.029113014599447613
1142.6942138671875 0.6336514949798584 0.22435998916625977 3.0144068766449744e-15 0.029130561743730136
1142.7041015625 1.1926300525665283 0.2748640477657318 3.014377865766531e-15 0.029147131221930425
1142.714111328125 0.7885546684265137 0.24003052711486816 3.0143488548880874e-15 0.029162734693056396
1142.72412109375 1.0358461141586304 0.2603227198123932 3.014320902800828e-15 0.029177206563694345
1142.7340087890625 0.8204569816589355 0.2428356409072876 3.014293797746516e-15 0.029190910197482944
1142.7440185546875 0.8820400834083557 0.24925994873046875 3.0142671162086774e-15 0.02920367328488352
1142.7540283203125 0.8191815614700317 0.24234037101268768 3.014241281703786e-15 0.02921536458840434
1142.763916015625 1.0064698457717896 0.25894394516944885 3.014216294231842e-15 0.02922628215762504
1142.77392578125 1.130935788154602 0.26861777901649475 3.0141919420346086e-15 0.02923628323521042
1142.783935546875 0.9121018648147583 0.2516050636768341 3.0141682251120855e-15 0.0292452707288681
1142.7938232421875 1.2207860946655273 0.27519354224205017 3.0141457787389832e-15 0.02925348105742124
1142.8038330078125 0.9419131278991699 0.25359082221984863 3.0141235441241178e-15 0.02926080092160326
1142.8138427734375 1.2518469095230103 0.27823448181152344 3.0141023683004364e-15 0.029267170805770376
1142.82373046875 1.1905995607376099 0.27447763085365295 3.0140820395097023e-15 0.029272757675765773
1142.833740234375 0.8187587857246399 0.2432766705751419 3.0140623459936787e-15 0.02927748650698005
1142.84375 1.0045894384384155 0.259772926568985 3.0140434995106023e-15 0.02928132691179201
1142.8536376953125 0.9415165781974792 0.2537735104560852 3.014025500060473e-15 0.029284380680651444
1142.8636474609375 1.2214303016662598 0.27679118514060974 3.0140081358850544e-15 0.029286607458303377
1142.8736572265625 0.7567958235740662 0.23540334403514862 3.0139918305008197e-15 0.029288005260316812
1142.883544921875 0.7266732454299927 0.23446153104305267 3.0139763721495324e-15 0.029288620131976775
1142.8935546875 1.2811720371246338 0.2808065712451935 3.0139615490729554e-15 0.029288440398222693
1142.903564453125 1.3114780187606812 0.28309863805770874 3.0139475730293257e-15 0.029287493645392466
1142.91357421875 1.09719979763031 0.26591330766677856 3.0139344440186433e-15 0.029285764891450114
1142.9234619140625 1.0361336469650269 0.26074329018592834 3.013922373799145e-15 0.029283277487831036
1142.9334716796875 0.6329679489135742 0.22535032033920288 3.0139111506125938e-15 0.02928008247169441
1142.9434814453125 0.880727231502533 0.24752908945083618 3.013900562700753e-15 0.02927611363814148
1142.953369140625 0.7269436120986938 0.2341679036617279 3.0138910335800965e-15 0.029271418065665387
1142.96337890625 0.7569969296455383 0.23644500970840454 3.013882351492387e-15 0.029266076614864283
1142.973388671875 0.8812920451164246 0.2485283464193344 3.013874516437625e-15 0.029259969090648024
1142.9832763671875 0.606465220451355 0.2216430902481079 3.013867740174047e-15 0.029253170255056846
1142.9932861328125 1.0696139335632324 0.26367616653442383 3.0138615991851794e-15 0.029245786922892394
1143.0032958984375 0.7611783742904663 0.2371879518032074 3.013856516987496e-15 0.029237647321704353
1143.01318359375 0.4831995666027069 0.20891302824020386 3.0138524935809964e-15 0.029228852551467562
1143.023193359375 0.7623541951179504 0.23631389439105988 3.0138491054492074e-15 0.02921953182456114
1143.033203125 0.699907124042511 0.23188446462154388 3.0138469878668393e-15 0.02920946897592151
1143.0430908203125 0.6712523102760315 0.22796784341335297 3.0138455055591816e-15 0.029198785431524727
1143.0531005859375 0.9528558850288391 0.2552308738231659 3.013845082042708e-15 0.029187495398283178
1143.0631103515625 0.9226483702659607 0.2533484995365143 3.0138457173174184e-15 0.02917575891278382
1143.072998046875 0.5799878835678101 0.22040769457817078 3.013847199625076e-15 0.029163300670072157
1143.0830078125 0.6093422770500183 0.2225552648305893 3.013849528965681e-15 0.029150271252183883
1143.093017578125 0.4577605724334717 0.2056903839111328 3.01385291709747e-15 0.029136854905402992
1143.1029052734375 0.5469871759414673 0.21594545245170593 3.013857364020443e-15 0.02912273285345973
1143.1129150390625 0.48737919330596924 0.21001766622066498 3.0138628697346003e-15 0.029108077600538018
1143.1229248046875 0.6450151205062866 0.2261878252029419 3.0138692224817047e-15 0.02909309177304632
1143.1328125 0.5470752716064453 0.21622397005558014 3.013876634019993e-15 0.029077418301444096
1143.142822265625 0.5435478687286377 0.2142016589641571 3.013884892591229e-15 0.029061252554212942
1143.15283203125 0.39116403460502625 0.19810813665390015 3.0138944217118855e-15 0.02904481142343803
1143.1627197265625 0.41986769437789917 0.20087440311908722 3.0139047978654894e-15 0.02902770439809502
1143.1727294921875 0.4204254150390625 0.2015501856803894 3.0139162328102773e-15 0.02901014212531673
1143.1827392578125 0.4194613993167877 0.20151059329509735 3.013928938304486e-15 0.028992360489777654
1143.192626953125 0.57236647605896 0.21800141036510468 3.0139422790734054e-15 0.02897393447364138
1143.20263671875 0.2018578052520752 0.17173098027706146 3.0139568903917455e-15 0.02895509471927366
1143.212646484375 0.23378024995326996 0.17684881389141083 3.0139725605012697e-15 0.028936086037065174
1143.2225341796875 0.26422247290611267 0.18120157718658447 3.013989077643741e-15 0.028916458052320196
1143.2325439453125 0.35631608963012695 0.1932510882616043 3.0140070770938703e-15 0.028896452809847827
1143.2425537109375 0.3873906433582306 0.19739927351474762 3.0140259235769467e-15 0.028876335954931533
1143.2525634765625 0.2938247621059418 0.18437261879444122 3.014046040609444e-15 0.028855620748624383
1143.262451171875 0.5094653964042664 0.21099215745925903 3.0140667929166517e-15 0.028834570504889117
1143.2724609375 0.53996342420578 0.21348005533218384 3.014089027531517e-15 0.028813458811532227
1143.282470703125 0.6316667199134827 0.22430233657360077 3.0141123209375667e-15 0.028791776511160834
1143.2923583984375 0.4466747045516968 0.20429472625255585 3.0141364613765634e-15 0.028769795928670353
1143.3023681640625 0.724852442741394 0.23312519490718842 3.014162084123218e-15 0.028747802603006956
1143.3123779296875 0.8473353385925293 0.24470588564872742 3.0141887656610564e-15 0.02872526806816396
1143.322265625 0.3859848082065582 0.19675658643245697 3.014216294231842e-15 0.0287024742182848
1143.332275390625 0.5694402456283569 0.21679003536701202 3.0142450933520488e-15 0.028679717264790242
1143.34228515625 0.508724570274353 0.21098926663398743 3.014275374779913e-15 0.02865644432862973
1143.3521728515625 1.1875147819519043 0.27324771881103516 3.014306291482488e-15 0.028632953004091626
1143.3621826171875 0.4460989832878113 0.20284458994865417 3.0143386904927204e-15 0.028609545047938605
1143.3721923828125 0.477552592754364 0.20622892677783966 3.014372148294137e-15 0.02858565158306032
1143.382080078125 0.8784674406051636 0.24772410094738007 3.0144066648867375e-15 0.028561578629734283
1143.39208984375 0.6613736748695374 0.22678640484809875 3.014442663786996e-15 0.028537332748756552
1143.402099609375 1.0306295156478882 0.2606598734855652 3.0144797214784382e-15 0.02851322832283937
1143.4119873046875 1.216691255569458 0.2748696804046631 3.014517626202828e-15 0.0284886854066419
1143.4219970703125 0.8458408713340759 0.24380266666412354 3.014557224993112e-15 0.02846400947441413
1143.4320068359375 0.8191921710968018 0.24002273380756378 3.01459788257458e-15 0.028439517039584764
1143.44189453125 0.9998031854629517 0.25779014825820923 3.0146393871889957e-15 0.028414613213886344
1143.451904296875 1.0318541526794434 0.2602536678314209 3.0146825858693056e-15 0.028389616512192514
1143.4619140625 0.816166877746582 0.24197839200496674 3.0147270550990365e-15 0.02836484092116842
1143.4718017578125 0.660716712474823 0.22630709409713745 3.0147721596034778e-15 0.028339689701944688
1143.4818115234375 1.0003714561462402 0.2580448091030121 3.0148191699320504e-15 0.028314482949404026
1143.4918212890625 0.6310793161392212 0.22383016347885132 3.014867239051807e-15 0.028289534125316488
1143.501708984375 0.9073649048805237 0.24907249212265015 3.014916155204511e-15 0.02826424441369875
1143.51171875 0.6624013185501099 0.22664527595043182 3.0149669771813463e-15 0.02823892915715567
1143.521728515625 0.9077444076538086 0.24993404746055603 3.0150188579493656e-15 0.028213913322329504
1143.5316162109375 0.9976654052734375 0.2572445869445801 3.015071585750332e-15 0.02818858814969515
1143.5416259765625 0.6621496677398682 0.22604595124721527 3.0151260076171933e-15 0.028163274854011516
1143.5516357421875 0.6315250396728516 0.22342345118522644 3.015181911791712e-15 0.02813829275172101
1143.5615234375 0.8142009973526001 0.24167358875274658 3.0152384512409413e-15 0.02811303326445376
1143.571533203125 0.7535969018936157 0.23501567542552948 3.015296896514302e-15 0.028087822293872793
1143.58154296875 0.8767581582069397 0.24646463990211487 3.0153566123370832e-15 0.028062970764901697
1143.591552734375 0.7845486998558044 0.23816551268100739 3.0154178104675224e-15 0.028037882101293286
1143.6014404296875 0.7505386471748352 0.2349460870027542 3.015479432114435e-15 0.028012870105629976
1143.6114501953125 1.0596294403076172 0.2626170217990875 3.015543171343716e-15 0.027988249283399904
1143.6214599609375 1.0567348003387451 0.2620612680912018 3.0156081811224178e-15 0.027963424207238238
1143.63134765625 0.8441019058227539 0.24419039487838745 3.01567382617583e-15 0.02793870670882376
1143.641357421875 0.8729785680770874 0.24649982154369354 3.015741800569847e-15 0.027914408161518002
1143.6513671875 0.7500314116477966 0.23410020768642426 3.0158108337550484e-15 0.027889939141844983
1143.6612548828125 0.5043841004371643 0.2093195617198944 3.01588050221496e-15 0.027865611128532225
1143.6712646484375 0.7788466811180115 0.23700393736362457 3.0159525000154766e-15 0.027841724575980435
1143.6812744140625 0.7521553039550781 0.23433150351047516 3.016025768365414e-15 0.027817699680101754
1143.691162109375 0.7795687913894653 0.2358696460723877 3.016099671990062e-15 0.027793847606298216
1143.701171875 0.8419867753982544 0.24276290833950043 3.016175693197078e-15 0.027770456535222327
1143.711181640625 0.8108353614807129 0.2399579882621765 3.016253196711752e-15 0.027746966323925655
1143.7210693359375 0.780645489692688 0.2377428561449051 3.0163311237428993e-15 0.02772366886098696
1143.7310791015625 0.6255542039871216 0.22147831320762634 3.0164115918728885e-15 0.02770057741171048
1143.7410888671875 0.9634220600128174 0.2533760070800781 3.0164933305522985e-15 0.027677978772907955
1143.7509765625 0.9952318072319031 0.2563781142234802 3.016575492748182e-15 0.02765532134025114
1143.760986328125 0.7170962691307068 0.23141415417194366 3.0166601960429076e-15 0.027632892950460168
1143.77099609375 0.7778603434562683 0.23607458174228668 3.016746169887054e-15 0.0276109721297833
1143.7808837890625 0.7482106685638428 0.23394928872585297 3.0168327790059107e-15 0.027589027231234117
1143.7908935546875 0.9313634037971497 0.25073930621147156 3.0169217174653724e-15 0.02756733590769893
1143.8009033203125 1.0557961463928223 0.2613304555416107 3.0170121382324918e-15 0.027546166444455487
1143.810791015625 1.054255723953247 0.2597072422504425 3.0171029825160848e-15 0.02752500496640329
1143.82080078125 0.869096577167511 0.2452542632818222 3.0171963678985196e-15 0.02750411942340303
1143.830810546875 0.7995111346244812 0.24084682762622833 3.017291235588612e-15 0.027483765736691118
1143.8406982421875 0.9027185440063477 0.25028929114341736 3.017386526795178e-15 0.027463450610159573
1143.8507080078125 0.931472897529602 0.25327181816101074 3.017484359100586e-15 0.027443432135459363
1143.8607177734375 0.8144640922546387 0.24320897459983826 3.0175838854718884e-15 0.027423955552935916
1143.87060546875 0.9462175965309143 0.2577930986881256 3.0176834118431908e-15 0.027404547247034557
1143.880615234375 1.1192675828933716 0.2749743163585663 3.0177859028298086e-15 0.02738545461583691
1143.890625 1.1190797090530396 0.275091290473938 3.017889876124084e-15 0.027366911410830606
1143.9005126953125 1.0444334745407104 0.26780346035957336 3.0179940611765963e-15 0.02734846486803783
1143.9105224609375 0.7547334432601929 0.24129024147987366 3.018101210844424e-15 0.02733035130777184
1143.9205322265625 0.9777513146400452 0.2655680179595947 3.0182098428199093e-15 0.027312789754139685
1143.9305419921875 1.0295342206954956 0.26998355984687805 3.0183199571030524e-15 0.027295354582539268
1143.9404296875 0.9710547924041748 0.26354745030403137 3.0184302831444323e-15 0.027278265305187975
1143.950439453125 1.198987364768982 0.2849244475364685 3.0185435738011275e-15 0.02726173314680966
1143.96044921875 1.4669820070266724 0.3038858473300934 3.0186585585237173e-15 0.027245350851133953
1143.9703369140625 1.3461759090423584 0.29606321454048157 3.018773543246307e-15 0.027229327909564175
1143.9803466796875 1.4579449892044067 0.306820273399353 3.018891704342449e-15 0.027213860213203652
1143.9903564453125 0.8739470839500427 0.25133073329925537 3.0190113477462487e-15 0.027198569002356954
1144.000244140625 0.9171643257141113 0.25993332266807556 3.0191309911500484e-15 0.027183650918414796
1144.01025390625 1.2516173124313354 0.2888455390930176 3.019254022685637e-15 0.0271692839032911
1144.020263671875 1.3456157445907593 0.29266226291656494 3.0193785365288835e-15 0.027155113925375812
1144.0301513671875 0.9525356888771057 0.2635005712509155 3.01950305037213e-15 0.027141328660574757
1144.0401611328125 0.6154937148094177 0.2292270064353943 3.0196307405889284e-15 0.027128088389520195
1144.0501708984375 0.8746830224990845 0.2556438446044922 3.0197601248716215e-15 0.027115068249771834
1144.06005859375 1.1595972776412964 0.27920642495155334 3.0198895091543146e-15 0.02710243841543246
1144.070068359375 0.991264820098877 0.2675868570804596 3.0200222815687967e-15 0.02709019999586277
1144.080078125 0.8323302865028381 0.2500191330909729 3.0201565362909365e-15 0.02707849539562583
1144.0899658203125 0.8695096373558044 0.25701552629470825 3.020291002771313e-15 0.027067039392543873
1144.0999755859375 1.045947551727295 0.27083563804626465 3.020428645625242e-15 0.027055981809145487
1144.1099853515625 0.9012024402618408 0.25984716415405273 3.0205679825450653e-15 0.02704544715904543
1144.119873046875 1.1592552661895752 0.2835524082183838 3.0207073194648887e-15 0.027035177805406582
1144.1298828125 1.3871450424194336 0.29867181181907654 3.020850044516501e-15 0.027025305564812255
1144.139892578125 0.6036084294319153 0.2236757129430771 3.0209946753922447e-15 0.027015949590071055
1144.1497802734375 0.8540235757827759 0.25414764881134033 3.0211388827515147e-15 0.027006871399288115
1144.1597900390625 1.2158008813858032 0.28699907660484314 3.0212869017590474e-15 0.02699819608112839
1144.1697998046875 1.14177405834198 0.2781614065170288 3.0214364030742378e-15 0.0269900168393875
1144.1796875 0.9393959045410156 0.2607272267341614 3.021585904389428e-15 0.02698213355565859
1144.189697265625 0.9825433492660522 0.2629567086696625 3.0217390055946444e-15 0.026974649491425633
1144.19970703125 0.9776889681816101 0.2651959955692291 3.021893800865755e-15 0.026967645116038157
1144.2095947265625 0.6934875249862671 0.2362900674343109 3.022048384378629e-15 0.026960949529506888
1144.2196044921875 1.041722297668457 0.26723712682724 3.0222067795397656e-15 0.02695465007633832
1144.2296142578125 0.7851994037628174 0.24478097259998322 3.0223668687667966e-15 0.026948814366547773
1144.239501953125 1.3630702495574951 0.2954457104206085 3.022526746235591e-15 0.026943297654391768
1144.24951171875 1.084626317024231 0.27304914593696594 3.0226904353526478e-15 0.02693816875362181
1144.259521484375 0.8094466328620911 0.24901215732097626 3.022855818535599e-15 0.0269334852220969
1144.26953125 0.9121755361557007 0.25826287269592285 3.023022895784445e-15 0.026929125904536565
1144.2794189453125 0.906372606754303 0.24976171553134918 3.023189973033291e-15 0.0269251520924338
1144.2894287109375 1.289311170578003 0.28808942437171936 3.0233608619303996e-15 0.0269216017464102
1144.2994384765625 0.6905216574668884 0.23489132523536682 3.0235334448934026e-15 0.02691838249351091
1144.309326171875 1.1526951789855957 0.2761078476905823 3.023705816098169e-15 0.026915539881894976
1144.3193359375 0.8568487167358398 0.2450767606496811 3.0238819989511978e-15 0.02691309603103199
1144.329345703125 1.0897020101547241 0.2666402757167816 3.024060087628358e-15 0.026910988326970607
1144.3392333984375 0.9344597458839417 0.24944983422756195 3.0242377527890446e-15 0.02690924471105466
1144.3492431640625 0.7794855833053589 0.2363954335451126 3.0244196531144674e-15 0.026907878119536006
1144.3592529296875 0.8375733494758606 0.2415836602449417 3.024603247505785e-15 0.02690684942123317
1144.369140625 0.7748613357543945 0.2356339544057846 3.0247866301388654e-15 0.0269061736646944
1144.379150390625 0.6560474038124084 0.22261345386505127 3.0249738244202086e-15 0.026905849266288657
1144.38916015625 0.6843547821044922 0.22628629207611084 3.02516313628392e-15 0.026905861710071505
1144.3990478515625 0.8953482508659363 0.2457806020975113 3.0253520246311576e-15 0.026906216328853285
1144.4090576171875 0.7469651699066162 0.23226329684257507 3.0255449363848948e-15 0.0269069022125587
1144.4190673828125 0.9277421236038208 0.24822092056274414 3.025739965721e-15 0.02690790733050129
1144.428955078125 0.7749504446983337 0.23553378880023956 3.025934359782395e-15 0.026909244560764017
1144.43896484375 0.4688224792480469 0.20348580181598663 3.026132989008526e-15 0.02691090170203077
1144.448974609375 0.8664258122444153 0.2436617761850357 3.0263337358170253e-15 0.026912848780377804
1144.4588623046875 0.6532295346260071 0.2237788438796997 3.026533847350814e-15 0.02691512288020818
1144.4688720703125 0.8062120079994202 0.23832713067531586 3.0267381940493393e-15 0.026917701976594415
1144.4788818359375 0.7456655502319336 0.23134161531925201 3.0269446583302325e-15 0.02692053878868612
1144.48876953125 0.9861975908279419 0.2532460391521454 3.0271504873364153e-15 0.02692369991952215
1144.498779296875 0.7750171422958374 0.2348717451095581 3.027360763265571e-15 0.026927146828158666
1144.5087890625 0.8950821757316589 0.24568067491054535 3.027573156777095e-15 0.026930820875447747
1144.5186767578125 0.8343597054481506 0.240857794880867 3.027784703255672e-15 0.026934812627674012
1144.5286865234375 0.5937796235084534 0.21701228618621826 3.0280009084154586e-15 0.02693906862529504
1144.5386962890625 0.9278161525726318 0.24849089980125427 3.0282192311576134e-15 0.02694352379435902
1144.548583984375 0.6523267030715942 0.22353988885879517 3.028436706866821e-15 0.02694828546915493
1144.55859375 0.7424532175064087 0.23062986135482788 3.0286588412572384e-15 0.026953289135457973
1144.568603515625 1.0767308473587036 0.2613578140735626 3.028882881471787e-15 0.026958466393077505
1144.5784912109375 1.0162709951400757 0.25439250469207764 3.0291062864116255e-15 0.02696393478135554
1144.5885009765625 0.9883464574813843 0.25344589352607727 3.0293345617909105e-15 0.026969624882598908
1144.5985107421875 0.9271175861358643 0.24887409806251526 3.029564742994327e-15 0.02697545539389524
1144.6085205078125 1.07729971408844 0.2614298462867737 3.0297970417801114e-15 0.026981567189067027
1144.618408203125 0.834136426448822 0.23752489686012268 3.0300284935329486e-15 0.026987874196744577
1144.62841796875 0.8039476871490479 0.23784153163433075 3.0302648157252325e-15 0.0269942948911139
1144.638427734375 0.9520179033279419 0.2498948723077774 3.030503043741648e-15 0.027000976086312557
1144.6483154296875 0.6815007925033569 0.22547441720962524 3.0307406364833527e-15 0.027007832361639724
1144.6583251953125 0.6524625420570374 0.22317595779895782 3.030983099664504e-15 0.027014771384632538
1144.6683349609375 0.5924603939056396 0.21751616895198822 3.031227468669787e-15 0.02702195262690498
1144.67822265625 0.8052023649215698 0.23776347935199738 3.0314712024003595e-15 0.027029286013189577
1144.688232421875 0.5009655952453613 0.20645399391651154 3.0317198065703786e-15 0.0270366721650494
1144.6982421875 0.5301413536071777 0.21002651751041412 3.0319707400810027e-15 0.02704428003231447
1144.7081298828125 0.4713381826877594 0.20347484946250916 3.032220403042206e-15 0.027052015939943698
1144.7181396484375 0.6832257509231567 0.22649085521697998 3.0324753599593295e-15 0.02705986606500059
1144.7281494140625 0.532448947429657 0.20975248515605927 3.032732434458821e-15 0.027067729540476804
1144.738037109375 0.44117647409439087 0.19992370903491974 3.0329884501671288e-15 0.027075789162248783
1144.748046875 0.3491189181804657 0.1890629678964615 3.0332499715895935e-15 0.02708393970071203
1144.758056640625 0.4089372754096985 0.19554820656776428 3.0335133988361896e-15 0.027092072271399068
1144.7679443359375 0.3522232174873352 0.18737082183361053 3.0337757672916016e-15 0.027100376643582457
1144.7779541015625 0.7133602499961853 0.22888076305389404 3.034043429702934e-15 0.027108747446689015
1144.7879638671875 0.4704180359840393 0.20322665572166443 3.0343132096966345e-15 0.02711706962436874
1144.7978515625 0.6519054770469666 0.22127798199653625 3.0345821426573877e-15 0.027125540714650717
1144.807861328125 0.31867358088493347 0.18427562713623047 3.0348561578158245e-15 0.02713404868262406
1144.81787109375 0.5016863346099854 0.20626811683177948 3.035132714073103e-15 0.027142483607154908
1144.8277587890625 0.47050127387046814 0.20305360853672028 3.035407788022724e-15 0.027151037970961564
1144.8377685546875 0.22755204141139984 0.17184780538082123 3.0356885794447386e-15 0.027159604042278497
1144.8477783203125 0.16654850542545319 0.16249136626720428 3.0359714884491216e-15 0.027168067589699602
1144.857666015625 0.4098926782608032 0.1953357607126236 3.0362531269040836e-15 0.027176624462630944
1144.86767578125 0.19570975005626678 0.16558542847633362 3.0365404828314397e-15 0.0271851664341978
1144.877685546875 0.34671658277511597 0.18741987645626068 3.036829956341164e-15 0.02719357446397934
1144.8875732421875 0.16704793274402618 0.16296924650669098 3.037118159301467e-15 0.0272020526216078
1144.8975830078125 0.10674694925546646 0.15326282382011414 3.037412291492401e-15 0.027210483262165217
1144.9075927734375 0.10596080124378204 0.15277813374996185 3.0377085412657033e-15 0.027218758057843823
1144.91748046875 0.1661376953125 0.16266949474811554 3.038003308731348e-15 0.027227069371020977
1144.927490234375 0.22660155594348907 0.17169758677482605 3.038304005427623e-15 0.02723530727625134
1144.9375 0.31764087080955505 0.18391813337802887 3.0386070314645033e-15 0.02724336351638002
1144.947509765625 0.13513360917568207 0.15760239958763123 3.0389121750837517e-15 0.027251424695857566
1144.9573974609375 0.2572319209575653 0.17620429396629333 3.039216048153579e-15 0.02725938546964298
1144.9674072265625 0.1358313262462616 0.15755875408649445 3.0395256386958006e-15 0.027267137662945317
1144.9774169921875 0.04564742371439934 0.1428879201412201 3.039837770336864e-15 0.02727486679900331
1144.9873046875 0.10472289472818375 0.15278463065624237 3.0401484196702694e-15 0.02728246377688255
1144.997314453125 0.19584812223911285 0.1666383594274521 3.0404649982343056e-15 0.027289832705202723
1145.00732421875 0.19650796055793762 0.16706432402133942 3.040783906138947e-15 0.02729714311336072
1145.0172119140625 0.16488927602767944 0.16159915924072266 3.0411013317359304e-15 0.027304292601911043
1145.0272216796875 0.3181867301464081 0.18391652405261993 3.0414248983217816e-15 0.027311190481027398
1145.0372314453125 0.286762535572052 0.17956900596618652 3.0417507942482377e-15 0.027317997262191588
1145.047119140625 0.25495192408561707 0.1744498759508133 3.0420749961087993e-15 0.027324617209676577
1145.05712890625 0.25666704773902893 0.17524106800556183 3.0424055507164652e-15 0.027331038151223154
1145.067138671875 0.31619253754615784 0.18303294479846954 3.042738434664736e-15 0.027337180945444302
1145.0770263671875 0.4656919538974762 0.2015760838985443 3.0430696245471126e-15 0.027343185087812458
1145.0870361328125 0.37591448426246643 0.18975217640399933 3.0434071671765935e-15 0.027348965413297063
1145.0970458984375 0.3764660954475403 0.19110052287578583 3.043747250904916e-15 0.02735444461528981
1145.10693359375 0.5863950848579407 0.21311110258102417 3.0440854288091073e-15 0.02735975042044307
1145.116943359375 0.9156467914581299 0.24489536881446838 3.04443017121864e-15 0.027364802481852007
1145.126953125 0.6461684703826904 0.2201189249753952 3.0447772429687773e-15 0.027369535963104874
1145.1368408203125 0.8281701803207397 0.2377217561006546 3.0451224088947834e-15 0.027374058881152023
1145.1468505859375 0.7356586456298828 0.22930054366588593 3.0454743510843676e-15 0.027378301265181034
1145.1568603515625 0.46658551692962646 0.20196613669395447 3.0458286226145567e-15 0.02738220876672959
1145.166748046875 0.647758960723877 0.22056707739830017 3.0461809883206145e-15 0.0273858699505549
1145.1767578125 0.7389224171638489 0.2288007140159607 3.0465401302902503e-15 0.027389220920059833
1145.186767578125 0.9478309154510498 0.24823346734046936 3.046901813358728e-15 0.027392220918386508
1145.1966552734375 0.5547685027122498 0.2112804353237152 3.0472613788448373e-15 0.02739493724739342
1145.2066650390625 0.9137480854988098 0.2453830987215042 3.047627720594525e-15 0.027397315834285146
1145.2166748046875 0.6167059540748596 0.2170843482017517 3.047996603443054e-15 0.027399331164323727
1145.2265625 0.6456607580184937 0.2196810096502304 3.048363580467452e-15 0.02740101987324476
1145.236572265625 0.7637696862220764 0.23009444773197174 3.048737333755428e-15 0.027402347370973714
1145.24658203125 0.9751458764076233 0.250342458486557 3.0491136281422457e-15 0.02740329747052488
1145.2564697265625 0.6746790409088135 0.22328507900238037 3.0494875931884585e-15 0.02740388277505972
1145.2664794921875 0.7672280669212341 0.23133938014507294 3.0498689697729597e-15 0.027404080903024305
1145.2764892578125 0.8847172856330872 0.24179038405418396 3.050252675698066e-15 0.02740388975101176
1145.2864990234375 0.9149152636528015 0.245170459151268 3.050638922722014e-15 0.02740329535447057
1145.29638671875 0.7953776121139526 0.23466715216636658 3.051022840405357e-15 0.027402286164451128
1145.306396484375 0.7938101887702942 0.23432296514511108 3.0514141696269884e-15 0.027400877301254765
1145.31640625 0.7046571969985962 0.2254573255777359 3.0518078281892248e-15 0.02739902129472093
1145.3262939453125 0.8527043461799622 0.2395281195640564 3.052199369169093e-15 0.027396732445582935
1145.3363037109375 0.8235500454902649 0.23664316534996033 3.052598109929013e-15 0.027394031644694845
1145.3463134765625 0.6735764741897583 0.22231905162334442 3.0529993917877748e-15 0.02739084690328462
1145.356201171875 0.6708847284317017 0.2217700481414795 3.0533983443059316e-15 0.027387197855260278
1145.3662109375 0.31497517228126526 0.18218806385993958 3.0538049201206136e-15 0.02738313214848122
1145.376220703125 0.7034822106361389 0.22528378665447235 3.0542138252759006e-15 0.02737854265915614
1145.3861083984375 0.6431092023849487 0.21905861794948578 3.0546204010905827e-15 0.02737346176674223
1145.3961181640625 0.6416760087013245 0.21879182755947113 3.0550343884435532e-15 0.02736789026682975
1145.4061279296875 0.46169862151145935 0.19866061210632324 3.0554511286536024e-15 0.027361892411077386
1145.416015625 0.4932654798030853 0.2029118835926056 3.0558653277648097e-15 0.027355316860693903
1145.426025390625 0.6998857259750366 0.22497066855430603 3.0562871501725423e-15 0.027348221369201415
1145.43603515625 0.609781801700592 0.21556566655635834 3.0567117254373536e-15 0.027340697684316986
1145.4459228515625 0.9106913208961487 0.24379557371139526 3.0571335478450862e-15 0.02733255128923599
1145.4559326171875 0.6702883839607239 0.2218506634235382 3.057563205307581e-15 0.027323864436870314
1145.4659423828125 0.7002438902854919 0.22468584775924683 3.0579956156271543e-15 0.02731474658447697
1145.475830078125 0.49001598358154297 0.20211265981197357 3.058425273089649e-15 0.027304963614585464
1145.48583984375 0.669884443283081 0.2217882126569748 3.058862765606906e-15 0.0272946191026379
1145.495849609375 0.6697669625282288 0.22217632830142975 3.0593030109812413e-15 0.027283840096416108
1145.5057373046875 0.9956507086753845 0.2507491409778595 3.059740503498498e-15 0.027272355923891493
1145.5157470703125 0.6982834935188293 0.22386673092842102 3.060186042828754e-15 0.027260291642939985
1145.5257568359375 0.6684526801109314 0.2213517278432846 3.0606343350160882e-15 0.027247790559414422
1145.53564453125 0.8165073990821838 0.2342456579208374 3.061079662588107e-15 0.027234543316709034
1145.545654296875 0.5797501802444458 0.21276652812957764 3.061533036973125e-15 0.027220691587557036
1145.5556640625 0.6352986693382263 0.21627631783485413 3.0619893759734583e-15 0.027206407586411463
1145.5655517578125 0.7275086045265198 0.22699353098869324 3.062442750358476e-15 0.027191335350748302
1145.5755615234375 0.8139405250549316 0.23386575281620026 3.062904171556493e-15 0.027175639186750547
1145.5855712890625 0.7599344253540039 0.22939352691173553 3.063368557369825e-15 0.027159516004308003
1145.595458984375 0.668593168258667 0.22126369178295135 3.063829766809605e-15 0.0271425589128861
1145.60546875 0.8136166334152222 0.2337929606437683 3.0642996583370944e-15 0.02712496086399469
1145.615478515625 0.9055272340774536 0.2425432801246643 3.0647720909634255e-15 0.027106937387432656
1145.62548828125 0.6371143460273743 0.21607434749603271 3.065247276446835e-15 0.02708804156198988
1145.6353759765625 1.1114140748977661 0.2595246136188507 3.0657192855566926e-15 0.027068484727301872
1145.6453857421875 0.7552726864814758 0.2289409637451172 3.0661999767542594e-15 0.02704851138393932
1145.6553955078125 0.8464865684509277 0.2378651350736618 3.066683420808905e-15 0.02702762168485529
1145.665283203125 0.8165926933288574 0.23487509787082672 3.067163688489998e-15 0.027006053832806465
1145.67529296875 0.9608258605003357 0.24656972289085388 3.0676526382588006e-15 0.026984079966690635
1145.685302734375 0.8448439240455627 0.23747137188911438 3.0681443408846817e-15 0.026961145872052988
1145.6951904296875 1.1119171380996704 0.2595440149307251 3.0686326553787738e-15 0.026937517141394217
1145.7052001953125 0.814920961856842 0.23196738958358765 3.069130075477049e-15 0.026913488348830044
1145.7152099609375 0.875648021697998 0.23856721818447113 3.0696300366741657e-15 0.02688846218987589
1145.72509765625 1.169770359992981 0.2637881934642792 3.0701268214977304e-15 0.02686272360910512
1145.735107421875 0.9910218119621277 0.2498195469379425 3.070632500167241e-15 0.026836271602687173
1145.7451171875 1.1099282503128052 0.2592988908290863 3.0711409316938306e-15 0.0268094345083594
1145.7550048828125 0.7273048758506775 0.2261229157447815 3.071645975088631e-15 0.026781541843347825
1145.7650146484375 0.8124680519104004 0.2337179332971573 3.0721601240876143e-15 0.02675292198593681
1145.7750244140625 0.8430567383766174 0.23601406812667847 3.072677237701913e-15 0.026723930711767346
1145.784912109375 1.1049429178237915 0.2578910291194916 3.073190539667949e-15 0.026693845469481663
1145.794921875 0.8104846477508545 0.23317298293113708 3.073713158996405e-15 0.02666301473308849
1145.804931640625 0.664347231388092 0.21883665025234222 3.0742387429401764e-15 0.026631828497680213
1145.8148193359375 0.8139888644218445 0.23349560797214508 3.074760726993922e-15 0.026599509619429692
1145.8248291015625 1.0182374715805054 0.25090354681015015 3.0752918166518503e-15 0.026566433464786533
1145.8348388671875 0.9899308681488037 0.24944280087947845 3.075826082683331e-15 0.026533016323878177
1145.8447265625 1.2609220743179321 0.26923996210098267 3.076356537066549e-15 0.026498430327473836
1145.854736328125 0.9328065514564514 0.24366040527820587 3.0768963088121867e-15 0.026463076182211193
1145.86474609375 0.4274902641773224 0.193328857421875 3.07743904517314e-15 0.026427393467934962
1145.8746337890625 0.9616777300834656 0.24620592594146729 3.0779781816440673e-15 0.026390505608008697
1145.8846435546875 1.050707459449768 0.252959281206131 3.0785268472356513e-15 0.026352841666315283
1145.8946533203125 0.779396653175354 0.22982709109783173 3.079078265684314e-15 0.026314869634579047
1145.904541015625 0.9590912461280823 0.2462027221918106 3.0796258724847137e-15 0.02627565133055923
1145.91455078125 0.7201797962188721 0.22362537682056427 3.080183220164007e-15 0.02623564857294931
1145.924560546875 1.261566162109375 0.2677767872810364 3.0807435324586158e-15 0.026195360701758805
1145.9345703125 0.9875697493553162 0.24880196154117584 3.08130680936854e-15 0.026153787364026494
1145.9444580078125 1.075431227684021 0.2554546296596527 3.0818660628719645e-15 0.02611142453663211
1145.9544677734375 0.9277312755584717 0.24304980039596558 3.0824352690125194e-15 0.02606879721475769
1145.9644775390625 0.8386275768280029 0.23328544199466705 3.0830074397683897e-15 0.02602484902311571
1145.974365234375 1.0469074249267578 0.25358453392982483 3.0835755871177605e-15 0.025980104928781812
1145.984375 0.9876896739006042 0.24807658791542053 3.0841536871042616e-15 0.02593512311824188
1145.994384765625 1.105526328086853 0.25723057985305786 3.084734751706078e-15 0.025888790263198694
1146.0042724609375 0.7496708035469055 0.22679239511489868 3.0853115811431582e-15 0.02584165268925768
1146.0142822265625 0.6329309940338135 0.21540361642837524 3.0858985749756054e-15 0.02579429968612977
1146.0242919921875 0.8349949717521667 0.2347189337015152 3.086488745181605e-15 0.025745564017099754
1146.0341796875 0.7501055598258972 0.22679203748703003 3.0870744684646312e-15 0.025696020912581188
1146.044189453125 0.8669579029083252 0.23698386549949646 3.0876705679012614e-15 0.025646291915806724
1146.05419921875 1.0710117816925049 0.25450748205184937 3.088269843711444e-15 0.025595151203309817
1146.0640869140625 0.838496744632721 0.2351532280445099 3.088864672598653e-15 0.02554320073728258
1146.0740966796875 0.6020335555076599 0.2126753181219101 3.0894696658812296e-15 0.02549044495477506
1146.0841064453125 0.8670191168785095 0.23777154088020325 3.090078047295595e-15 0.025437538386159444
1146.093994140625 0.7199222445487976 0.22429952025413513 3.0906817700287505e-15 0.025383180232993015
1146.10400390625 0.5419117212295532 0.2057517170906067 3.0912962924319835e-15 0.025328015863910144
1146.114013671875 0.6616514325141907 0.2172008454799652 3.091913567692295e-15 0.02527274010178448
1146.1239013671875 0.7167412042617798 0.22289150953292847 3.0925266077878703e-15 0.02521598073218848
1146.1339111328125 0.4247261583805084 0.1927621066570282 3.0931502357952863e-15 0.025158418803986726
1146.1439208984375 0.42484745383262634 0.19193734228610992 3.0937768284180177e-15 0.02510077755686417
1146.15380859375 0.7746793031692505 0.2286396473646164 3.094398974117776e-15 0.02504163175470841
1146.163818359375 0.39287251234054565 0.18765105307102203 3.095031707729375e-15 0.024981689317775568
1146.173828125 0.8938196301460266 0.23733115196228027 3.095667829472763e-15 0.02492169861178475
1146.1837158203125 0.9229298830032349 0.24177509546279907 3.096299080776704e-15 0.024860181862709736
1146.1937255859375 0.6010236740112305 0.2114935964345932 3.0969413435089597e-15 0.024797883124449683
1146.2037353515625 0.7497640252113342 0.22559309005737305 3.0975865708565307e-15 0.02473556697531045
1146.213623046875 0.5689570903778076 0.20825858414173126 3.0982271395228918e-15 0.02467171174789099
1146.2236328125 0.8360645771026611 0.23345066606998444 3.098878931375804e-15 0.024607077077209098
1146.233642578125 0.7745409607887268 0.22747239470481873 3.0995336878440315e-15 0.024542476366416814
1146.2435302734375 1.040785551071167 0.251427561044693 3.1001835738728124e-15 0.02447631114778481
1146.2535400390625 0.7476031184196472 0.225568026304245 3.1008446830881444e-15 0.024409385396269277
1146.2635498046875 0.8051121234893799 0.23147524893283844 3.1015089686770286e-15 0.02434253254856645
1146.2735595703125 1.070190191268921 0.25367555022239685 3.102176430639465e-15 0.024274106495928455
1146.283447265625 1.0093361139297485 0.2476455271244049 3.102838810404218e-15 0.024204935135037974
1146.29345703125 0.9496874213218689 0.2426149696111679 3.1035128368719954e-15 0.024135879678427244
1146.303466796875 1.095401644706726 0.25509172677993774 3.1041898279550884e-15 0.02406523381466096
1146.3133544921875 0.7741231322288513 0.2281123846769333 3.104861736840498e-15 0.023993875196647817
1146.3233642578125 0.7724466323852539 0.22712364792823792 3.105545292428932e-15 0.023922682140284503
1146.3333740234375 1.0658032894134521 0.2527705430984497 3.1062320243909185e-15 0.02384989846947559
1146.34326171875 1.2709959745407104 0.26890280842781067 3.1069134623969846e-15 0.023776406998105584
1146.353271484375 0.8600126504898071 0.23530909419059753 3.1076065471060755e-15 0.023703141547890622
1146.36328125 1.1544950008392334 0.25975659489631653 3.1083030199469553e-15 0.023628289025732226
1146.3731689453125 0.8889663219451904 0.23789635300636292 3.108993987073678e-15 0.023552749430778844
1146.3831787109375 1.0343950986862183 0.2493962198495865 3.109697024419899e-15 0.023477486947402534
1146.3931884765625 0.8313930630683899 0.23303157091140747 3.1104030263814355e-15 0.023400651749134305
1146.403076171875 0.977295458316803 0.24491098523139954 3.1111039461452885e-15 0.02332317054341282
1146.4130859375 0.9177466034889221 0.24041152000427246 3.111816512612166e-15 0.023245046782828103
1146.423095703125 1.0064705610275269 0.24808810651302338 3.112532467210833e-15 0.023167275504615125
1146.4329833984375 0.8270139694213867 0.23169268667697906 3.1132431278535792e-15 0.02308794286440903
1146.4429931640625 0.7721825242042542 0.22691065073013306 3.113965646957587e-15 0.02300801581606175
1146.4530029296875 0.827779233455658 0.2326997071504593 3.114691554193384e-15 0.022928494904050117
1146.462890625 1.0013020038604736 0.24605795741081238 3.115411743956787e-15 0.022847434223240367
1146.472900390625 1.1202080249786377 0.25602200627326965 3.116144215697925e-15 0.022765819655998932
1146.48291015625 1.267053246498108 0.2674085199832916 3.1168800755708524e-15 0.02268467688836012
1146.4927978515625 0.914884090423584 0.23964078724384308 3.1176102179713856e-15 0.022602020735322862
1146.5028076171875 0.8846840858459473 0.236409991979599 3.118352642349654e-15 0.022518866560059764
1146.5128173828125 1.179004430770874 0.26052984595298767 3.1190984548597114e-15 0.022436248577859065
1146.522705078125 1.06829833984375 0.25311899185180664 3.119838549897375e-15 0.02235215221620463
1146.53271484375 1.2144719362258911 0.2634071111679077 3.1205911386710103e-15 0.02226761305128259
1146.542724609375 1.0374358892440796 0.2520112693309784 3.1213471155764347e-15 0.022183687822749258
1146.5526123046875 1.1419684886932373 0.25992369651794434 3.1220969514929916e-15 0.0220983255341499
1146.5626220703125 0.8909875750541687 0.23976948857307434 3.122859704661994e-15 0.02201258347188073
1146.5726318359375 0.9101088643074036 0.2407405525445938 3.1236258459627856e-15 0.021927532330746614
1146.58251953125 1.216126561164856 0.2666741609573364 3.1243858462747095e-15 0.021841102461220223
1146.592529296875 0.9103410840034485 0.24155673384666443 3.1251585520808423e-15 0.021754361007878212
1146.6025390625 0.8506368398666382 0.2387261688709259 3.125934857777001e-15 0.02166839521894239
1146.612548828125 1.0198851823806763 0.2519421875476837 3.1267145516049484e-15 0.02158111218095345
1146.6224365234375 0.950898289680481 0.24801845848560333 3.1274881044440284e-15 0.021493600188814077
1146.6324462890625 0.8954209685325623 0.24418579041957855 3.128274574535554e-15 0.021406951789557403
1146.6424560546875 1.1137547492980957 0.2625475823879242 3.1290644327588686e-15 0.021319061793667805
1146.65234375 1.0231633186340332 0.25526317954063416 3.1298481499933157e-15 0.02123102331141845
1146.662353515625 1.06972074508667 0.26081982254981995 3.130644996238445e-15 0.021143960565155405
1146.67236328125 0.8725444674491882 0.2453528791666031 3.1314454423736005e-15 0.021055738320007282
1146.6822509765625 1.218702793121338 0.2741019129753113 3.1322393240034146e-15 0.020967464231259933
1146.6922607421875 0.7747933864593506 0.23580320179462433 3.133046546402148e-15 0.020880266592664273
1146.7022705078125 1.0502824783325195 0.25962191820144653 3.1338571569326703e-15 0.020792015543568583
1146.712158203125 1.2359470129013062 0.2748351991176605 3.1346614147160883e-15 0.020703827033156007
1146.72216796875 1.5004401206970215 0.2947123050689697 3.1354792250266623e-15 0.020616805355777947
1146.732177734375 0.9714347124099731 0.25126081705093384 3.1363004234690253e-15 0.0205288585152675
1146.7420654296875 0.990797758102417 0.25238412618637085 3.137115057406047e-15 0.020441105167748684
1146.7520751953125 1.4069607257843018 0.288686066865921 3.1379430321119882e-15 0.020353562861543304
1146.7620849609375 1.3331516981124878 0.2815701365470886 3.138774818466192e-15 0.020267358307223503
1146.77197265625 1.191744089126587 0.27107346057891846 3.1395998285568176e-15 0.020180408022972707
1146.781982421875 0.9067698121070862 0.24773645401000977 3.1404386029328362e-15 0.020093819319424736
1146.7919921875 1.3544479608535767 0.2870464026927948 3.1412809771988806e-15 0.0200086930242714
1146.8018798828125 0.953598141670227 0.2516063153743744 3.14211636344311e-15 0.019922978928254703
1146.8118896484375 0.6865503191947937 0.22797240316867828 3.1429657257309694e-15 0.01983777772494866
1146.8218994140625 1.4104589223861694 0.29094499349594116 3.1438186879088545e-15 0.019754173086823097
1146.831787109375 0.9316459894180298 0.2475026249885559 3.1446648738231615e-15 0.019670158350284933
1146.841796875 0.8677200675010681 0.24446123838424683 3.1455248240228615e-15 0.019586823483913243
1146.851806640625 1.1559382677078247 0.2690580487251282 3.146388585870824e-15 0.01950522938701359
1146.8616943359375 0.9133095145225525 0.24526478350162506 3.147245147938735e-15 0.019423423942221164
1146.8717041015625 0.9896698594093323 0.2539110481739044 3.148116109566749e-15 0.019342480078155377
1146.8817138671875 1.2173372507095337 0.2706725299358368 3.1489904593265524e-15 0.01926343016592551
1146.8916015625 0.9281744360923767 0.24656406044960022 3.149857821064541e-15 0.0191843881893305
1146.901611328125 0.8987561464309692 0.2483430653810501 3.1507393706043958e-15 0.01910640814301224
1146.91162109375 0.9614071249961853 0.25052735209465027 3.1516247317925133e-15 0.01903047986002592
1146.9215087890625 1.1032052040100098 0.2621861696243286 3.1525028932005792e-15 0.018954807015127615
1146.9315185546875 0.9448615908622742 0.2490783929824829 3.1533952424105116e-15 0.01888040374872369
1146.9415283203125 1.3312441110610962 0.2789596617221832 3.1542916150269435e-15 0.01880822719353761
1146.9515380859375 0.906560480594635 0.24460089206695557 3.1551913757751644e-15 0.01873657550259752
1146.96142578125 1.0856074094772339 0.2598210275173187 3.1560839367433336e-15 0.018666418656314073
1146.971435546875 1.0974873304367065 0.26268821954727173 3.156991109029843e-15 0.018598667478936598
1146.9814453125 1.278009295463562 0.2748960852622986 3.157901881206378e-15 0.018531732476133655
1146.9913330078125 1.0671651363372803 0.2562144100666046 3.158805241844625e-15 0.018466531266065237
1147.0013427734375 0.9476645588874817 0.2467520534992218 3.1597234255594485e-15 0.018403932716595094
1147.0113525390625 1.009780764579773 0.2519260346889496 3.160645209164298e-15 0.018342456997419716
1147.021240234375 0.8838279247283936 0.24072857201099396 3.161559581230859e-15 0.018282987741060155
1147.03125 1.1982144117355347 0.26692283153533936 3.162488776373997e-15 0.01822629370159793
1147.041259765625 1.4273200035095215 0.2833300828933716 3.1634217831653976e-15 0.018171070988379504
1147.0511474609375 1.0509907007217407 0.2539849281311035 3.164347166660273e-15 0.01811812370745525
1147.0611572265625 0.8691933155059814 0.23687833547592163 3.165287584989962e-15 0.018068143226965528
1147.0711669921875 1.0248616933822632 0.25151771306991577 3.166231603209677e-15 0.018020000841282448
1147.0810546875 0.7180806398391724 0.21955406665802002 3.1671679981328665e-15 0.017974423732911433
1147.091064453125 1.113714575767517 0.25434717535972595 3.1681196396491067e-15 0.017931498772324868
1147.10107421875 1.1285635232925415 0.2554018497467041 3.1690750928136096e-15 0.01789179918736273
1147.1109619140625 1.194746732711792 0.2588273286819458 3.1700224991651135e-15 0.01785444955824984
1147.1209716796875 0.7827312350273132 0.22342677414417267 3.170985363867905e-15 0.01782005689682584
1147.1309814453125 1.1829993724822998 0.2573696970939636 3.171952040218959e-15 0.01778907824427807
1147.140869140625 1.0138013362884521 0.24438636004924774 3.172910669757014e-15 0.01776085388737029
1147.15087890625 0.9276957511901855 0.2368685007095337 3.173884969404593e-15 0.01773588508387061
1147.160888671875 1.0134360790252686 0.24371828138828278 3.174863080700435e-15 0.017714513540004112
1147.1707763671875 0.7555497288703918 0.22203412652015686 3.1758329334250412e-15 0.01769631189016208
1147.1807861328125 1.2389006614685059 0.2613062858581543 3.1768186680174084e-15 0.01768166514386634
1147.1907958984375 0.7276617884635925 0.2190231829881668 3.1778080024998014e-15 0.017670786547453642
1147.20068359375 0.9828229546546936 0.24148006737232208 3.1787892901691955e-15 0.017663502460775245
1147.210693359375 0.9260179996490479 0.2366255670785904 3.179786247948114e-15 0.017660072052845352
1147.220703125 1.1238895654678345 0.2526618540287018 3.1807872291335316e-15 0.017660559038107242
1147.2305908203125 0.951995849609375 0.23810550570487976 3.181779739989477e-15 0.017665070325044222
1147.2406005859375 0.8674114346504211 0.23192523419857025 3.18278834447142e-15 0.01767371759510634
1147.2506103515625 0.927291214466095 0.23527836799621582 3.1838009723598624e-15 0.017686415951189662
1147.260498046875 0.9522914886474609 0.2388511747121811 3.1848049181605956e-15 0.017703563026623806
1147.2705078125 1.036500334739685 0.24487069249153137 3.1858251693455634e-15 0.01772511917789173
1147.280517578125 1.2066794633865356 0.25800415873527527 3.186849232178794e-15 0.017750825125266413
1147.29052734375 0.7242838144302368 0.2171919196844101 3.187877106660287e-15 0.01778139780740693
1147.3004150390625 1.204925298690796 0.2570880651473999 3.1888965108123075e-15 0.0178166325282193
1147.3104248046875 1.0071429014205933 0.2430296689271927 3.1899324321067995e-15 0.0178560870235366
1147.3204345703125 0.9492983818054199 0.23731832206249237 3.1909719532913173e-15 0.017900811262517493
1147.330322265625 0.7781181335449219 0.22300490736961365 3.192002792388126e-15 0.017950425872108468
1147.34033203125 1.1457085609436035 0.25236910581588745 3.1930503603856426e-15 0.01800429074282221
1147.350341796875 0.8915516138076782 0.23309597373008728 3.194101740031422e-15 0.018063811160116287
1147.3602294921875 0.9212732315063477 0.23477596044540405 3.195144225831255e-15 0.018128412991733015
1147.3702392578125 0.8900322914123535 0.23194310069084167 3.1962036522900335e-15 0.01819727591901995
1147.3802490234375 0.9758749008178711 0.2381194531917572 3.1972668903970745e-15 0.018272149630489693
1147.39013671875 0.7215601801872253 0.21665190160274506 3.1983210228999324e-15 0.018352267602798226
1147.400146484375 1.1449233293533325 0.2524445652961731 3.1993923078199723e-15 0.01843660751047892
1147.41015625 0.974541425704956 0.2385013848543167 3.200467404388275e-15 0.018527299728963238
1147.4200439453125 1.2275556325912476 0.25868329405784607 3.2015333953523944e-15 0.018623355355959867
1147.4300537109375 1.0007580518722534 0.2408735156059265 3.202616326975459e-15 0.01872481766968192
1147.4400634765625 1.0853281021118164 0.24714376032352448 3.20370349376326e-15 0.018830406715123517
1147.449951171875 0.7744539380073547 0.22180525958538055 3.204781131430404e-15 0.018942724193051656
1147.4599609375 0.9409586787223816 0.23610319197177887 3.205876345031204e-15 0.019060538360596842
1147.469970703125 1.0830715894699097 0.2474578320980072 3.2069753702802664e-15 0.019182323337669695
1147.4798583984375 1.224236011505127 0.2575259208679199 3.2080648664086723e-15 0.019311135089910485
1147.4898681640625 0.8553472757339478 0.22781945765018463 3.2091721502289705e-15 0.01944547809921627
1147.4998779296875 1.220881462097168 0.2573365867137909 3.2102832456975313e-15 0.019583631675195955
1147.509765625 0.8548992872238159 0.2277231067419052 3.2113848120454355e-15 0.019729047206817868
1147.519775390625 0.7156808376312256 0.21418820321559906 3.2125039543269953e-15 0.019880009861393468
1147.52978515625 0.6308541297912598 0.20757129788398743 3.2136273317732913e-15 0.02003460756672419
1147.5396728515625 0.8834087252616882 0.23050151765346527 3.214740756582457e-15 0.020196643760174417
1147.5496826171875 1.2189149856567383 0.2571395933628082 3.215872180841752e-15 0.020364240455667582
1147.5596923828125 1.104623794555664 0.24840809404850006 3.2170076285075464e-15 0.020535249961774336
1147.569580078125 0.8246454000473022 0.22533854842185974 3.2181331235362105e-15 0.020713867439815317
1147.57958984375 1.1628644466400146 0.2519826591014862 3.2192768297732407e-15 0.020898023317218916
1147.589599609375 1.0501415729522705 0.2427038699388504 3.2204245594167702e-15 0.021085350871521923
1147.5994873046875 1.103980302810669 0.24806946516036987 3.2215623364231696e-15 0.021280444756733383
1147.6094970703125 0.907014787197113 0.2318234145641327 3.222718112879698e-15 0.02148102397362264
1147.6195068359375 1.1299042701721191 0.24935382604599 3.223878124500963e-15 0.02168451850537577
1147.6295166015625 1.1042968034744263 0.24748621881008148 3.225042159528727e-15 0.021895927762667244
1147.639404296875 1.3828821182250977 0.2677040994167328 3.226196241919361e-15 0.022112738570528048
1147.6494140625 0.849247932434082 0.22721470892429352 3.2273687472765978e-15 0.022332206819390892
1147.659423828125 0.9583505392074585 0.2339339703321457 3.228545276040334e-15 0.02255970868635063
1147.6693115234375 0.98881995677948 0.2380523681640625 3.2297114286504664e-15 0.02279254572905475
1147.6793212890625 1.3238277435302734 0.26371559500694275 3.2308962159854383e-15 0.023027745836552847
1147.6893310546875 1.1002954244613647 0.24667249619960785 3.2320852384851466e-15 0.023271098876573835
1147.69921875 1.0164176225662231 0.2403404414653778 3.233263884831251e-15 0.023519699205700576
1147.709228515625 0.9614731669425964 0.23528307676315308 3.234461165902195e-15 0.023770396168234273
1147.71923828125 1.1262959241867065 0.24867208302021027 3.235662682137875e-15 0.024029328200171667
1147.7291259765625 0.708206295967102 0.21404339373111725 3.2368538222199515e-15 0.024293425310812192
1147.7391357421875 0.9880031943321228 0.2376793920993805 3.2380635970268674e-15 0.024559337861972747
1147.7491455078125 0.9856259226799011 0.23783396184444427 3.2392776069985196e-15 0.024833609725928223
1147.759033203125 0.8468798398971558 0.22510690987110138 3.240481029058331e-15 0.025112928028696805
1147.76904296875 0.9293907284736633 0.23221634328365326 3.241703509359456e-15 0.025397247041313464
1147.779052734375 1.0670671463012695 0.24360178411006927 3.242930224825317e-15 0.025683064380154746
1147.7889404296875 0.9556793570518494 0.23446032404899597 3.2441461406211005e-15 0.025977323549163253
1147.7989501953125 0.7346705794334412 0.21507145464420319 3.245381326416434e-15 0.026276526568276132
1147.8089599609375 0.8154946565628052 0.22237823903560638 3.2466209591347408e-15 0.026576873655210054
1147.81884765625 0.8165284991264343 0.2229299694299698 3.2478493686664963e-15 0.02688582582885239
1147.828857421875 1.1771128177642822 0.2517947852611542 3.2490972599560387e-15 0.027199609101455163
1147.8388671875 0.7873049378395081 0.22048091888427734 3.2503493864103174e-15 0.027514275033727796
1147.8487548828125 0.8699065446853638 0.22722895443439484 3.2515907131945186e-15 0.027837653646424973
1147.8587646484375 0.9243796467781067 0.23177564144134521 3.2528513099782698e-15 0.02816575277856531
1147.8687744140625 1.145638108253479 0.2492704689502716 3.254116353684994e-15 0.028494526971349313
1147.878662109375 0.6747562289237976 0.20871977508068085 3.2553701742051673e-15 0.028832036886474417
1147.888671875 1.3110090494155884 0.2609264552593231 3.256643899999601e-15 0.029174227323738026
1147.898681640625 1.007106900215149 0.23742106556892395 3.257921649200534e-15 0.029516839081105726
1147.9085693359375 0.8405158519744873 0.22216516733169556 3.259188175214916e-15 0.029868293926570613
1147.9185791015625 0.8120810985565186 0.22111289203166962 3.2604748182617953e-15 0.030224361613304076
1147.9285888671875 1.031212329864502 0.23959535360336304 3.261765696473411e-15 0.030580605471339433
1147.9384765625 0.7007799744606018 0.21124830842018127 3.2630451397402385e-15 0.030945775826224816
1147.948486328125 0.9753773808479309 0.23538951575756073 3.2643447000395634e-15 0.031315512545154835
1147.95849609375 1.0019125938415527 0.23632675409317017 3.2656484955036246e-15 0.031685193260376034
1147.968505859375 0.9478113651275635 0.2330373078584671 3.266956737890659e-15 0.03206390644481894
1147.9783935546875 0.864050030708313 0.22579698264598846 3.2682533335746684e-15 0.03244713098697498
1147.9884033203125 1.1664634943008423 0.24980764091014862 3.2695704698076488e-15 0.03283008503456443
1147.9984130859375 1.110419750213623 0.24505358934402466 3.2708918412053655e-15 0.03322218957104004
1148.00830078125 1.1663165092468262 0.24887552857398987 3.2722013541418207e-15 0.03361872892330715
1148.018310546875 0.9734164476394653 0.23451504111289978 3.2735314076272467e-15 0.03401479934643948
1148.0283203125 1.1651633977890015 0.24931982159614563 3.274865908035646e-15 0.03442014142003486
1148.0382080078125 1.1356019973754883 0.24689120054244995 3.2761885499827835e-15 0.034829870421409594
1148.0482177734375 0.506121814250946 0.1903766393661499 3.277531732478892e-15 0.03523893707798297
1148.0582275390625 0.8620588779449463 0.22492769360542297 3.2788793618979736e-15 0.03565739081161055
