wave flux_norm flux_err cont_fit cont_err
1248.0914306640625 1.0857380628585815 0.20330028235912323 1.959068834144818e-15 0.08601866426681876
1248.1014404296875 1.1025508642196655 0.20374979078769684 1.963239836135335e-15 0.08501013718556268
1248.111328125 1.1177252531051636 0.2052685022354126 1.9673214761499165e-15 0.08399805378804952
1248.121337890625 1.0051332712173462 0.1972993016242981 1.9714151863839966e-15 0.0829950131126765
1248.13134765625 1.0581847429275513 0.201041117310524 1.975469933102503e-15 0.08200117997932344
1248.1412353515625 0.9280297756195068 0.19263340532779694 1.979437435427442e-15 0.08102859448844013
1248.1512451171875 1.071675181388855 0.20148314535617828 1.9834157374224587e-15 0.08005337405314501
1248.1612548828125 1.341822862625122 0.21687304973602295 1.987355922934849e-15 0.07908767241557887
1248.171142578125 0.9785342812538147 0.19421273469924927 1.9912105581195664e-15 0.07814321643428003
1248.18115234375 1.1924753189086914 0.20855917036533356 1.9950749341831773e-15 0.07719681216647753
1248.191162109375 0.88420569896698 0.18858790397644043 1.9989016172806354e-15 0.07626025432129385
1248.2010498046875 0.8297725915908813 0.1846691370010376 2.002644655874552e-15 0.07534494238964362
1248.2110595703125 1.0068703889846802 0.19646956026554108 2.006396800072652e-15 0.07442835149041216
1248.2210693359375 0.7001495957374573 0.17491695284843445 2.0101116748210725e-15 0.07352197630741537
1248.23095703125 0.9683312773704529 0.19222666323184967 2.013744599131846e-15 0.07263673447254186
1248.240966796875 0.930263102054596 0.19005334377288818 2.0173857820138556e-15 0.07175091656952327
1248.2509765625 1.034600853919983 0.19665752351284027 2.0209901189626595e-15 0.07087560105436581
1248.2608642578125 0.9277211427688599 0.18965786695480347 2.0245144112979478e-15 0.0700213603522335
1248.2708740234375 1.0491176843643188 0.19752706587314606 2.0280461151715246e-15 0.06916721895719681
1248.2808837890625 1.0112025737762451 0.19447527825832367 2.0315413966283695e-15 0.06832385336474905
1248.290771484375 0.9544090032577515 0.19086413085460663 2.03495853929583e-15 0.06750147776468965
1248.30078125 0.7948715686798096 0.17983540892601013 2.038382034710395e-15 0.06667984842328792
1248.310791015625 1.0552150011062622 0.1970471888780594 2.0417697429829388e-15 0.0658692645365289
1248.3206787109375 0.7573354244232178 0.17680877447128296 2.0450810065319926e-15 0.06507954775142337
1248.3306884765625 0.9674513936042786 0.19024613499641418 2.0483977757952037e-15 0.06429119380916563
1248.3406982421875 0.9647637009620667 0.1907852441072464 2.051679181432867e-15 0.06351415025648438
1248.3505859375 0.7542248368263245 0.17588336765766144 2.0548860481711716e-15 0.06275774381783848
1248.360595703125 0.9786632061004639 0.1907000094652176 2.058097785348923e-15 0.06200338764620634
1248.37060546875 0.872624397277832 0.18421074748039246 2.0612743706593635e-15 0.06126054858519151
1248.3804931640625 0.7675342559814453 0.17641474306583405 2.064378322894577e-15 0.06053811098636384
1248.3905029296875 0.818131685256958 0.1794554889202118 2.067486086778053e-15 0.05981834060872508
1248.4005126953125 1.0421347618103027 0.19394248723983765 2.070559545827165e-15 0.05911026951955681
1248.410400390625 0.7819478511810303 0.17661751806735992 2.073561854108708e-15 0.058422365995591335
1248.42041015625 0.9882324934005737 0.1902516931295395 2.0765671270055663e-15 0.05773767329237198
1248.430419921875 0.8147476315498352 0.1788906455039978 2.0795387303427712e-15 0.05706482882421808
1248.4404296875 0.6749904155731201 0.16868828237056732 2.082476452362086e-15 0.056411856406688
1248.4503173828125 0.6738330721855164 0.16835404932498932 2.0853453529544362e-15 0.05576264388189156
1248.4603271484375 0.8785691261291504 0.18292707204818726 2.0882163711291547e-15 0.055125382723345565
1248.4703369140625 0.7920717597007751 0.1760483682155609 2.0910541432606934e-15 0.05450763227670284
1248.480224609375 0.6700077056884766 0.1671053171157837 2.0938243645146886e-15 0.05389417701095262
1248.490234375 0.6873688101768494 0.16805116832256317 2.096596491592815e-15 0.05329271094887554
1248.500244140625 0.670543909072876 0.1665133237838745 2.0993355843859987e-15 0.052703245941757904
1248.5101318359375 0.6846229434013367 0.16767795383930206 2.102009243884007e-15 0.052132750681879274
1248.5201416015625 0.7014338970184326 0.16887544095516205 2.1046837504149624e-15 0.051567143886944125
1248.5301513671875 0.7346122860908508 0.171111598610878 2.1073258579356853e-15 0.05101352302585115
1248.5400390625 0.8005126118659973 0.1761913001537323 2.1099040144688906e-15 0.05047840876466602
1248.550048828125 0.6660588383674622 0.1652175337076187 2.1124823827603327e-15 0.049948571414043685
1248.56005859375 0.8853189945220947 0.18099528551101685 2.115028563799779e-15 0.04943063533199609
1248.5699462890625 0.6625405550003052 0.16622234880924225 2.117512911434076e-15 0.04893069406280791
1248.5799560546875 0.57906174659729 0.1590726673603058 2.1199964120354256e-15 0.048436341551789865
1248.5899658203125 0.8147424459457397 0.1761452555656433 2.122448572417727e-15 0.047953776131093806
1248.599853515625 0.7303239703178406 0.1702602207660675 2.1248399581860625e-15 0.0474886143566187
1248.60986328125 0.6453365683555603 0.16381873190402985 2.127230285163214e-15 0.0470292914614645
1248.619873046875 0.6082403659820557 0.16128325462341309 2.129589483679554e-15 0.04658156905760097
1248.6297607421875 0.7772184014320374 0.17309430241584778 2.13188981340606e-15 0.046150601976217134
1248.6397705078125 0.8787519335746765 0.17930173873901367 2.1341882373084346e-15 0.045725683375038365
1248.6497802734375 0.7939976453781128 0.1731603443622589 2.136455956266471e-15 0.04531209044815488
1248.65966796875 0.740832507610321 0.1703818440437317 2.138666500500568e-15 0.044914565395845436
1248.669677734375 1.0242992639541626 0.18856976926326752 2.1408745036358232e-15 0.04452318800022185
1248.6796875 0.5208044648170471 0.15260720252990723 2.143052225343214e-15 0.04414280757561221
1248.6895751953125 0.6696171164512634 0.16473709046840668 2.1451744663925597e-15 0.043777762876802226
1248.6995849609375 0.838322639465332 0.17549024522304535 2.1472933193101163e-15 0.0434188876571202
1248.7095947265625 0.8217377066612244 0.1739898920059204 2.149382737832756e-15 0.04307063971115318
1248.719482421875 0.6356490850448608 0.16179314255714417 2.1514177344885343e-15 0.04273691547933882
1248.7294921875 0.8352327346801758 0.1753857433795929 2.153449131254287e-15 0.042409329449486624
1248.739501953125 0.8509626388549805 0.17730766534805298 2.1554513053833593e-15 0.042091911563537726
1248.7493896484375 0.9685695171356201 0.1845567673444748 2.157400963469702e-15 0.04178818477861132
1248.7593994140625 0.7178842425346375 0.16782185435295105 2.1593459628748346e-15 0.04149048671861386
1248.7694091796875 0.9335067868232727 0.18190591037273407 2.1612625866762342e-15 0.04120244374353789
1248.7794189453125 0.9965184330940247 0.18584412336349487 2.163150834873901e-15 0.04092722285296956
1248.789306640625 0.9148210883140564 0.1807280033826828 2.164988472852969e-15 0.04065783735422891
1248.79931640625 0.962995707988739 0.18299928307533264 2.166820816876117e-15 0.040397566220301835
1248.809326171875 1.0605820417404175 0.1897345632314682 2.1686254205702422e-15 0.0401492140093275
1248.8192138671875 0.7131154537200928 0.16598527133464813 2.17038068459519e-15 0.03990644936663974
1248.8292236328125 0.8950945138931274 0.17864598333835602 2.1721302311477437e-15 0.03967220070151402
1248.8392333984375 0.7123236656188965 0.1666926145553589 2.1738522491295117e-15 0.03944624426775247
1248.84912109375 0.6802331209182739 0.16315273940563202 2.1755268332662335e-15 0.03923099270113249
1248.859130859375 0.7432087063789368 0.16814221441745758 2.177194852897614e-15 0.03902091236860152
1248.869140625 0.8742926716804504 0.1768227517604828 2.178836190991156e-15 0.038818500416620355
1248.8790283203125 0.9554072022438049 0.1827208548784256 2.180431154030836e-15 0.03862586446088455
1248.8890380859375 0.8059172630310059 0.17241962254047394 2.1820193408069377e-15 0.038438036176194644
1248.8990478515625 0.6586214900016785 0.16209091246128082 2.1835810578034378e-15 0.038257215972616505
1248.908935546875 0.8061127066612244 0.1720021665096283 2.1850980938119702e-15 0.03808526346241078
1248.9189453125 0.791486382484436 0.17098936438560486 2.1866077182822142e-15 0.03791771467489729
1248.928955078125 0.8209837079048157 0.17247210443019867 2.188091508247567e-15 0.0377565082456156
1248.9388427734375 1.0038039684295654 0.18451499938964844 2.189531887774373e-15 0.03760327700249105
1248.9488525390625 0.9048678874969482 0.17826876044273376 2.1909644322464167e-15 0.037454018885917616
1248.9588623046875 0.9857069253921509 0.1829831451177597 2.192371565730043e-15 0.037310439608398076
1248.96875 0.8687494397163391 0.17554716765880585 2.19373677108278e-15 0.03717396976030014
1248.978759765625 1.0810364484786987 0.1885027438402176 2.1950937178642814e-15 0.03704102260814629
1248.98876953125 0.9469316601753235 0.1808629333972931 2.196425677173839e-15 0.03691310245676496
1248.9986572265625 0.9793449640274048 0.1820816993713379 2.197716978901928e-15 0.03679146268286064
1249.0086669921875 1.1579705476760864 0.1929422914981842 2.1989998103005446e-15 0.03667289118121376
1249.0186767578125 0.8309244513511658 0.17264115810394287 2.200258077743691e-15 0.03655870578974084
1249.028564453125 1.091760516166687 0.1894725263118744 2.20147695815479e-15 0.03645001696181914
1249.03857421875 1.0261204242706299 0.18503744900226593 2.2026869447199426e-15 0.03634393898545938
1249.048583984375 0.9929301142692566 0.1828845739364624 2.2038727908460986e-15 0.03624163514812186
1249.0584716796875 0.9416360259056091 0.18010516464710236 2.205020732247865e-15 0.036144090863985276
1249.0684814453125 1.0417704582214355 0.1851712465286255 2.2061593562872116e-15 0.036048704621949805
1249.0784912109375 0.845274806022644 0.1739072948694229 2.207274475162272e-15 0.03595650950066545
1249.08837890625 0.8949784636497498 0.17588753998279572 2.2083529598623634e-15 0.03586839434676061
1249.098388671875 0.9111055135726929 0.17691034078598022 2.2094214919253247e-15 0.035781996663286485
1249.1083984375 1.1843911409378052 0.19392165541648865 2.21046715409871e-15 0.03569824667129986
1249.118408203125 0.8779814839363098 0.17516660690307617 2.211489734624283e-15 0.03561794341409934
1249.1282958984375 0.9888433814048767 0.18208518624305725 2.2124775867990183e-15 0.03553894072405636
1249.1383056640625 0.6983349323272705 0.16242264211177826 2.2134550628201497e-15 0.035462072324189194
1249.1483154296875 1.118475317955017 0.18946748971939087 2.214410092468179e-15 0.03538808415862083
1249.158203125 0.9573960304260254 0.17930234968662262 2.2153316643147916e-15 0.03531498871870392
1249.168212890625 1.279528260231018 0.19854283332824707 2.2162426482495636e-15 0.03524356476046589
1249.17822265625 1.1146526336669922 0.18979910016059875 2.217131609327707e-15 0.03517366383461261
1249.1881103515625 0.8250123262405396 0.17126625776290894 2.2179883831538547e-15 0.035105962971140596
1249.1981201171875 1.1128002405166626 0.1893908977508545 2.218834145551688e-15 0.03503866277471966
1249.2081298828125 0.9859851598739624 0.18195407092571259 2.2196585203676034e-15 0.03497246966294632
1249.218017578125 1.082280158996582 0.18757504224777222 2.220451766722707e-15 0.0349080476023889
1249.22802734375 1.0311763286590576 0.1846567690372467 2.2212340016494964e-15 0.03484367649674095
1249.238037109375 0.9202494025230408 0.17617490887641907 2.2219948489943676e-15 0.03478004242518755
1249.2479248046875 0.807479977607727 0.17022660374641418 2.2227262619443217e-15 0.03471779165968328
1249.2579345703125 0.9191047549247742 0.17729665338993073 2.223446028191251e-15 0.03465528310892934
1249.2679443359375 0.8717746734619141 0.1738136261701584 2.2241452538892094e-15 0.034593176354440786
1249.27783203125 1.1905535459518433 0.19323520362377167 2.224815892225198e-15 0.034532123428329446
1249.287841796875 1.064873218536377 0.18583719432353973 2.225474883858162e-15 0.03447052231815851
1249.2978515625 0.8238500952720642 0.17052893340587616 2.2261137584586284e-15 0.034409031541401944
1249.3077392578125 1.0961536169052124 0.18794237077236176 2.2267251044883092e-15 0.03434831540708462
1249.3177490234375 0.9178041219711304 0.17717774212360382 2.2273245920567284e-15 0.03428679068134633
1249.3277587890625 1.0152536630630493 0.1830163598060608 2.227904597867361e-15 0.03422512028602191
1249.337646484375 1.045668125152588 0.1849670261144638 2.2284583456566283e-15 0.0341639908581676
1249.34765625 1.2554417848587036 0.19700732827186584 2.2289998114681606e-15 0.034101819898992365
1249.357666015625 1.0127043724060059 0.18300524353981018 2.2295222190383797e-15 0.03403928278328522
1249.3675537109375 1.288962960243225 0.19760587811470032 2.230019427378418e-15 0.03397709716330899
1249.3775634765625 0.9816645383834839 0.1801372468471527 2.230504353740721e-15 0.033913663470569566
1249.3875732421875 0.9955961108207703 0.18146920204162598 2.2309706453781846e-15 0.03384968429162635
1249.3974609375 0.9310525059700012 0.1779826432466507 2.231413220093125e-15 0.03378589577032761
1249.407470703125 1.0604722499847412 0.18481357395648956 2.2318428775556197e-15 0.033720680913776654
1249.41748046875 0.9966093301773071 0.1818901002407074 2.2322545355679853e-15 0.03365476658799669
1249.4273681640625 0.7564788460731506 0.16579602658748627 2.232643323690775e-15 0.033588934252040556
1249.4373779296875 1.045065999031067 0.18420788645744324 2.233019406319356e-15 0.033521510299953
1249.4473876953125 1.0272819995880127 0.18354488909244537 2.2333777012560445e-15 0.03345327276359194
1249.4573974609375 0.8353503942489624 0.17060451209545135 2.2337186320173143e-15 0.03338503134639199
1249.46728515625 0.8042589426040649 0.16897599399089813 2.234038386954903e-15 0.033315067821729855
1249.477294921875 0.6752362251281738 0.1604081392288208 2.234344801123572e-15 0.03324419273235377
1249.4873046875 1.1881623268127441 0.19268329441547394 2.234634486391533e-15 0.03317325812512231
1249.4971923828125 0.9445314407348633 0.1780441850423813 2.23490384286876e-15 0.033100496380046356
1249.5072021484375 0.7700487375259399 0.16716456413269043 2.2351600703353043e-15 0.033026750948123136
1249.5172119140625 1.058133602142334 0.1852145791053772 2.2353997806593773e-15 0.032952006684537
1249.527099609375 0.9127418398857117 0.17633405327796936 2.235620432742137e-15 0.03287717612503393
1249.537109375 0.9142842292785645 0.1763353794813156 2.2358275322977407e-15 0.032800398869662156
1249.547119140625 0.9126813411712646 0.1764819473028183 2.2360187499855834e-15 0.03272258454010619
1249.5570068359375 0.9786447286605835 0.18070340156555176 2.236191968223297e-15 0.03264469192314724
1249.5670166015625 0.9797324538230896 0.17971037328243256 2.236351845692091e-15 0.03256478976607026
1249.5770263671875 1.0765644311904907 0.18556518852710724 2.236496053051361e-15 0.032483834416871964
1249.5869140625 0.8340457081794739 0.17075611650943756 2.2366231079934493e-15 0.032402822154960535
1249.596923828125 0.8977588415145874 0.17515122890472412 2.2367368221666182e-15 0.032319759624462284
1249.60693359375 1.0107446908950806 0.18203188478946686 2.2368355015049734e-15 0.03223564112881636
1249.6168212890625 0.9612596035003662 0.179048553109169 2.2369180872173306e-15 0.03215151377178193
1249.6268310546875 1.2200722694396973 0.19359973073005676 2.236987120402532e-15 0.03206531015398244
1249.6368408203125 0.8341798186302185 0.17118442058563232 2.237041542269393e-15 0.031978068580447584
1249.646728515625 0.9611458778381348 0.17861610651016235 2.2370809293014403e-15 0.03189087894528846
1249.65673828125 1.0404081344604492 0.18363924324512482 2.2371067638063315e-15 0.0318016011132889
1249.666748046875 1.0245981216430664 0.1832859069108963 2.2371184105093563e-15 0.03171131748573792
1249.6766357421875 0.9291194081306458 0.17715226113796234 2.237116292926988e-15 0.031621162952188094
1249.6866455078125 1.1383085250854492 0.18952980637550354 2.2371001993009903e-15 0.03152892497981833
1249.6966552734375 1.1511999368667603 0.18958954513072968 2.2370705531478364e-15 0.031435732775643564
1249.70654296875 0.8495193123817444 0.17217035591602325 2.237027989742237e-15 0.03134274992179716
1249.716552734375 0.8658040761947632 0.17372532188892365 2.2369716620512445e-15 0.031247709879315393
1249.7265625 1.0600090026855469 0.18463344871997833 2.2369022053495696e-15 0.03115176928110415
1249.7364501953125 1.0420355796813965 0.1839858740568161 2.2368206784283964e-15 0.03105614254885642
1249.7464599609375 1.2486342191696167 0.19617114961147308 2.2367253872218303e-15 0.030958487456425626
1249.7564697265625 1.108484148979187 0.1876775622367859 2.2366173905210554e-15 0.03086000788042486
1249.766357421875 1.0591520071029663 0.1850328892469406 2.236498382391966e-15 0.03076194158624079
1249.7763671875 0.7874833345413208 0.16767485439777374 2.236365609977484e-15 0.030661898987075095
1249.786376953125 0.9465604424476624 0.1784994900226593 2.2362207673435035e-15 0.03056111135595456
1249.7962646484375 0.706918478012085 0.16114374995231628 2.236065548555919e-15 0.03046085072119432
1249.8062744140625 1.1077651977539062 0.1874840408563614 2.2358967772411788e-15 0.030358674386174372
1249.8162841796875 0.9971209168434143 0.181502565741539 2.2357161474651768e-15 0.030255845121942772
1249.8262939453125 1.0761698484420776 0.18666182458400726 2.235524082744387e-15 0.030153658623429423
1249.836181640625 1.2874987125396729 0.19704219698905945 2.235322912419414e-15 0.030049629380135005
1249.84619140625 0.8857122659683228 0.17425993084907532 2.235108189567285e-15 0.029945043206114973
1249.856201171875 1.078273057937622 0.18590675294399261 2.234882243528605e-15 0.02983994233242142
1249.8660888671875 0.9331886172294617 0.17726793885231018 2.2346484624351627e-15 0.029735645905192745
1249.8760986328125 1.0755971670150757 0.18633335828781128 2.2344009170563277e-15 0.029629621651567933
1249.8861083984375 1.060333013534546 0.18524906039237976 2.234142783765652e-15 0.029523185938098193
1249.89599609375 0.7890973687171936 0.16776150465011597 2.2338776624531613e-15 0.029417682271322937
1249.906005859375 0.739403247833252 0.16506251692771912 2.233598776855278e-15 0.029310544062230954
1249.916015625 1.1723629236221313 0.19218848645687103 2.233309938620264e-15 0.029203112985424134
1249.9259033203125 0.916389524936676 0.1764586716890335 2.233014747638146e-15 0.029096738634215292
1249.9359130859375 1.0761451721191406 0.18646562099456787 2.2327062158871086e-15 0.028988841952119294
1249.9459228515625 0.996234655380249 0.18120773136615753 2.232387943257178e-15 0.02888076975185531
1249.955810546875 0.7389245629310608 0.16431191563606262 2.23206416491309e-15 0.0287738857730697
1249.9658203125 0.9961611032485962 0.18160223960876465 2.2317272575583195e-15 0.028665590222149376
1249.975830078125 0.9489814043045044 0.17834897339344025 2.2313808210828925e-15 0.028557244119009763
1249.9857177734375 1.0131951570510864 0.18273711204528809 2.231030149442729e-15 0.02845021310399751
1249.9957275390625 1.0297608375549316 0.18354719877243042 2.23066592527541e-15 0.028341896785874166
1250.0057373046875 0.7564668655395508 0.16601398587226868 2.230293230778618e-15 0.028233657324788317
1250.015625 1.191818356513977 0.19286386668682098 2.2299167246335634e-15 0.028126859279958498
1250.025634765625 0.9986915588378906 0.18146279454231262 2.2295270894778264e-15 0.028018905543471178
1250.03564453125 0.9511542916297913 0.1789623349905014 2.2291291957508537e-15 0.027911164503017852
1250.0455322265625 0.9368880391120911 0.17801564931869507 2.2287283374085656e-15 0.02780498660136854
1250.0555419921875 1.101626992225647 0.1886446624994278 2.228314561813832e-15 0.027697792372589854
1250.0655517578125 0.9048886299133301 0.17612269520759583 2.227893162922573e-15 0.02759094183905777
1250.075439453125 1.0036437511444092 0.18246129155158997 2.227469222932472e-15 0.027485777334161552
1250.08544921875 0.9707625508308411 0.1810351014137268 2.2270327892063993e-15 0.027379742660522708
1250.095458984375 1.3262344598770142 0.20082145929336548 2.226589155700275e-15 0.02727418474645771
1250.1053466796875 0.9565024971961975 0.17993775010108948 2.226143828128256e-15 0.027170427949976025
1250.1153564453125 1.015110731124878 0.1843433827161789 2.225686218578502e-15 0.02706595600960285
1250.1253662109375 1.131235122680664 0.19104573130607605 2.225221621006933e-15 0.026962094143301262
1250.13525390625 0.8883024454116821 0.1759318858385086 2.2247561764024166e-15 0.026860142830875393
1250.145263671875 1.0773833990097046 0.18775998055934906 2.224278661578402e-15 0.026757633379781303
1250.1552734375 1.085724949836731 0.18829722702503204 2.223794794007283e-15 0.02665586956218615
1250.165283203125 1.3265599012374878 0.20177583396434784 2.2233047854472963e-15 0.02655612597142907
1250.1751708984375 0.7567954659461975 0.16722819209098816 2.2228147768873097e-15 0.026455979622631607
1250.1851806640625 0.9692936539649963 0.1817389279603958 2.2223131216242984e-15 0.026356716453537755
1250.1951904296875 1.0072622299194336 0.18327981233596802 2.2218055371306562e-15 0.026259567148430852
1250.205078125 0.9513842463493347 0.18068446218967438 2.2212987996699613e-15 0.026162182575443386
1250.215087890625 1.1955736875534058 0.195855975151062 2.2207806272644785e-15 0.026065809628224853
1250.22509765625 1.1585171222686768 0.19265243411064148 2.2202569491448386e-15 0.02597048783758884
1250.2349853515625 0.8937026262283325 0.17748752236366272 2.219734965091093e-15 0.025877410308578933
1250.2449951171875 1.2082769870758057 0.19602340459823608 2.2192015460925597e-15 0.02578431242245134
1250.2550048828125 0.9374735355377197 0.18041960895061493 2.2186634684128164e-15 0.025692396525321723
1250.264892578125 1.0442452430725098 0.18578307330608368 2.2181275083154412e-15 0.0256028023181404
1250.27490234375 1.0082234144210815 0.18477311730384827 2.217580325031515e-15 0.025513356593405402
1250.284912109375 1.3300813436508179 0.20187152922153473 2.2170291183410892e-15 0.025425213293561708
1250.2947998046875 1.0115797519683838 0.18514984846115112 2.216480664507742e-15 0.02533946575741882
1250.3048095703125 0.8657156825065613 0.17527282238006592 2.2159214110043174e-15 0.025254028957783583
1250.3148193359375 0.9521607756614685 0.1807473748922348 2.21535834585263e-15 0.025170014690998332
1250.32470703125 1.0263152122497559 0.18523812294006348 2.214798668832732e-15 0.025088455180444228
1250.334716796875 1.0144305229187012 0.1854383945465088 2.2142286156592297e-15 0.02500737552468035
1250.3447265625 1.1721389293670654 0.19299815595149994 2.2136553861121754e-15 0.02492782554955218
1250.3546142578125 0.9051679372787476 0.17767037451267242 2.2130859682133837e-15 0.024850780809312772
1250.3646240234375 0.915117621421814 0.1784420758485794 2.2125065976774617e-15 0.02477437706070795
1250.3746337890625 0.9539833068847656 0.18119752407073975 2.211924474284461e-15 0.024699606596515458
1250.384521484375 0.9363669157028198 0.18084804713726044 2.2113467978144338e-15 0.024627382056954156
1250.39453125 0.9229706525802612 0.17963461577892303 2.2107595922237497e-15 0.024555952493484613
1250.404541015625 0.7983872294425964 0.17098242044448853 2.210169845534224e-15 0.02448625186992886
1250.4144287109375 0.7684808373451233 0.16729940474033356 2.2095853928006184e-15 0.024419126568277667
1250.4244384765625 0.840591549873352 0.1734703630208969 2.208991622704593e-15 0.024352946772421884
1250.4344482421875 0.8629323244094849 0.17583534121513367 2.2083959467844366e-15 0.024288579556170583
1250.4443359375 0.8385852575302124 0.17499160766601562 2.207805988336674e-15 0.024226800030278398
1250.454345703125 0.8713172078132629 0.17633426189422607 2.207207136042965e-15 0.024166113508988195
1250.46435546875 0.7415840029716492 0.1674581915140152 2.2066070131998355e-15 0.02410731237397192
1250.4742431640625 0.7936550378799438 0.17064937949180603 2.2060130313455734e-15 0.02405110289951874
1250.4842529296875 0.6193188428878784 0.15815860033035278 2.205410579161839e-15 0.023996118901221924
1250.4942626953125 0.551620364189148 0.15378032624721527 2.204807279945157e-15 0.023943086476194968
1250.5042724609375 0.59637051820755 0.15647068619728088 2.204203133695528e-15 0.02389263380192098
1250.51416015625 0.5290775895118713 0.15079502761363983 2.2036059754677135e-15 0.023843532818248424
1250.524169921875 0.31288838386535645 0.13129690289497375 2.2030007704269003e-15 0.023796435589016358
1250.5341796875 0.4958406984806061 0.14717872440814972 2.202395565386087e-15 0.02375188914924666
1250.5440673828125 0.39777442812919617 0.13979537785053253 2.2017975601253256e-15 0.023708814421999336
1250.5540771484375 0.33136463165283203 0.1323017179965973 2.2011921433262756e-15 0.023667778612056236
1250.5640869140625 0.41462868452072144 0.14114461839199066 2.200587150043699e-15 0.023628795898622112
1250.573974609375 0.2984338700771332 0.1300594061613083 2.199989780057648e-15 0.023592310052860693
1250.583984375 0.3638669550418854 0.13481289148330688 2.199385633808019e-15 0.023557428612771075
1250.593994140625 0.3952031433582306 0.1389612853527069 2.1987821228331003e-15 0.023524622671452444
1250.6038818359375 0.2971297800540924 0.1307680606842041 2.1981868704294173e-15 0.023494253816791322
1250.6138916015625 0.2980315387248993 0.13073138892650604 2.19758526527863e-15 0.023465580750141747
1250.6239013671875 0.4286448061466217 0.1424538642168045 2.1969849306772635e-15 0.023438987460071104
1250.6337890625 0.39480745792388916 0.13869358599185944 2.1963930664053695e-15 0.023414762492579084
1250.643798828125 0.6881209015846252 0.16322776675224304 2.1957954846610816e-15 0.023392306890658368
1250.65380859375 0.5936263203620911 0.15539148449897766 2.1951995969826882e-15 0.023371926727269187
1250.6636962890625 0.7040880918502808 0.16440097987651825 2.1946128149084778e-15 0.023353831029782172
1250.6737060546875 0.6562061905860901 0.1611504852771759 2.1940205271201102e-15 0.023337564381524328
1250.6837158203125 0.7392995357513428 0.16656208038330078 2.1934305686723476e-15 0.023323357897806794
1250.693603515625 0.7874969244003296 0.17026446759700775 2.1928499275870048e-15 0.023311335200511703
1250.70361328125 0.8365787863731384 0.17400318384170532 2.192264839578689e-15 0.023301191944695036
1250.713623046875 0.7876076698303223 0.1707340031862259 2.191682080910978e-15 0.023293075733100126
1250.7235107421875 1.0339304208755493 0.18521833419799805 2.1911092748803972e-15 0.02328703610461109
1250.7335205078125 0.902997612953186 0.17798079550266266 2.1905322336850802e-15 0.023282905175854556
1250.7435302734375 0.886250376701355 0.1767532080411911 2.1899583688633154e-15 0.023280762944346944
1250.75341796875 0.7572343945503235 0.16725537180900574 2.1893946684369177e-15 0.02328057458376032
1250.763427734375 0.8544253706932068 0.17500172555446625 2.188827579878731e-15 0.023282322093794838
1250.7734375 1.0685151815414429 0.18842440843582153 2.188263879452333e-15 0.02328599588055037
1250.7833251953125 0.9862880706787109 0.1828019767999649 2.187710766937776e-15 0.023291497370765597
1250.7933349609375 0.9027354121208191 0.17787808179855347 2.1871546898079037e-15 0.02329893821571438
1250.8033447265625 0.9061537384986877 0.17796126008033752 2.1866026360845307e-15 0.02330824095816463
1250.813232421875 0.9037193655967712 0.17868535220623016 2.186061593789472e-15 0.023319234480609848
1250.8232421875 1.004900336265564 0.18423281610012054 2.1855180103955716e-15 0.023332160209017138
1250.833251953125 1.0192240476608276 0.18603433668613434 2.184979085682881e-15 0.02334687162902377
1250.84326171875 1.0038642883300781 0.18451175093650818 2.1844448196514004e-15 0.023363129438100882
1250.8531494140625 0.8735242486000061 0.17628884315490723 2.1839219885647077e-15 0.023381301098668816
1250.8631591796875 0.9548999071121216 0.1815951019525528 2.1833974634121204e-15 0.023401171377259573
1250.8731689453125 1.0709275007247925 0.18903402984142303 2.1828782322154535e-15 0.02342243584522324
1250.883056640625 0.9071170687675476 0.1775471270084381 2.1823704359635746e-15 0.02344558505507582
1250.89306640625 0.856001615524292 0.17483797669410706 2.181862004436985e-15 0.023470340614395648
1250.903076171875 0.8911036252975464 0.17697620391845703 2.181359078624553e-15 0.023496662969069368
1250.9129638671875 1.0384408235549927 0.18698397278785706 2.180868223031619e-15 0.02352417144404915
1250.9229736328125 1.204197883605957 0.19565925002098083 2.1803769439222116e-15 0.023553511635414127
1250.9329833984375 1.0553028583526611 0.18787579238414764 2.1798920175599085e-15 0.02358431573819959
1250.94287109375 0.8912562131881714 0.17782795429229736 2.1794191614171038e-15 0.02361614578198231
1250.952880859375 0.9719745516777039 0.18269769847393036 2.1789467287907727e-15 0.023649752783655553
1250.962890625 0.9906179904937744 0.1840442717075348 2.1784810724280197e-15 0.023684716919644896
1250.9727783203125 0.9235897660255432 0.18030960857868195 2.1780276980430018e-15 0.023720546870009813
1250.9827880859375 0.8765807151794434 0.1767273247241974 2.177575594207405e-15 0.023758090071131145
1250.9927978515625 0.8740324974060059 0.176917165517807 2.1771306901518595e-15 0.023796873976656523
1251.002685546875 1.14046049118042 0.19308851659297943 2.1766980680740493e-15 0.02383636254124648
1251.0126953125 0.8753256797790527 0.17716744542121887 2.176267775336844e-15 0.023877495332677707
1251.022705078125 1.0417780876159668 0.18725934624671936 2.1758448941379275e-15 0.023919750932008477
1251.0325927734375 0.9276553392410278 0.17956893146038055 2.1754347184332196e-15 0.02396255328776716
1251.0426025390625 0.9427295327186584 0.1814517378807068 2.1750272955855902e-15 0.024006919320319738
1251.0526123046875 1.1230711936950684 0.19234491884708405 2.1746281313091967e-15 0.024052284268592065
1251.0625 1.0745292901992798 0.18912659585475922 2.174241672527012e-15 0.024098041612294577
1251.072509765625 0.9280767440795898 0.17970556020736694 2.173858813634853e-15 0.02414528030632263
1251.08251953125 0.7460600733757019 0.1677263230085373 2.1734846368304033e-15 0.024193394571186556
1251.0924072265625 0.9586977958679199 0.18231038749217987 2.1731233772783994e-15 0.024241747600853212
1251.1024169921875 0.6455672383308411 0.1602209359407425 2.1727665646493685e-15 0.024291488203643068
1251.1124267578125 0.9099876284599304 0.17960254848003387 2.172418645866284e-15 0.024341983961661595
1251.122314453125 1.026701807975769 0.18645358085632324 2.1720840678521184e-15 0.02439256696821507
1251.13232421875 1.1905436515808105 0.19651179015636444 2.1717545720356364e-15 0.02444444585955263
1251.142333984375 0.9600023031234741 0.182131826877594 2.171434605339811e-15 0.024496954266707695
1251.1522216796875 0.9605846405029297 0.18267478048801422 2.1711277676546683e-15 0.02454940505299181
1251.1622314453125 1.059110164642334 0.18899504840373993 2.1708272827166298e-15 0.024603052316391833
1251.1722412109375 0.7615861296653748 0.1696929931640625 2.1705365386574848e-15 0.024657209286366548
1251.1822509765625 1.0423593521118164 0.1878340244293213 2.1702559589937068e-15 0.024711169564757045
1251.192138671875 1.173187017440796 0.19530518352985382 2.169988931857085e-15 0.02476621950095312
1251.2021484375 0.9930141568183899 0.18442530930042267 2.1697288927422778e-15 0.024821662380821664
1251.212158203125 0.8289668560028076 0.17385011911392212 2.1694794415393114e-15 0.02487677261735372
1251.2220458984375 1.0422773361206055 0.18755659461021423 2.169243754621738e-15 0.02493287277271707
1251.2320556640625 1.0101648569107056 0.18542435765266418 2.1690156910006897e-15 0.02498924238742386
1251.2420654296875 0.7958652973175049 0.1717924028635025 2.1687988505661926e-15 0.025045846637570396
1251.251953125 1.3093334436416626 0.20286285877227783 2.1685957744170883e-15 0.02510194904585026
1251.261962890625 0.9277064800262451 0.1811254918575287 2.1684015921139303e-15 0.02515889768218764
1251.27197265625 0.9763067364692688 0.18324267864227295 2.168219056513797e-15 0.025215967142728297
1251.2818603515625 0.7978247404098511 0.1708863079547882 2.1680500734408198e-15 0.025272416512495434
1251.2918701171875 1.0429036617279053 0.18809369206428528 2.167890831246736e-15 0.02532960449579319
1251.3018798828125 1.1444088220596313 0.19278228282928467 2.1677436592721505e-15 0.025386797807585196
1251.311767578125 0.894141435623169 0.1787528693675995 2.167610251582958e-15 0.025443267264701485
1251.32177734375 0.9776204228401184 0.18398430943489075 2.167487431805606e-15 0.025500366544852805
1251.331787109375 0.8943853378295898 0.17823176085948944 2.1673771057642262e-15 0.025557359858335592
1251.3416748046875 1.0278511047363281 0.1872321218252182 2.167280755766476e-15 0.025613526659119812
1251.3516845703125 0.87874835729599 0.17779655754566193 2.1671958407135138e-15 0.025670217109256134
1251.3616943359375 0.8456633687019348 0.1755153238773346 2.167123842912997e-15 0.025726702139121236
1251.37158203125 0.9451360702514648 0.18130260705947876 2.1670658211561103e-15 0.025782262120284175
1251.381591796875 1.0795625448226929 0.1896895468235016 2.1670202931351953e-15 0.025838236667414333
1251.3916015625 1.0794907808303833 0.18973304331302643 2.1669881058831997e-15 0.025893909836535094
1251.4014892578125 1.1806102991104126 0.1954026073217392 2.1669698946748337e-15 0.025948569969062876
1251.4114990234375 1.061077356338501 0.18909582495689392 2.166965024235387e-15 0.026003542062049023
1251.4215087890625 0.7641927003860474 0.16994616389274597 2.16697412983957e-15 0.026058112882072437
1251.431396484375 1.0960739850997925 0.19101926684379578 2.166996999729146e-15 0.026111598649118845
1251.44140625 1.1928993463516235 0.19659632444381714 2.167034269178825e-15 0.026165291910305224
1251.451416015625 0.9784356951713562 0.18351763486862183 2.1670861499468444e-15 0.02621849483514424
1251.4613037109375 1.013038158416748 0.18589051067829132 2.1671515832420198e-15 0.02627054241751299
1251.4713134765625 0.9136470556259155 0.1794034093618393 2.1672324748884825e-15 0.026322693631626197
1251.4813232421875 0.8984676599502563 0.17873291671276093 2.167328401369759e-15 0.026374277255217852
1251.4912109375 1.078709602355957 0.19015397131443024 2.1674378803781917e-15 0.02642464188206104
1251.501220703125 0.9966614842414856 0.18485087156295776 2.1675638765290958e-15 0.026475014540479656
1251.51123046875 0.9278113842010498 0.18120093643665314 2.1677051192730504e-15 0.026524738853334267
1251.5211181640625 1.0973966121673584 0.19066095352172852 2.167860126302398e-15 0.02657319610781719
1251.5311279296875 1.1298816204071045 0.19309082627296448 2.1680324975071642e-15 0.026621565117940896
1251.5411376953125 1.0288866758346558 0.1862630546092987 2.1682207505796915e-15 0.026669216679401534
1251.5511474609375 1.0458511114120483 0.18760544061660767 2.1684250972782166e-15 0.026715560200419194
1251.56103515625 0.9774819016456604 0.1841481477022171 2.1686429965038978e-15 0.02676172612978623
1251.571044921875 0.9461897015571594 0.18103086948394775 2.1688795304544185e-15 0.02680710777111069
1251.5810546875 1.0286921262741089 0.18709003925323486 2.1691327933056476e-15 0.026851154695944384
1251.5909423828125 1.2935365438461304 0.2024337500333786 2.169399396925796e-15 0.026894936034555412
1251.6009521484375 1.062807559967041 0.18902583420276642 2.169685694061968e-15 0.026937881646594466
1251.6109619140625 1.026382327079773 0.1866956204175949 2.1699893553735585e-15 0.026979979117526868
1251.620849609375 1.1294856071472168 0.19234953820705414 2.1703059339375948e-15 0.02702071462486051
1251.630859375 0.9772555232048035 0.1833118051290512 2.1706436883253124e-15 0.027061077872501817
1251.640869140625 1.0112109184265137 0.18564507365226746 2.1709988068884488e-15 0.02710054914321511
1251.6507568359375 0.9608097672462463 0.18245957791805267 2.1713670544622676e-15 0.02713865084325761
1251.6607666015625 0.780063807964325 0.1710774302482605 2.171757324892715e-15 0.027176310607398523
1251.6707763671875 0.9494866728782654 0.18229429423809052 2.1721658065315284e-15 0.027213048208884906
1251.6806640625 1.0549205541610718 0.18930649757385254 2.1725869936645506e-15 0.027248418851801924
1251.690673828125 1.1387856006622314 0.1942853182554245 2.1730314742036223e-15 0.027283292269191826
1251.70068359375 0.8870883584022522 0.17784108221530914 2.1734943777092968e-15 0.027317213842742844
1251.7105712890625 0.9629529118537903 0.18254348635673523 2.1739697749509432e-15 0.027349790716613157
1251.7205810546875 0.8198143839836121 0.17356935143470764 2.174469947906297e-15 0.02738181676078792
1251.7305908203125 0.7604549527168274 0.17031201720237732 2.17498875558649e-15 0.027412887551654833
1251.740478515625 1.0139988660812378 0.18635956943035126 2.1755200570026554e-15 0.02744263817875476
1251.75048828125 0.8332347273826599 0.17404073476791382 2.176077192923712e-15 0.027471804751801547
1251.760498046875 0.9307258725166321 0.17954815924167633 2.1766535988443185e-15 0.02750001445186446
1251.7703857421875 1.0860153436660767 0.19048483669757843 2.1772420749844234e-15 0.027526948307188687
1251.7803955078125 0.9504866600036621 0.1820327788591385 2.1778574444206037e-15 0.027553276252032542
1251.7904052734375 0.9471933245658875 0.18338066339492798 2.1784927191310444e-15 0.027578668998271005
1251.80029296875 0.8252048492431641 0.17260311543941498 2.1791398523027467e-15 0.027602839611941613
1251.810302734375 0.9368016123771667 0.1815284937620163 2.179815149319945e-15 0.027626398888774596
1251.8203125 1.0154359340667725 0.18772880733013153 2.180510563369641e-15 0.02764905821365517
1251.8302001953125 0.9522332549095154 0.18240444362163544 2.1812178358805983e-15 0.027670571397465555
1251.8402099609375 0.8337855339050293 0.1742883026599884 2.181954331028236e-15 0.027691486573404894
1251.8502197265625 0.714634358882904 0.16532425582408905 2.1827115784830813e-15 0.027711553166446003
1251.860107421875 0.6473620533943176 0.16060437262058258 2.1834802608827145e-15 0.027730564798301546
1251.8701171875 1.0260239839553833 0.18566827476024628 2.184279436468449e-15 0.02774901594233222
1251.880126953125 0.6248219609260559 0.16005851328372955 2.1850997878778648e-15 0.02776669433906725
1251.89013671875 0.6153917908668518 0.15773040056228638 2.1859417386274355e-15 0.02778342500768614
1251.9000244140625 0.5094166398048401 0.14917002618312836 2.1867944890470838e-15 0.027799658742548576
1251.9100341796875 0.6038269996643066 0.15762867033481598 2.1876796384769645e-15 0.027815215658402434
1251.9200439453125 0.9364391565322876 0.17991648614406586 2.188586599005237e-15 0.027829959931530403
1251.929931640625 0.7802491188049316 0.17059814929962158 2.1895041474453503e-15 0.027844296498945487
1251.93994140625 0.8236725926399231 0.17237696051597595 2.190455365445117e-15 0.02785808245920351
1251.949951171875 0.949584424495697 0.18178771436214447 2.191428818059749e-15 0.027871370888338663
1251.9598388671875 0.7811532616615295 0.1706070601940155 2.1924126468279848e-15 0.02788405525553018
1251.9698486328125 0.9871934056282043 0.1812945306301117 2.193431203947058e-15 0.02789650594432655
1251.9798583984375 0.8924735188484192 0.17804861068725586 2.1944726309557072e-15 0.027908622474708787
1251.98974609375 0.8646698594093323 0.17606957256793976 2.1955237988432498e-15 0.02792032687244757
1251.999755859375 1.113373041152954 0.18966463208198547 2.1966113891475243e-15 0.027931974303835733
1252.009765625 1.2345293760299683 0.19739653170108795 2.1977220610996115e-15 0.027943493042167984
1252.0196533203125 1.1065776348114014 0.19011978805065155 2.198842473930592e-15 0.027954815816251363
1252.0296630859375 1.1355639696121216 0.19187572598457336 2.200000156211252e-15 0.027966307029394864
1252.0396728515625 1.0218888521194458 0.18538665771484375 2.2011817671726717e-15 0.027977910920936867
1252.049560546875 1.118738055229187 0.19178417325019836 2.2023724837382744e-15 0.027989572729626707
1252.0595703125 0.9249541759490967 0.17903096973896027 2.203601952061214e-15 0.02800167284618151
1252.069580078125 0.8529870510101318 0.1737908571958542 2.2048557725813872e-15 0.028014176333442324
1252.0794677734375 1.0034772157669067 0.18405750393867493 2.2061184869475066e-15 0.028027024881840442
1252.0894775390625 1.0832653045654297 0.18981385231018066 2.207421011862147e-15 0.028040646411368518
1252.0994873046875 0.917137086391449 0.17797860503196716 2.208748524248731e-15 0.028055007181990752
1252.109375 1.110068917274475 0.18972179293632507 2.2100842952065512e-15 0.02807004072762632
1252.119384765625 0.815434455871582 0.17093780636787415 2.2114615707787867e-15 0.028086246791997786
1252.12939453125 1.2064948081970215 0.19609510898590088 2.21286425733944e-15 0.02810358542463027
1252.1392822265625 1.1046907901763916 0.18938666582107544 2.2142745671966182e-15 0.02812196500130872
1252.1492919921875 1.046218991279602 0.18541760742664337 2.2157280757341066e-15 0.028141993184246924
1252.1593017578125 0.9465514421463013 0.17952032387256622 2.2172069952600126e-15 0.02816360724917778
1252.169189453125 1.1760623455047607 0.19311770796775818 2.218693538082444e-15 0.028186681778894784
1252.17919921875 0.9277269840240479 0.17844420671463013 2.2202243383763693e-15 0.028211952726496854
1252.189208984375 0.86407470703125 0.17392931878566742 2.2217813966916595e-15 0.028239340163617063
1252.1990966796875 0.9247260689735413 0.17751853168010712 2.2233454430287646e-15 0.028268646702845665
1252.2091064453125 0.8585545420646667 0.1726207584142685 2.2249550173867845e-15 0.02830080099900385
1252.2191162109375 1.0522682666778564 0.18514613807201385 2.22659148504088e-15 0.02833565784290679
1252.2291259765625 1.0001400709152222 0.18226878345012665 2.2282548459910505e-15 0.028372957722697302
1252.239013671875 1.1455214023590088 0.1901135891675949 2.2299243479300887e-15 0.028413845614269836
1252.2490234375 0.8394245505332947 0.17176058888435364 2.2316417072306468e-15 0.028458112790366974
1252.259033203125 1.0471693277359009 0.18471944332122803 2.233386383343754e-15 0.0285053921328075
1252.2689208984375 1.207100510597229 0.19360004365444183 2.235136776929255e-15 0.02855710587623843
1252.2789306640625 0.9659625887870789 0.1794617772102356 2.2369360866674598e-15 0.02861295722146608
1252.2889404296875 0.9814815521240234 0.1797371357679367 2.238763560251161e-15 0.028673210178728023
1252.298828125 1.0075010061264038 0.18174991011619568 2.2405961160325456e-15 0.028737329709333896
1252.308837890625 1.1678427457809448 0.19083848595619202 2.2424792820325288e-15 0.028807187132381274
1252.31884765625 0.9428671002388 0.1773448884487152 2.244390611878008e-15 0.02888232183939045
1252.3287353515625 1.2803786993026733 0.1968212127685547 2.246306812162934e-15 0.028962025093551905
1252.3387451171875 0.9289193749427795 0.17603522539138794 2.2482751049741163e-15 0.029048575475828804
1252.3487548828125 1.0248066186904907 0.18142493069171906 2.250272196905505e-15 0.02914136420250771
1252.358642578125 1.0696097612380981 0.18461395800113678 2.2522733122433934e-15 0.029239467617498436
1252.36865234375 0.959036111831665 0.17672806978225708 2.2543282141734323e-15 0.029345661237084427
1252.378662109375 1.302545428276062 0.19671174883842468 2.2564121269819147e-15 0.02945912926632449
1252.3885498046875 1.1937050819396973 0.19155734777450562 2.2584998514386598e-15 0.029578711599688327
1252.3985595703125 1.18838369846344 0.19123823940753937 2.2606426330369763e-15 0.029707731588841813
1252.4085693359375 0.747097909450531 0.16310648620128632 2.2628152725466836e-15 0.02984516000571255
1252.41845703125 0.9024068117141724 0.17367833852767944 2.2649906649134695e-15 0.029989536205808635
1252.428466796875 0.9984762668609619 0.1794305294752121 2.2672228084877214e-15 0.030144826349927233
1252.4384765625 0.9175118207931519 0.17443905770778656 2.2694852334898376e-15 0.03030972720460561
1252.4483642578125 0.9511433243751526 0.1751323789358139 2.2717499878325588e-15 0.03048243081569635
1252.4583740234375 1.1846500635147095 0.18981580436229706 2.2740729756904037e-15 0.030667640837416233
1252.4683837890625 1.0082517862319946 0.1796182245016098 2.2764266684925866e-15 0.03086371478050438
1252.478271484375 1.1345192193984985 0.18707998096942902 2.278782055360664e-15 0.0310684914059229
1252.48828125 0.9126436710357666 0.1734466850757599 2.281197158051523e-15 0.03128745335571893
1252.498291015625 1.0692428350448608 0.18305854499340057 2.283643812719667e-15 0.03151861198453723
1252.5081787109375 1.161057710647583 0.18810749053955078 2.2860911026625214e-15 0.03175934957287418
1252.5181884765625 0.9899457693099976 0.17791517078876495 2.2886000142522886e-15 0.03201606234656183
1252.5281982421875 0.9885268211364746 0.17734448611736298 2.291140689577578e-15 0.032286338952436384
1252.5380859375 0.9531365036964417 0.17529433965682983 2.2936817884193408e-15 0.032567074209726994
1252.548095703125 0.7823740243911743 0.16461126506328583 2.2962857794574373e-15 0.03286565460282839
1252.55810546875 0.9537273645401001 0.17480923235416412 2.2989221695057663e-15 0.03317919701328654
1252.568115234375 0.9672449827194214 0.17603465914726257 2.301590535047854e-15 0.033504051080799575
1252.5780029296875 1.1070852279663086 0.1839209496974945 2.3042584770734684e-15 0.03384872175924447
1252.5880126953125 1.2635128498077393 0.19183021783828735 2.306991852394258e-15 0.03420975125083224
1252.5980224609375 1.2460932731628418 0.19121161103248596 2.30975762672528e-15 0.03458294302039339
1252.60791015625 0.8583890199661255 0.1678173542022705 2.312522342265118e-15 0.03497795176039545
1252.617919921875 0.9325180053710938 0.1730981171131134 2.315354185166026e-15 0.035390785318623635
1252.6279296875 0.8223215937614441 0.16610577702522278 2.318219062351877e-15 0.03582191437348571
1252.6378173828125 0.8345131874084473 0.1666603684425354 2.3210820337135965e-15 0.03626622744629989
1252.6478271484375 1.0966711044311523 0.18246778845787048 2.3240138265022805e-15 0.03673517245302397
