wave flux_norm flux_err cont_fit cont_err
1251.3017578125 1.1511850357055664 0.19392377138137817 2.154983743196475e-15 0.11302571760087327
1251.3116455078125 0.8986824750900269 0.17966070771217346 2.1566572685420126e-15 0.11202945726498276
1251.3216552734375 0.9817641973495483 0.18476416170597076 2.158339052458786e-15 0.11101934833661248
1251.3316650390625 0.8974366188049316 0.1788398176431656 2.1600079191231138e-15 0.11000774630481772
1251.341552734375 1.030531406402588 0.18772035837173462 2.1616439632607355e-15 0.10900714061843626
1251.3515625 0.880335807800293 0.1781177520751953 2.1632878424531193e-15 0.10799289870319852
1251.361572265625 0.8465245366096497 0.1756940633058548 2.164919227909531e-15 0.10697762978203443
1251.3714599609375 0.9453748464584351 0.18134842813014984 2.166518426113947e-15 0.10597375326991988
1251.3814697265625 1.0790125131607056 0.18959291279315948 2.168124824098415e-15 0.10495665194241219
1251.3914794921875 1.078132152557373 0.18949425220489502 2.1697189401051475e-15 0.10393882730711046
1251.4013671875 1.178265929222107 0.1950145810842514 2.171281504134595e-15 0.10293288333899903
1251.411376953125 1.0582029819488525 0.1885835826396942 2.172851056185857e-15 0.1019140531695427
1251.42138671875 0.7615799903869629 0.16936512291431427 2.174408326259384e-15 0.10089493554376831
1251.4312744140625 1.0915719270706177 0.19023466110229492 2.1759344678720996e-15 0.0998881094202599
1251.4412841796875 1.1871836185455322 0.19565434753894806 2.177467385748393e-15 0.09886888318924127
1251.4512939453125 0.9730913043022156 0.1825152337551117 2.178988233405188e-15 0.09784979113477395
1251.461181640625 1.0068464279174805 0.1847543567419052 2.180478587875882e-15 0.09684342813594303
1251.47119140625 0.9074739217758179 0.17819124460220337 2.1819752950936805e-15 0.09582510463779265
1251.481201171875 0.8918296694755554 0.17741242051124573 2.1834601438502172e-15 0.09480746635520836
1251.4910888671875 1.0700809955596924 0.18863295018672943 2.1849149229371265e-15 0.09380299300723897
1251.5010986328125 0.9880860447883606 0.18326038122177124 2.1863758430129034e-15 0.09278711158189971
1251.5111083984375 0.9192789793014526 0.17953456938266754 2.1878249046274187e-15 0.09177233161622694
1251.52099609375 1.0866773128509521 0.18879859149456024 2.189244531847017e-15 0.09077124304362509
1251.531005859375 1.1182059049606323 0.1910955011844635 2.190670088297246e-15 0.08975926946298002
1251.541015625 1.017686128616333 0.18423539400100708 2.1920837862862133e-15 0.08874899494352749
1251.551025390625 1.0339021682739258 0.18546204268932343 2.193485837572156e-15 0.08775289811402083
1251.5609130859375 0.9658065438270569 0.18194861710071564 2.194859089737892e-15 0.08674651048218725
1251.5709228515625 0.9344030618667603 0.17877577245235443 2.196238059376022e-15 0.08574236383762988
1251.5809326171875 1.0153642892837524 0.18466608226299286 2.1976051705528904e-15 0.08475291782557415
1251.5908203125 1.2761565446853638 0.19971385598182678 2.1989443296424995e-15 0.08375386827029932
1251.600830078125 1.0480254888534546 0.1863967627286911 2.200288570929792e-15 0.08275768978808962
1251.61083984375 1.0116357803344727 0.1840132474899292 2.2016213772722967e-15 0.08176455010877817
1251.6207275390625 1.112760305404663 0.18950124084949493 2.2029266550440156e-15 0.08078675646307788
1251.6307373046875 0.9623619318008423 0.18051809072494507 2.204236803255181e-15 0.07980034499020101
1251.6407470703125 0.9953762292861938 0.1827380359172821 2.205535516521559e-15 0.07881768702240019
1251.650634765625 0.9453796744346619 0.1795293688774109 2.206807336491861e-15 0.077850848005452
1251.66064453125 0.7672305703163147 0.16826295852661133 2.2080836033851366e-15 0.07687621186262096
1251.670654296875 0.9335069060325623 0.17922629415988922 2.2093488588500977e-15 0.0759059807452493
1251.6805419921875 1.0367861986160278 0.18605227768421173 2.2105874327772203e-15 0.07495213758717222
1251.6905517578125 1.118809461593628 0.19087724387645721 2.211830453627316e-15 0.07399136246978515
1251.7005615234375 0.8712279200553894 0.17466142773628235 2.2130622512908605e-15 0.07303570539666657
1251.71044921875 0.9454277157783508 0.1792212873697281 2.214268214449514e-15 0.07209696476211959
1251.720458984375 0.8046396970748901 0.1703566014766693 2.2154782010146666e-15 0.07115222398096196
1251.73046875 0.7461532950401306 0.16710901260375977 2.216677176151505e-15 0.07021334415036701
1251.7403564453125 0.994645357131958 0.18280264735221863 2.217850740299926e-15 0.06929194656054757
1251.7503662109375 0.8171068429946899 0.17067205905914307 2.2190281160966094e-15 0.06836555086271355
1251.7603759765625 0.9124730825424194 0.17602698504924774 2.2201944804649786e-15 0.06744579936793707
1251.770263671875 1.064457654953003 0.1867036521434784 2.2213362808778774e-15 0.06654410194591243
1251.7802734375 0.9314024448394775 0.17837785184383392 2.2224812576643284e-15 0.0656384522876512
1251.790283203125 0.9279723167419434 0.1796593815088272 2.2236156465389387e-15 0.0647402874879416
1251.8001708984375 0.8082959651947021 0.1690663844347 2.2247256832163154e-15 0.06386072653442654
1251.8101806640625 0.9174313545227051 0.17777502536773682 2.2258388962672444e-15 0.06297833504072721
1251.8201904296875 0.9942644238471985 0.18381470441818237 2.2269417331645695e-15 0.062104318294083416
1251.830078125 0.9322302937507629 0.17857278883457184 2.228020429622898e-15 0.06124945877482572
1251.840087890625 0.8161500096321106 0.17060191929340363 2.2291023024547784e-15 0.06039295718791622
1251.85009765625 0.6994256973266602 0.1618058681488037 2.2301735873748183e-15 0.059545734500074915
1251.8599853515625 0.6335104703903198 0.1571679264307022 2.2312215788888087e-15 0.058718240124291575
1251.8699951171875 1.003964900970459 0.18167650699615479 2.232272111501641e-15 0.05789036129656869
1251.8800048828125 0.6113333106040955 0.15660317242145538 2.233312479719106e-15 0.05707266009725656
1251.8900146484375 0.6020610332489014 0.1543136090040207 2.234342683541204e-15 0.05627528964150477
1251.89990234375 0.49835124611854553 0.14592979848384857 2.235350017473726e-15 0.055478814589671875
1251.909912109375 0.5906831622123718 0.15419746935367584 2.23635989250509e-15 0.05469351674926981
1251.919921875 0.9160254597663879 0.17599444091320038 2.23735939138285e-15 0.0539290468964904
1251.9298095703125 0.7632268071174622 0.16687628626823425 2.2383368674039816e-15 0.05316686707322197
1251.9398193359375 0.8057003617286682 0.16861575841903687 2.2393164610074812e-15 0.0524168290587864
1251.9498291015625 0.9288754463195801 0.17782320082187653 2.2402861019738506e-15 0.05167921698300663
1251.959716796875 0.7641372084617615 0.1668906807899475 2.241233931841828e-15 0.050963142201139525
1251.9697265625 0.9657284617424011 0.17735257744789124 2.242183879292174e-15 0.05025124918707539
1251.979736328125 0.873116672039032 0.17418691515922546 2.2431236623471525e-15 0.0495527646837361
1251.9896240234375 0.8459747433662415 0.1722627580165863 2.2440424813366866e-15 0.048876276812835046
1251.9996337890625 1.0893934965133667 0.18557968735694885 2.2449627826338784e-15 0.04820540010903606
1252.0096435546875 1.2080612182617188 0.1931643784046173 2.2458733430521767e-15 0.04754887267906072
1252.01953125 1.0829757452011108 0.18606476485729218 2.2467631511632674e-15 0.046914735068215224
1252.029541015625 1.1114879846572876 0.1878076195716858 2.2476544415820157e-15 0.04628764278326248
1252.03955078125 1.0003677606582642 0.18148238956928253 2.2485362028801074e-15 0.04567578609706958
1252.0494384765625 1.0953500270843506 0.18777479231357574 2.249397635387465e-15 0.045086647157532606
1252.0594482421875 0.9057755470275879 0.17531882226467133 2.2502603384442436e-15 0.04450592091632261
1252.0694580078125 0.8354591727256775 0.17021965980529785 2.2511135123803655e-15 0.043941255989302576
1252.079345703125 0.983055830001831 0.18031182885169983 2.2519469928004637e-15 0.0433994948351242
1252.08935546875 1.0614535808563232 0.18599189817905426 2.252781320253509e-15 0.04286746564184332
1252.099365234375 0.8988816142082214 0.17443595826625824 2.253606330344135e-15 0.042352200804534536
1252.1092529296875 1.0882419347763062 0.18599136173725128 2.2544120704352105e-15 0.041859861818870345
1252.1192626953125 0.7996129989624023 0.1676211804151535 2.2552184458009966e-15 0.04137847873011867
1252.1292724609375 1.1834179162979126 0.19234433770179749 2.2560157155625997e-15 0.040914393323391494
1252.13916015625 1.083877682685852 0.18581849336624146 2.2567941388411264e-15 0.04047308052144403
1252.149169921875 1.0268268585205078 0.18198081851005554 2.2575731973943636e-15 0.040043773115037117
1252.1591796875 0.9293099045753479 0.17625035345554352 2.258342938585181e-15 0.03963211073533534
1252.1690673828125 1.1550298929214478 0.18966403603553772 2.259094680325869e-15 0.03924285657492043
1252.1790771484375 0.9114610552787781 0.17531552910804749 2.2598464220665573e-15 0.038866447302115484
1252.1890869140625 0.8492410182952881 0.1709434539079666 2.2605892699612993e-15 0.038507805910103665
1252.198974609375 0.9091993570327759 0.17453789710998535 2.261314330164149e-15 0.03817096133252607
1252.208984375 0.8444792032241821 0.16979077458381653 2.2620393903669987e-15 0.03784756110715443
1252.218994140625 1.0354506969451904 0.18218708038330078 2.262755556723902e-15 0.037541785357551406
1252.22900390625 0.9845829010009766 0.17943359911441803 2.2634630409930964e-15 0.03725694287621388
1252.2388916015625 1.1282037496566772 0.18723949790000916 2.2641531610868718e-15 0.036985868595334113
1252.2489013671875 0.827118992805481 0.16924265027046204 2.2648432811806472e-15 0.03673200171323055
1252.2589111328125 1.0323145389556885 0.18209905922412872 2.2655245074284765e-15 0.03649794492826716
1252.268798828125 1.190560221672058 0.1909472495317459 2.2661892165338343e-15 0.03627768299817323
1252.27880859375 0.9532141089439392 0.1770932972431183 2.2668532903644817e-15 0.03607394514983824
1252.288818359375 0.969039261341095 0.17745859920978546 2.2675088938656565e-15 0.035886443707686226
1252.2987060546875 0.9952625632286072 0.17954212427139282 2.2681481919825967e-15 0.03571685991949331
1252.3087158203125 1.1543010473251343 0.18862563371658325 2.2687868548248264e-15 0.03556065721186194
1252.3187255859375 0.9324694871902466 0.17538918554782867 2.2694170473375836e-15 0.035419657696883204
1252.32861328125 1.2669970989227295 0.19476418197155 2.2700315697408166e-15 0.035294917172252485
1252.338623046875 0.9197677969932556 0.17430096864700317 2.2706450333528656e-15 0.03518293818465398
1252.3486328125 1.01534104347229 0.17974920570850372 2.2712504501519156e-15 0.03508491291168633
1252.3585205078125 1.0603975057601929 0.18302391469478607 2.2718401968414414e-15 0.03500133394049818
1252.3685302734375 0.9513968825340271 0.1753203421831131 2.2724293082562567e-15 0.034929668389957494
1252.3785400390625 1.2930340766906738 0.19527533650398254 2.2730099493415996e-15 0.034870533488572
1252.388427734375 1.185789704322815 0.19028714299201965 2.2735757673503654e-15 0.03482393928890292
1252.3984375 1.1813303232192993 0.1901031881570816 2.2741403148097104e-15 0.03478821930374673
1252.408447265625 0.7431955337524414 0.16225451231002808 2.2746968154560565e-15 0.03476350123096367
1252.4183349609375 0.8983421325683594 0.17289604246616364 2.2752389165422993e-15 0.03474937193863038
1252.4283447265625 0.9947220683097839 0.17875587940216064 2.2757795353208843e-15 0.03474495353310132
1252.4383544921875 0.9147600531578064 0.17391587793827057 2.2763123190447073e-15 0.034749944502267566
1252.4482421875 0.9490208029747009 0.17474156618118286 2.2768309149666637e-15 0.034763593175456235
1252.458251953125 1.1829464435577393 0.18954282999038696 2.2773480285809625e-15 0.03478570283824916
1252.46826171875 1.0076184272766113 0.17950539290905 2.277857518898736e-15 0.0348156262198278
1252.4781494140625 1.1347328424453735 0.18711520731449127 2.2783530331728797e-15 0.034852338385516754
1252.4881591796875 0.91358482837677 0.17362555861473083 2.2788470651393658e-15 0.034896231200443266
1252.4981689453125 1.0712649822235107 0.18340472877025604 2.2793332620510897e-15 0.03494637735946725
1252.508056640625 1.1642584800720215 0.18862603604793549 2.2798063299521313e-15 0.03500155597312987
1252.51806640625 0.9935588836669922 0.17856451869010925 2.2802774920290415e-15 0.035062634125468686
1252.528076171875 0.9930341839790344 0.1781531274318695 2.280741242567663e-15 0.03512848372179249
1252.5379638671875 0.9583550691604614 0.17625410854816437 2.2811918640956025e-15 0.03519774483924292
1252.5479736328125 0.7873957753181458 0.1656678467988968 2.2816407915576473e-15 0.03527166553865926
1252.5579833984375 0.9607651829719543 0.17609919607639313 2.2820820957231668e-15 0.035348968654273616
1252.5679931640625 0.9753279685974121 0.1775057315826416 2.2825162001086346e-15 0.03542821646862129
1252.577880859375 1.117424488067627 0.18563862144947052 2.2829378107581304e-15 0.03551094359327646
1252.587890625 1.276591181755066 0.19381579756736755 2.283357303825258e-15 0.035595786631208194
1252.597900390625 1.2602730989456177 0.1933874934911728 2.283769597112334e-15 0.03568127546810369
1252.6077880859375 0.8690438270568848 0.16990040242671967 2.2841698201799118e-15 0.035769143739181275
1252.6177978515625 0.9450843930244446 0.17543072998523712 2.2845679256651213e-15 0.03585797998536131
1252.6278076171875 0.834291398525238 0.1685236394405365 2.284958831370279e-15 0.035947424187774614
1252.6376953125 0.8475654125213623 0.16926702857017517 2.2853380903724123e-15 0.03603604769793131
1252.647705078125 1.1150466203689575 0.18552517890930176 2.2857150200339404e-15 0.03612571283195703
1252.65771484375 0.9270617365837097 0.1733761578798294 2.2860849616736538e-15 0.03621501675625305
1252.6676025390625 1.0227762460708618 0.180031418800354 2.286443680126816e-15 0.03630258923822159
1252.6776123046875 0.9122344851493835 0.17249906063079834 2.2867998574811364e-15 0.036390307219917574
1252.6876220703125 0.9741599559783936 0.1765926331281662 2.2871492585718788e-15 0.036476821652916346
1252.697509765625 0.9587610363960266 0.1761055886745453 2.287487648234307e-15 0.03656084800559095
1252.70751953125 1.101801872253418 0.1840830296278 2.2878234967978932e-15 0.03664421825314168
1252.717529296875 0.9295679926872253 0.17355306446552277 2.2881527808561383e-15 0.03672565702385349
1252.7274169921875 1.02096426486969 0.18011339008808136 2.288471265244306e-15 0.03680399935727737
1252.7374267578125 0.863397479057312 0.1703110933303833 2.2887872085336318e-15 0.03688097275517666
1252.7474365234375 1.097456932067871 0.18405702710151672 2.2890963755593796e-15 0.036955404426994944
1252.75732421875 0.9719235897064209 0.1768028885126114 2.2893953781897604e-15 0.037026261305543214
1252.767333984375 1.1428186893463135 0.1868388056755066 2.2896916279630626e-15 0.03709512169884765
1252.77734375 1.0521626472473145 0.18142446875572205 2.2899815249892604e-15 0.03716093575488651
1252.7872314453125 0.8648380637168884 0.17022114992141724 2.2902616811365647e-15 0.0372228157162492
1252.7972412109375 0.9749252796173096 0.17696397006511688 2.290538660910317e-15 0.0372821539294128
1252.8072509765625 1.0531816482543945 0.18137195706367493 2.2908094996952014e-15 0.03733803813183586
1252.817138671875 1.083107829093933 0.1827794462442398 2.2910708093594294e-15 0.037389738200085086
1252.8271484375 1.0681096315383911 0.18181556463241577 2.291329154408342e-15 0.037438425453110304
1252.837158203125 1.1473652124404907 0.18660372495651245 2.291581358468387e-15 0.03748333738226297
1252.8470458984375 0.8656244874000549 0.17033328115940094 2.291824245166012e-15 0.037523915057784796
1252.8570556640625 1.254707932472229 0.19333486258983612 2.292064167248322e-15 0.03756107889350862
1252.8670654296875 0.9891216158866882 0.17794382572174072 2.292297948341764e-15 0.03759423063283976
1252.876953125 1.0980337858200073 0.18416976928710938 2.292523047347497e-15 0.03762297858669034
1252.886962890625 1.1451575756072998 0.18698522448539734 2.2927449699796775e-15 0.03764797437857162
1252.89697265625 1.1271945238113403 0.18528282642364502 2.2929607516229905e-15 0.03766879220801084
1252.9068603515625 1.09857976436615 0.18410684168338776 2.293168274695068e-15 0.03768521409350903
1252.9168701171875 1.0378004312515259 0.1808602511882782 2.293372409635356e-15 0.03769761040468178
1252.9268798828125 1.0231704711914062 0.1792672574520111 2.2935708271032505e-15 0.03770572328687603
1252.9368896484375 1.0056345462799072 0.17809751629829407 2.293763527098751e-15 0.037709511641116834
1252.94677734375 0.9121410250663757 0.1730259507894516 2.2939479685230154e-15 0.03770905651923708
1252.956787109375 1.070520281791687 0.1819058656692505 2.294129233573728e-15 0.03770427447643305
1252.966796875 1.1776396036148071 0.1884440779685974 2.2943047811520463e-15 0.03769515974631568
1252.9766845703125 0.8020542860031128 0.16606366634368896 2.2944727054338395e-15 0.03768190607618152
1252.9866943359375 0.9758005738258362 0.17608703672885895 2.2946372415838436e-15 0.03766419336750407
1252.9967041015625 0.9243626594543457 0.17412373423576355 2.2947960602614538e-15 0.037642167093338445
1253.006591796875 0.8806765675544739 0.17062276601791382 2.2949476791590123e-15 0.03761620051824967
1253.0166015625 1.1158446073532104 0.18505555391311646 2.295095909924782e-15 0.03758566356918162
1253.026611328125 1.145728588104248 0.18683898448944092 2.2952384232181574e-15 0.03755088511956869
1253.0364990234375 1.1134830713272095 0.1850155144929886 2.295374160247955e-15 0.03751239330028321
1253.0465087890625 0.990603506565094 0.17734429240226746 2.2955062973877265e-15 0.03746927067866891
1253.0565185546875 0.9432829022407532 0.17508497834205627 2.295633140571578e-15 0.037422007878611316
1253.06640625 0.7408326864242554 0.1614183783531189 2.295753207491851e-15 0.0373712975379384
1253.076416015625 1.0045207738876343 0.17873914539813995 2.2958696745220986e-15 0.03731593411025483
1253.08642578125 0.8699121475219727 0.1706392914056778 2.2959810593546626e-15 0.037256568331173315
1253.0963134765625 1.110069751739502 0.186687171459198 2.296086091440122e-15 0.0371940468973825
1253.1063232421875 0.8596487641334534 0.17102836072444916 2.296187311877319e-15 0.037126883017935514
1253.1163330078125 1.0687711238861084 0.18488895893096924 2.2962834501168324e-15 0.03705588671677231
1253.126220703125 1.1217758655548096 0.18785302340984344 2.296373659125715e-15 0.03698204796139359
1253.13623046875 1.0782065391540527 0.18551626801490784 2.296460056486335e-15 0.036903609531587986
1253.146240234375 1.0389775037765503 0.18465586006641388 2.296541583407508e-15 0.03682153527076741
1253.1561279296875 1.1706997156143188 0.19279970228672028 2.2966173928562874e-15 0.03673695467311442
1253.1661376953125 1.2682609558105469 0.19820129871368408 2.296689178898567e-15 0.03664785210444051
1253.1761474609375 1.365208387374878 0.20294857025146484 2.296756306259637e-15 0.036555325976307985
1253.18603515625 0.9884365797042847 0.18348462879657745 2.2968181396647866e-15 0.03646064451363907
1253.196044921875 1.1792471408843994 0.19366396963596344 2.2968759496634367e-15 0.036361541713854306
1253.2060546875 0.796826958656311 0.16881237924098969 2.296929100980877e-15 0.03625925671956905
1253.2159423828125 1.0889261960983276 0.1880335509777069 2.2969773818588704e-15 0.03615516913202983
1253.2259521484375 1.095149278640747 0.18912118673324585 2.2970214275721277e-15 0.03604679316881086
1253.2359619140625 1.0595389604568481 0.18540513515472412 2.2970610263624118e-15 0.035935485864793254
1253.245849609375 1.039170265197754 0.18489183485507965 2.297095966471486e-15 0.035822741610952204
1253.255859375 1.0314128398895264 0.18478251993656158 2.297126671415824e-15 0.035705868213530945
1253.265869140625 0.9028195142745972 0.17725329101085663 2.2971531411954257e-15 0.035586326516718544
1253.27587890625 1.0156859159469604 0.18371370434761047 2.297175375810291e-15 0.03546571768959825
1253.2857666015625 0.9737681746482849 0.18097254633903503 2.2971929517439467e-15 0.03534115757840956
1253.2957763671875 1.043879747390747 0.1866656094789505 2.2972067160293395e-15 0.035214209740020784
1253.3057861328125 1.29637610912323 0.2010025829076767 2.297216245149996e-15 0.035086564081047635
1253.315673828125 0.9591761827468872 0.18039870262145996 2.2972215391059165e-15 0.03495516297343792
1253.32568359375 1.1352688074111938 0.1903335303068161 2.2972228096553374e-15 0.0348216658751103
1253.335693359375 0.9731257557868958 0.17951834201812744 2.297219845040022e-15 0.03468617655377986
1253.3455810546875 0.7809473276138306 0.16721582412719727 2.297213068776444e-15 0.03455047629803701
1253.3555908203125 1.2142179012298584 0.19579850137233734 2.2972024808646033e-15 0.0344113139046728
1253.3656005859375 1.2293962240219116 0.19652105867862701 2.2971876577880263e-15 0.03427045640480688
1253.37548828125 0.9542737603187561 0.17952094972133636 2.2971692348214235e-15 0.0341297538039046
1253.385498046875 0.9802811741828918 0.18050435185432434 2.2971467884483213e-15 0.03398583129176766
1253.3955078125 1.0701900720596313 0.18712760508060455 2.2971207421851932e-15 0.03384051700235126
1253.4053955078125 0.772332489490509 0.16772615909576416 2.2970910960320393e-15 0.033695712721281565
1253.4154052734375 0.9375401735305786 0.17863154411315918 2.297057426472386e-15 0.03354794462637338
1253.4254150390625 0.9909736514091492 0.18373887240886688 2.29701994526447e-15 0.033399097256432725
1253.435302734375 0.9969578385353088 0.18423967063426971 2.2969794994412386e-15 0.03325110498918821
1253.4453125 1.1111931800842285 0.19105707108974457 2.296934818453271e-15 0.0331004187859879
1253.455322265625 1.0238896608352661 0.18529777228832245 2.2968867493335142e-15 0.0329489616552512
1253.4652099609375 0.8441395163536072 0.17465385794639587 2.296835715598442e-15 0.032798700363216575
1253.4752197265625 0.8762126564979553 0.17594373226165771 2.2967806584568706e-15 0.032646026961175294
1253.4852294921875 1.115325927734375 0.19066084921360016 2.29672221318351e-15 0.032492894718241426
1253.4951171875 1.201748251914978 0.19601018726825714 2.296661015053071e-15 0.0323412871509549
1253.505126953125 0.9762135148048401 0.18123699724674225 2.296596005274369e-15 0.032187552831999484
1253.51513671875 0.9288569688796997 0.1790616363286972 2.2965273956056416e-15 0.03203367642952343
1253.5250244140625 1.007974624633789 0.18343393504619598 2.296456668354546e-15 0.031881630721012
1253.5350341796875 0.8570718169212341 0.17239470779895782 2.296381705938714e-15 0.031727761688971144
1253.5450439453125 1.0016111135482788 0.18104355037212372 2.2963035671493296e-15 0.031574054914033714
1253.554931640625 0.7449637651443481 0.16344745457172394 2.2962233107775773e-15 0.031422479259713657
1253.56494140625 1.0062884092330933 0.18051035702228546 2.2961390309993255e-15 0.03126939199723936
1253.574951171875 0.9366011619567871 0.17492134869098663 2.2960517866057583e-15 0.03111676317467274
1253.5848388671875 0.8946353793144226 0.17257893085479736 2.2959626363880598e-15 0.03096654645502283
1253.5948486328125 0.8119481801986694 0.16717499494552612 2.295869462763862e-15 0.030815125881558564
1253.6048583984375 1.2333749532699585 0.19216978549957275 2.2957733245243485e-15 0.030664464708586355
1253.6148681640625 0.727698564529419 0.1602109968662262 2.2956742216695197e-15 0.030516479082468954
1253.624755859375 0.6143736243247986 0.15277980268001556 2.2955736365070332e-15 0.030367608162233536
1253.634765625 0.7703982591629028 0.16384054720401764 2.2954690279380473e-15 0.030219776270462316
1253.644775390625 0.7394152283668518 0.1612730622291565 2.295361666511983e-15 0.03007486080434818
1253.6546630859375 0.7064922451972961 0.15931905806064606 2.2952530345364975e-15 0.02992937742768126
1253.6646728515625 0.8009518384933472 0.16580507159233093 2.2951403791545127e-15 0.029785209631614105
1253.6746826171875 0.6925800442695618 0.1585003286600113 2.295025182673686e-15 0.029642450728562166
1253.6845703125 0.7729233503341675 0.16395336389541626 2.2949087156434386e-15 0.029502893721667048
1253.694580078125 0.5527064204216003 0.14724282920360565 2.2947884369649285e-15 0.029363184232260368
1253.70458984375 0.645851194858551 0.15537714958190918 2.2946656171875766e-15 0.02922514016523468
1253.7144775390625 0.6148609519004822 0.15311525762081146 2.2945417386190407e-15 0.02909049545894624
1253.7244873046875 0.5075994729995728 0.14368893206119537 2.294414048402242e-15 0.028956000754496093
1253.7344970703125 0.535584568977356 0.14675699174404144 2.2942842406030754e-15 0.028823414533756885
1253.744384765625 0.45833680033683777 0.14036411046981812 2.2941533740127246e-15 0.028694389822996977
1253.75439453125 0.31836700439453125 0.12781544029712677 2.294018907532348e-15 0.02856581611210061
1253.764404296875 0.30267462134361267 0.12641198933124542 2.2938821117113664e-15 0.028439369669201266
1253.7742919921875 0.19254396855831146 0.11472976207733154 2.2937448923739112e-15 0.028316626431188253
1253.7843017578125 0.19329878687858582 0.11458669602870941 2.2936036496299566e-15 0.028194621717043174
1253.7943115234375 0.2229466289281845 0.11842462420463562 2.2934605010618706e-15 0.028074948597013566
1253.80419921875 0.25620874762535095 0.1214078813791275 2.2933171407355478e-15 0.02795908737850092
1253.814208984375 0.19305956363677979 0.11484155058860779 2.2931697570027255e-15 0.02784423543650419
1253.82421875 0.25533270835876465 0.12117233872413635 2.2930206792040088e-15 0.027731899219432244
1253.8341064453125 0.20766612887382507 0.11703966557979584 2.2928711778888184e-15 0.027623454333481796
1253.8441162109375 0.23903991281986237 0.12016168236732483 2.292718288441839e-15 0.027516275869492273
1253.8541259765625 0.28686630725860596 0.12466666847467422 2.2925634931707283e-15 0.027411771121262543
1253.864013671875 0.333583801984787 0.12951967120170593 2.2924086978996176e-15 0.02731120907027499
1253.8740234375 0.24057838320732117 0.12037598341703415 2.292250302738481e-15 0.027212147052379156
1253.884033203125 0.539422333240509 0.14721214771270752 2.29209021351145e-15 0.02711589134268327
1253.8939208984375 0.46117380261421204 0.1406651884317398 2.2919303360426557e-15 0.02702359803674953
1253.9039306640625 0.3968102037906647 0.13510648906230927 2.2917668586838356e-15 0.026933019351468718
1253.9139404296875 0.5078349709510803 0.14447495341300964 2.291601899017358e-15 0.026845349220400196
1253.923828125 0.5383244156837463 0.14722727239131927 2.2914375746255905e-15 0.02676163314684232
1253.933837890625 0.5233579277992249 0.14579856395721436 2.2912694385855605e-15 0.026679821384703727
1253.94384765625 0.5838465690612793 0.1492452770471573 2.2911000319961097e-15 0.026600991837999827
1253.953857421875 0.5515783429145813 0.1481429934501648 2.290929143099001e-15 0.026526068281991246
1253.9637451171875 0.7571504712104797 0.16347506642341614 2.290758889476603e-15 0.026453220950254198
1253.9737548828125 0.6802979707717896 0.15721987187862396 2.2905854594806527e-15 0.02638339987050722
1253.9837646484375 0.7271127104759216 0.16022449731826782 2.2904105471770447e-15 0.0263174096180775
1253.99365234375 0.8050829768180847 0.1660279482603073 2.290236481906384e-15 0.026253629671509012
1254.003662109375 0.7247899174690247 0.16103039681911469 2.290059240262171e-15 0.026192896370530037
1254.013671875 0.6357768177986145 0.15359751880168915 2.289880728068537e-15 0.026135203491363012
1254.0235595703125 0.8849571943283081 0.17113634943962097 2.289703486424324e-15 0.02608119441704942
1254.0335693359375 1.0445258617401123 0.18090344965457916 2.289522856648322e-15 0.026029534285923278
1254.0435791015625 0.945646345615387 0.17537719011306763 2.289341168081136e-15 0.02598089535504014
1254.053466796875 0.8364418148994446 0.1685505360364914 2.289160750063371e-15 0.02593579847468488
1254.0634765625 0.9449052810668945 0.1753387451171875 2.2889771556720536e-15 0.025893115293233866
1254.073486328125 0.8389165997505188 0.16872479021549225 2.288792714247789e-15 0.02585340045327402
1254.0833740234375 0.8833675384521484 0.17140531539916992 2.2886095433729452e-15 0.025817059759802797
1254.0933837890625 0.7443985342979431 0.1616341918706894 2.288423407882786e-15 0.025783173281286938
1254.1033935546875 0.7274114489555359 0.16133509576320648 2.2882364253596797e-15 0.025752175264023305
1254.11328125 0.8354273438453674 0.16869044303894043 2.288051136902468e-15 0.025724359852427603
1254.123291015625 0.8229365348815918 0.16667596995830536 2.2878626720717037e-15 0.02569900733406702
1254.13330078125 0.9607826471328735 0.17618295550346375 2.287673783724466e-15 0.025676440265778262
1254.1431884765625 0.8041673302650452 0.16645486652851105 2.287486377684886e-15 0.025656844929182538
1254.1531982421875 0.867235541343689 0.16989950835704803 2.2872962187882274e-15 0.025639691494010085
1254.1632080078125 0.8821828365325928 0.1710384637117386 2.287105636375095e-15 0.0256251951245553
1254.173095703125 1.01176118850708 0.1792566031217575 2.2869167480278575e-15 0.02561343953228154
1254.18310546875 1.1661903858184814 0.1884649246931076 2.286725318581778e-15 0.02560408212616326
1254.193115234375 1.1057565212249756 0.18470162153244019 2.286533253860988e-15 0.025597232987897414
1254.2030029296875 0.8208929300308228 0.16746893525123596 2.2863433067225663e-15 0.02559287768844357
1254.2130126953125 0.8387252688407898 0.16834110021591187 2.2861508184853028e-15 0.025590856199203503
1254.2230224609375 1.0858922004699707 0.18427082896232605 2.2859579067315656e-15 0.025591173180827625
1254.23291015625 0.9157176613807678 0.1739589422941208 2.2857671125601966e-15 0.025593729240760896
1254.242919921875 0.9621533155441284 0.17509816586971283 2.2855739890482226e-15 0.025598522456979012
1254.2529296875 0.7443809509277344 0.16253280639648438 2.285380653778012e-15 0.025605472945352478
1254.2628173828125 1.0126311779022217 0.17939867079257965 2.285189436090169e-15 0.02561440151104833
1254.2728271484375 0.7916683554649353 0.1657605916261673 2.2849958890617215e-15 0.025625454867380038
1254.2828369140625 1.0423763990402222 0.18129269778728485 2.284802342033274e-15 0.025638473797549598
1254.2928466796875 0.8550401926040649 0.16910889744758606 2.284609006763063e-15 0.02565319338232223
1254.302734375 1.0445657968521118 0.18156644701957703 2.2844177890752205e-15 0.025669914059320096
1254.312744140625 0.7125462889671326 0.16022582352161407 2.2842246655632465e-15 0.025688393881265106
1254.32275390625 0.872877299785614 0.17044325172901154 2.2840315420512725e-15 0.025708304412866596
1254.3326416015625 1.0131430625915527 0.17964647710323334 2.2838409596381403e-15 0.025730071970745092
1254.3426513671875 0.8241632580757141 0.1679157167673111 2.28364825964264e-15 0.02575338339686933
1254.3526611328125 0.933380126953125 0.17495951056480408 2.2834559831636132e-15 0.025778168785392287
1254.362548828125 0.936640739440918 0.174796000123024 2.2832662477834283e-15 0.025804030184210264
1254.37255859375 0.7306700348854065 0.16137056052684784 2.283074606579112e-15 0.025831530120821868
1254.382568359375 0.8389877080917358 0.16907043755054474 2.2828833888912693e-15 0.02586028697503945
1254.3924560546875 0.8250060677528381 0.16784067451953888 2.2826949240605052e-15 0.025889852345373453
1254.4024658203125 1.0604950189590454 0.18269047141075134 2.2825047651638466e-15 0.025920888867918226
1254.4124755859375 0.9024721384048462 0.17280252277851105 2.2823150297836617e-15 0.025952958539394562
1254.42236328125 0.8552290797233582 0.1700345277786255 2.282128259018792e-15 0.025985583300507768
1254.432373046875 0.8086502552032471 0.16695232689380646 2.281939794188028e-15 0.02601949430363885
1254.4423828125 0.9622001051902771 0.17651844024658203 2.2817519646319744e-15 0.02605422348031424
1254.4522705078125 0.9640858769416809 0.1765870451927185 2.281567311449473e-15 0.026089257908981648
1254.4622802734375 0.9177625775337219 0.1739824414253235 2.281380964201077e-15 0.026125392261629698
1254.4722900390625 0.9040261507034302 0.17297051846981049 2.2811954639856283e-15 0.02616212625331768
1254.482177734375 1.015143871307373 0.17906635999679565 2.281013140143732e-15 0.026198928600933955
1254.4921875 1.2340161800384521 0.19246898591518402 2.2808293339941776e-15 0.02623663850037068
1254.502197265625 0.8726412653923035 0.17068667709827423 2.2806463748775707e-15 0.02627473582682767
1254.5120849609375 1.0596836805343628 0.18269036710262299 2.280466803892753e-15 0.026312676119397686
1254.5220947265625 0.8851326107978821 0.17242467403411865 2.280285962358514e-15 0.026351325179929035
1254.5321044921875 1.044671654701233 0.18204131722450256 2.2801061796154593e-15 0.026390152794032368
1254.5419921875 0.9176642894744873 0.17364110052585602 2.2799297850041936e-15 0.026428613945433565
1254.552001953125 0.9501556158065796 0.1763700544834137 2.2797523316017438e-15 0.026467585860408684
1254.56201171875 1.0787105560302734 0.1834837794303894 2.279575936990478e-15 0.026506528302976076
1254.5718994140625 0.8404440879821777 0.16837187111377716 2.2794029305110014e-15 0.026544906644447395
1254.5819091796875 0.9191990494728088 0.1733849197626114 2.2792290769985775e-15 0.02658359574071149
1254.5919189453125 0.9175107479095459 0.17420578002929688 2.2790567057938112e-15 0.026622063949551755
1254.601806640625 0.8719723224639893 0.1714835911989212 2.278887510962597e-15 0.026659775104511035
1254.61181640625 0.9040451049804688 0.17324037849903107 2.2787178926149095e-15 0.026697604517969497
1254.621826171875 1.1258611679077148 0.18642251193523407 2.2785495448166427e-15 0.02673501798513346
1254.6317138671875 0.871263325214386 0.17104513943195343 2.2783847969084017e-15 0.026771507612474644
1254.6417236328125 0.9831129312515259 0.1781085878610611 2.278219625483687e-15 0.026807912175679894
1254.6517333984375 1.0929182767868042 0.18459193408489227 2.2780559363666303e-15 0.02684372198123749
1254.6617431640625 0.9841496348381042 0.17844919860363007 2.277893729557231e-15 0.026878447548974956
1254.671630859375 0.9536839127540588 0.17546148598194122 2.2777353343960945e-15 0.026912893685224964
1254.681640625 0.9994884729385376 0.17922261357307434 2.2775765157184843e-15 0.026946569248641635
1254.691650390625 1.031695008277893 0.18119540810585022 2.2774196028650055e-15 0.026979017949729556
1254.7015380859375 0.9382872581481934 0.17518185079097748 2.2772662899015524e-15 0.027010991471035976
1254.7115478515625 1.037261962890625 0.1818562150001526 2.2771129769380994e-15 0.027042023694881286
1254.7215576171875 0.9108484387397766 0.17354242503643036 2.2769615697987777e-15 0.027072064667699663
1254.7314453125 1.0579391717910767 0.1826554834842682 2.276813762549482e-15 0.02710071438380008
1254.741455078125 0.7727892994880676 0.16547918319702148 2.2766661670584228e-15 0.027128628157138714
1254.75146484375 0.9110107421875 0.17445185780525208 2.276520477391495e-15 0.027155393825027865
1254.7613525390625 0.8976958394050598 0.1730581820011139 2.27637859937283e-15 0.027180655419265985
1254.7713623046875 1.0071442127227783 0.18003186583518982 2.2762371448706385e-15 0.027204990903641212
1254.7813720703125 1.0442464351654053 0.1823955774307251 2.276097807950815e-15 0.027228028471228335
1254.791259765625 0.8930774331092834 0.17434637248516083 2.2759622826792544e-15 0.027249471390897922
1254.80126953125 0.9425836801528931 0.17486487329006195 2.275827392682404e-15 0.0272697962728183
1254.811279296875 0.8081339597702026 0.16839797794818878 2.275694620267922e-15 0.027288682834782467
1254.8211669921875 0.9019258618354797 0.17437946796417236 2.2755658712599394e-15 0.027305892666960322
1254.8311767578125 0.940127968788147 0.17799420654773712 2.2754377575266672e-15 0.027321796242429718
1254.8411865234375 0.7592359185218811 0.16399537026882172 2.275311973134e-15 0.02733613797683246
1254.85107421875 0.7790190577507019 0.16622528433799744 2.275190212147832e-15 0.02734872602526238
1254.861083984375 1.0186656713485718 0.18153448402881622 2.2750695099528484e-15 0.027359829736628406
1254.87109375 0.8090580105781555 0.16874027252197266 2.2749511370984696e-15 0.027369244663031096
1254.8809814453125 0.887254536151886 0.17339001595973969 2.2748367876505903e-15 0.02737684994795725
1254.8909912109375 0.8868345618247986 0.1737259030342102 2.274723708752132e-15 0.027382792123322428
1254.9010009765625 0.8785006403923035 0.1734279990196228 2.274613170952515e-15 0.027386928420373623
1254.910888671875 0.8154206275939941 0.16983075439929962 2.274506656559398e-15 0.027389210759795182
1254.9208984375 0.8418357968330383 0.1708059012889862 2.2744016244739384e-15 0.02738965475678922
1254.930908203125 0.8897573947906494 0.17429618537425995 2.2742993452455574e-15 0.027388187186849666
1254.9407958984375 0.8344741463661194 0.1706334799528122 2.274200877665439e-15 0.027384827599158865
1254.9508056640625 0.9171124696731567 0.17464157938957214 2.274104315909452e-15 0.027379460302002404
1254.9608154296875 0.6616706252098083 0.15830394625663757 2.2740105070105437e-15 0.027372082326044694
1254.970703125 0.9686298966407776 0.17766502499580383 2.2739207215181348e-15 0.027362790313132428
1254.980712890625 0.6209200024604797 0.15602581202983856 2.273832841849857e-15 0.027351324498602933
1254.99072265625 0.9145439267158508 0.17533466219902039 2.2737481385551317e-15 0.027337757096508444
1255.000732421875 0.9764941930770874 0.17912597954273224 2.2736663998757217e-15 0.0273222634685606
1255.0106201171875 0.6885185837745667 0.15877507627010345 2.273588684602811e-15 0.027304434293677567
1255.0206298828125 0.8501503467559814 0.169259712100029 2.2735130869122686e-15 0.02728442034653478
1255.0306396484375 0.8887193202972412 0.1731225699186325 2.273440877353515e-15 0.02726247988789994
1255.04052734375 0.7925547957420349 0.16704882681369781 2.2733726912012612e-15 0.027238049850166295
1255.050537109375 0.6741825938224792 0.1570913940668106 2.2733068343896122e-15 0.027211359837143758
1255.060546875 0.7921281456947327 0.16707567870616913 2.2732443657097522e-15 0.02718238894017105
1255.0704345703125 0.6045864820480347 0.15364336967468262 2.2731859204363917e-15 0.02715150724244071
1255.0804443359375 0.710821807384491 0.1614912748336792 2.2731302280201097e-15 0.027117935421131986
1255.0904541015625 0.5019209980964661 0.1459537297487259 2.2730779237356167e-15 0.027082021613167695
1255.100341796875 0.5402167439460754 0.1492244154214859 2.27302985461586e-15 0.027044223836705857
1255.1103515625 0.5390372276306152 0.1491638422012329 2.272984538353182e-15 0.027003594177013385
1255.120361328125 0.3147335946559906 0.12852662801742554 2.2729430337387665e-15 0.02696056846663525
1255.1302490234375 0.41581934690475464 0.13890564441680908 2.2729053407726137e-15 0.026915700457150422
1255.1402587890625 0.5214806795120239 0.14763186872005463 2.27287103593825e-15 0.026867863678748362
1255.1502685546875 0.5877934694290161 0.15288591384887695 2.272840330993912e-15 0.02681758998985922
1255.16015625 0.5076419711112976 0.14693820476531982 2.2728138612143102e-15 0.026765520415393623
1255.170166015625 0.7175089716911316 0.16178980469703674 2.2727905678082607e-15 0.026710361648757626
1255.18017578125 0.7600169777870178 0.16407792270183563 2.2727712978087107e-15 0.026652732707988246
1255.1900634765625 0.802045464515686 0.16735245287418365 2.27275605121566e-15 0.02659337521218816
1255.2000732421875 0.6292208433151245 0.15528760850429535 2.272744616270872e-15 0.026530812157085693
1255.2100830078125 0.67339688539505 0.15834087133407593 2.272736992974347e-15 0.02646576106909284
1255.219970703125 0.9505581855773926 0.1770218163728714 2.272733604842558e-15 0.02639905457471861
1255.22998046875 0.7877961993217468 0.16650256514549255 2.2727340283590315e-15 0.026329045110795694
1255.239990234375 0.8775685429573059 0.17199130356311798 2.2727386870402414e-15 0.026256538773642854
1255.2498779296875 0.8788421154022217 0.17087742686271667 2.2727473691279507e-15 0.02618247128473483
1255.2598876953125 1.098746418952942 0.18537570536136627 2.2727602863803964e-15 0.026105009811232007
1255.2698974609375 0.9100057482719421 0.1734752655029297 2.2727772270393415e-15 0.026025068561722292
1255.27978515625 0.9824933409690857 0.1798141747713089 2.272798402863023e-15 0.025943669294023846
1255.289794921875 1.213380217552185 0.19310277700424194 2.2728240256096773e-15 0.025858807936199657
1255.2998046875 0.9927039742469788 0.1793174296617508 2.2728540952793048e-15 0.02577149060955794
1255.3096923828125 0.8319275975227356 0.17006899416446686 2.2728881883554318e-15 0.02568283897935076
1255.3197021484375 0.8302865624427795 0.17003707587718964 2.2729269401127686e-15 0.025590680866392945
1255.3297119140625 1.1978815793991089 0.19273298978805542 2.2729703505513154e-15 0.025496113993478522
1255.3397216796875 0.9430015087127686 0.1775672435760498 2.2730182079128353e-15 0.025400352466889445
1255.349609375 0.7192816138267517 0.1624838411808014 2.273069876922618e-15 0.02530106527504081
1255.359619140625 0.8391894698143005 0.1700645089149475 2.2731268398883207e-15 0.025199437485998948
1255.36962890625 0.9781743884086609 0.18007048964500427 2.2731884615352334e-15 0.025096780085570192
1255.3795166015625 1.0961393117904663 0.18569277226924896 2.2732541065886456e-15 0.024990595904010163
1255.3895263671875 0.9906906485557556 0.17987312376499176 2.273325045597978e-15 0.024882176739984774
1255.3995361328125 0.7616519331932068 0.16540782153606415 2.2734008550467574e-15 0.024771553617940652
1255.409423828125 0.7970962524414062 0.16784004867076874 2.273480687902036e-15 0.024660166516492735
1255.41943359375 0.962756872177124 0.17923523485660553 2.273566026471472e-15 0.024545307179487462
1255.429443359375 0.8236663937568665 0.16893388330936432 2.2736564472385914e-15 0.024428396156390624
1255.4393310546875 1.1144330501556396 0.18735907971858978 2.2737506796539735e-15 0.024310943175226685
1255.4493408203125 0.8133913278579712 0.1687026470899582 2.273851053058223e-15 0.02419011190755009
1255.4593505859375 0.9464887380599976 0.17633135616779327 2.2739562969019194e-15 0.02406740569783331
1255.46923828125 0.9303123950958252 0.1758766621351242 2.2740653523938784e-15 0.023944425837675844
1255.479248046875 0.7672190070152283 0.16499775648117065 2.2741809723911786e-15 0.023818207756435283
1255.4892578125 0.932553231716156 0.17599011957645416 2.2743016745861624e-15 0.023690343151011723
1255.4991455078125 0.9329565167427063 0.1761917620897293 2.274425976671172e-15 0.023562508465302195
1255.5091552734375 1.2150264978408813 0.19299320876598358 2.2745570550197595e-15 0.02343164258621214
1255.5191650390625 1.3011430501937866 0.19810479879379272 2.2746934273242675e-15 0.023299408063949152
1255.529052734375 1.110251784324646 0.18663857877254486 2.2748333995188013e-15 0.023167552290222198
1255.5390625 1.1503175497055054 0.18797612190246582 2.2749805714933867e-15 0.02303293346593352
1255.549072265625 1.1609491109848022 0.1899971067905426 2.2751330374238925e-15 0.02289729458210349
1255.5589599609375 0.9547182321548462 0.17815622687339783 2.275289103244424e-15 0.02276244326803131
1255.5689697265625 1.0625975131988525 0.1838892698287964 2.2754523688450073e-15 0.022625189130333255
1255.5789794921875 0.902794599533081 0.17442628741264343 2.2756215636762214e-15 0.0224873310261841
1255.5888671875 0.9648879170417786 0.1777641475200653 2.2757939348809876e-15 0.022350723286701284
1255.598876953125 0.89967942237854 0.17305490374565125 2.275974141140516e-15 0.02221216248567744
1255.60888671875 1.1041545867919922 0.18601015210151672 2.2761598531142015e-15 0.022073508403452385
1255.6187744140625 1.05448579788208 0.1830872744321823 2.276349164977913e-15 0.021936647361266336
1255.6287841796875 0.8893357515335083 0.17338630557060242 2.276546523654623e-15 0.02179839851112494
1255.6387939453125 1.0383855104446411 0.18182460963726044 2.2767495998037273e-15 0.02166067109584801
1255.648681640625 0.9933700561523438 0.17978042364120483 2.2769560640846205e-15 0.021525353047015323
1255.65869140625 0.9660475850105286 0.17796429991722107 2.2771707869367495e-15 0.021389345079286328
1255.668701171875 0.9862795472145081 0.17780432105064392 2.2773914390195093e-15 0.021254576712698734
1255.6787109375 0.8790448307991028 0.17155027389526367 2.2776182320911366e-15 0.02112293745826295
1255.6885986328125 0.957266628742218 0.1758849024772644 2.277848201536316e-15 0.02099145257975711
1255.6986083984375 1.01756751537323 0.17890489101409912 2.278086853069205e-15 0.020862065057316925
1255.7086181640625 0.8914389610290527 0.1726205199956894 2.2783318573491983e-15 0.020736617179880942
1255.718505859375 0.9522523880004883 0.176339253783226 2.278579826244507e-15 0.020612345192712912
1255.728515625 1.0492504835128784 0.1818428784608841 2.2788369007439987e-15 0.020491153432469624
1255.738525390625 1.0022133588790894 0.17927753925323486 2.279100327990595e-15 0.02037341778169741
1255.7484130859375 1.035049557685852 0.1804976612329483 2.2793667198525063e-15 0.020260873381457142
1255.7584228515625 1.0320289134979248 0.18126699328422546 2.2796426408350744e-15 0.020151149800304424
1255.7684326171875 0.8281388878822327 0.16829019784927368 2.2799251263229837e-15 0.020046066584995154
1255.7783203125 1.0667240619659424 0.1828082650899887 2.2802101529097347e-15 0.01994724945178534
1255.788330078125 0.9011844992637634 0.17223197221755981 2.280505343891853e-15 0.019852701218620927
1255.79833984375 0.7951949238777161 0.16594521701335907 2.2808068876210754e-15 0.019764144578383578
1255.8082275390625 1.0930607318878174 0.1846967190504074 2.2811113959656133e-15 0.019683013105997547
1255.8182373046875 0.8099001049995422 0.1669471114873886 2.2814260687055183e-15 0.01960779992642202
1255.8282470703125 0.9066067934036255 0.17270247638225555 2.2817473059507645e-15 0.0195400549128303
1255.838134765625 0.9834953546524048 0.17819486558437347 2.2820712960530893e-15 0.01948098005415573
1255.84814453125 0.8507469892501831 0.16951200366020203 2.2824058740672547e-15 0.019429640252680534
1255.858154296875 0.8053864240646362 0.16672877967357635 2.282747228344998e-15 0.01938736201167981
1255.8680419921875 0.9387378096580505 0.1761896312236786 2.2830913354798203e-15 0.019355028921837703
1255.8780517578125 1.0378059148788452 0.1836933195590973 2.28344624228472e-15 0.019332393683035316
