wave flux_norm flux_err cont_fit cont_err
1140.46875 1.0594533681869507 0.2950302064418793 2.061569138125008e-15 0.03980357904169479
1140.4786376953125 0.7992458939552307 0.2719671428203583 2.060408491229033e-15 0.03949059643857132
1140.4886474609375 0.7299339175224304 0.26648861169815063 2.0592366211465065e-15 0.03917948575085442
1140.4986572265625 1.2236493825912476 0.3107444643974304 2.0580675039210588e-15 0.03887403035161436
1140.508544921875 0.7323518395423889 0.2655072510242462 2.0569157508710297e-15 0.03856672581645992
1140.5185546875 0.7719756960868835 0.27114877104759216 2.0557525628762128e-15 0.038261400116502496
1140.528564453125 1.0867908000946045 0.30040881037712097 2.054592551254948e-15 0.037958081837965334
1140.5384521484375 1.0089844465255737 0.29348066449165344 2.0534494802926283e-15 0.037660476941444546
1140.5484619140625 1.082811713218689 0.2999139726161957 2.0522953979019943e-15 0.03736127159704122
1140.5584716796875 1.2197397947311401 0.31068822741508484 2.051144068368439e-15 0.037064185896742645
1140.568359375 0.9419426918029785 0.2874719202518463 2.0500098912520654e-15 0.03677285869079953
1140.578369140625 1.0929800271987915 0.3008168339729309 2.0488647027073776e-15 0.036480117097424276
1140.58837890625 1.129593014717102 0.3030233085155487 2.047722478778005e-15 0.03618962028476746
1140.5982666015625 0.9417911171913147 0.2868801951408386 2.046597195507578e-15 0.03590491310947397
1140.6082763671875 0.7492367625236511 0.27192118763923645 2.045460900808836e-15 0.035618986572781515
1140.6182861328125 1.011160135269165 0.2964877486228943 2.04432757072541e-15 0.03533544299553864
1140.628173828125 1.2756822109222412 0.3176506757736206 2.043210969542692e-15 0.03505770223778341
1140.63818359375 1.1466829776763916 0.3079475462436676 2.0420837804481333e-15 0.03477897446980711
1140.648193359375 0.9198949933052063 0.29007384181022644 2.04095955596889e-15 0.034502731022637206
1140.658203125 0.9860908389091492 0.2952912151813507 2.039838296104962e-15 0.03423233946569586
1140.6680908203125 0.844484269618988 0.28342026472091675 2.0387335533835057e-15 0.03396116945600803
1140.6781005859375 0.7076988816261292 0.26983338594436646 2.0376182227502086e-15 0.0336926115406772
1140.6881103515625 1.0997228622436523 0.3054738938808441 2.0365060684904637e-15 0.03342994828968227
1140.697998046875 0.7969762086868286 0.2804982364177704 2.0354102196149535e-15 0.03316671408511062
1140.7080078125 0.9608424305915833 0.294802188873291 2.0343039945858394e-15 0.03290623347624846
1140.718017578125 0.8872531652450562 0.28737667202949524 2.0332007341720406e-15 0.03265166305887624
1140.7279052734375 1.1241059303283691 0.3073422312736511 2.0321139909007134e-15 0.03239676259334902
1140.7379150390625 0.8009006381034851 0.27810633182525635 2.0310166597175454e-15 0.0321447390304612
1140.7479248046875 0.7261393666267395 0.27052515745162964 2.0299225049079297e-15 0.03189865529029707
1140.7578125 1.047310709953308 0.3045637011528015 2.0288446554825486e-15 0.031652481788779656
1140.767822265625 0.9855279326438904 0.2992774248123169 2.0277564299035636e-15 0.03140930647202075
1140.77783203125 0.7299574613571167 0.27291256189346313 2.026671380698131e-15 0.031172097978885413
1140.7877197265625 0.9027039408683777 0.2922346293926239 2.025602425118696e-15 0.03093503539491628
1140.7977294921875 1.0644996166229248 0.3029821813106537 2.0245235169021308e-15 0.030701110348091015
1140.8077392578125 1.045383334159851 0.3043244779109955 2.023447361542644e-15 0.03047315926240398
1140.817626953125 1.0856684446334839 0.3079383373260498 2.0223875115673922e-15 0.030245599474910154
1140.82763671875 1.127050757408142 0.30842792987823486 2.0213174971967732e-15 0.03002130779866727
1140.837646484375 0.9818221926689148 0.2979300022125244 2.0202506591997065e-15 0.02980300146398725
1140.8475341796875 1.1158558130264282 0.3066297769546509 2.0191997030704007e-15 0.029585337071228904
1140.8575439453125 0.8422149419784546 0.2825331389904022 2.0181387943039647e-15 0.029371060533719285
1140.8675537109375 0.9327310919761658 0.2914072275161743 2.017081061911081e-15 0.02916022403367837
1140.87744140625 0.9656147360801697 0.2930300533771515 2.016039211385958e-15 0.028955369308765366
1140.887451171875 1.3909200429916382 0.3264801800251007 2.014987619981942e-15 0.028751485227758097
1140.8974609375 0.8580989241600037 0.28335410356521606 2.013938993193241e-15 0.028551156642566855
1140.9073486328125 0.9745636582374573 0.29441192746162415 2.0129062482723012e-15 0.02835680414920849
1140.9173583984375 0.9180084466934204 0.28753340244293213 2.011863550714231e-15 0.028163668527815648
1140.9273681640625 0.9181660413742065 0.2872123718261719 2.01082424128795e-15 0.027974198308521332
1140.937255859375 0.7741190195083618 0.2741878926753998 2.0098003902129565e-15 0.02779068628771532
1140.947265625 1.0841789245605469 0.30226126313209534 2.008767221775543e-15 0.027608627235636434
1140.957275390625 0.8003571033477783 0.2762899100780487 2.0077368061952082e-15 0.027430348032835217
1140.96728515625 1.0421520471572876 0.29827743768692017 2.0067097787466624e-15 0.027257983657852685
1140.9771728515625 0.7629927396774292 0.2715055048465729 2.005698209649404e-15 0.027087312087045432
1140.9871826171875 0.902025043964386 0.28577089309692383 2.004677111431489e-15 0.026920514889341246
1140.9971923828125 1.0048527717590332 0.29340678453445435 2.003659189587126e-15 0.026759585995807987
1141.007080078125 0.8323732018470764 0.27958375215530396 2.0026567260940506e-15 0.02660058015186418
1141.01708984375 0.8688762784004211 0.28369104862213135 2.0016449452385553e-15 0.02644552781295388
1141.027099609375 1.0072115659713745 0.295501708984375 2.0006361289983754e-15 0.026296278457286996
1141.0369873046875 0.8332680463790894 0.2798440158367157 1.9996429828677198e-15 0.026149165648198917
1141.0469970703125 1.0400394201278687 0.29790636897087097 1.9986403076164075e-15 0.026006080612512854
1141.0570068359375 1.214133620262146 0.31200310587882996 1.9976410204968842e-15 0.025868714731469372
1141.06689453125 1.006576657295227 0.2950831353664398 1.9966567682121747e-15 0.025733687864457972
1141.076904296875 1.0425523519515991 0.29809513688087463 1.9956634103232822e-15 0.025602741805991567
1141.0869140625 1.042587399482727 0.2982282340526581 1.9946734405661788e-15 0.02547741163338335
1141.0968017578125 0.9385675191879272 0.2898842990398407 1.9936982938856523e-15 0.02535461088645099
1141.1068115234375 0.799959123134613 0.27633628249168396 1.9927144651174164e-15 0.02523592198475863
1141.1168212890625 0.9041843414306641 0.2861853241920471 1.991733600964496e-15 0.025122725748700624
1141.126708984375 0.7665548324584961 0.2727591097354889 1.9907677716463892e-15 0.025012230680567977
1141.13671875 0.8358033895492554 0.2798882722854614 1.989793260240573e-15 0.02490586157027013
1141.146728515625 1.1500905752182007 0.3076491951942444 1.9888217134500724e-15 0.024804840712833818
1141.1566162109375 0.5580300092697144 0.25287753343582153 1.9878652014943855e-15 0.024706669450742257
1141.1666259765625 0.8730350732803345 0.2832949459552765 1.9868997956927524e-15 0.024612616785865103
1141.1766357421875 1.0122783184051514 0.2973487377166748 1.9859377780229084e-15 0.024523747357041478
1141.1865234375 0.7708833813667297 0.27446046471595764 1.9849903716714044e-15 0.0244378559058555
1141.196533203125 1.0518784523010254 0.2992208003997803 1.984034494990428e-15 0.02435605040813351
1141.20654296875 0.7731153964996338 0.27541396021842957 1.983081582924767e-15 0.02427831876104003
1141.2164306640625 1.0615819692611694 0.3023228347301483 1.9821434939356827e-15 0.024205516410881155
1141.2264404296875 0.7396557331085205 0.27256545424461365 1.981197146375363e-15 0.02413582360057344
1141.2364501953125 1.129402995109558 0.30766722559928894 1.9802537634303584e-15 0.024070140422265362
1141.246337890625 1.0535117387771606 0.30196213722229004 1.979324991803694e-15 0.0240091743702786
1141.25634765625 1.1624963283538818 0.30963659286499023 1.978387749847557e-15 0.023951388540733868
1141.266357421875 0.9854925870895386 0.29483872652053833 1.9774536842649725e-15 0.02389753299490063
1141.2762451171875 1.2004812955856323 0.3124348819255829 1.976534230000728e-15 0.02384815511577726
1141.2862548828125 1.2151762247085571 0.3164919316768646 1.9756065171652477e-15 0.023802004709273836
1141.2962646484375 1.0077590942382812 0.2997726798057556 1.9746819807033196e-15 0.0237596773001009
1141.3062744140625 1.4671690464019775 0.3366840183734894 1.9737606206149437e-15 0.0237215780894675
1141.316162109375 1.3711100816726685 0.32938843965530396 1.972853660086671e-15 0.023686726253678757
1141.326171875 1.2195273637771606 0.31703317165374756 1.9719386527453997e-15 0.0236555708413487
1141.336181640625 0.6282564997673035 0.26276907324790955 1.9710266100194437e-15 0.023628377615984998
1141.3460693359375 1.0513051748275757 0.30314210057258606 1.970128966853591e-15 0.023604427443909802
1141.3560791015625 1.0760095119476318 0.3044988214969635 1.9692232768747393e-15 0.023584026615931897
1141.3660888671875 1.355027675628662 0.32742512226104736 1.9683209750276766e-15 0.02356731018271984
1141.3759765625 1.171945333480835 0.312029629945755 1.9674326492242437e-15 0.023553807620897486
1141.385986328125 1.2854622602462769 0.3213057816028595 1.9665364883660486e-15 0.023543693776762107
1141.39599609375 0.8525883555412292 0.2844026982784271 1.9656435038814058e-15 0.023536973951309777
1141.4058837890625 0.8537087440490723 0.2838265597820282 1.9647644954403926e-15 0.023533419188636866
1141.4158935546875 0.8248794078826904 0.2814813256263733 1.963878075461091e-15 0.023533076727582945
1141.4259033203125 0.6816821694374084 0.26843059062957764 1.9629946200971048e-15 0.02353582642958219
1141.435791015625 1.1075574159622192 0.3077639639377594 1.9621251407767482e-15 0.023541677824067887
1141.44580078125 1.2164990901947021 0.31699129939079285 1.9612480381598664e-15 0.023550549190326116
1141.455810546875 0.9069700241088867 0.29074135422706604 1.9603741119165368e-15 0.023562212736345702
1141.4656982421875 1.0381901264190674 0.30308234691619873 1.9595139499586e-15 0.02357689208745366
1141.4757080078125 1.1537965536117554 0.3124220669269562 1.9586465882206116e-15 0.0235943927780913
1141.4857177734375 0.8684617280960083 0.2875319719314575 1.9577821910979386e-15 0.0236143829220292
1141.49560546875 1.1913869380950928 0.31496304273605347 1.9569315582606585e-15 0.023637287858913694
1141.505615234375 1.3057804107666016 0.32588818669319153 1.9560737256433267e-15 0.023662807093785983
1141.515625 1.0884158611297607 0.30753183364868164 1.9552188576413103e-15 0.02369087128620081
1141.5255126953125 1.0496958494186401 0.3029519319534302 1.9543777539246868e-15 0.023721023121131883
1141.5355224609375 0.9105849266052246 0.29253721237182617 1.9535294504280116e-15 0.02375393597313687
1141.5455322265625 1.5249061584472656 0.3452721834182739 1.9526843233048886e-15 0.023789181359607246
1141.555419921875 0.9236267805099487 0.2949286997318268 1.9518527487089217e-15 0.023826219596655242
1141.5654296875 0.8681879043579102 0.29135018587112427 1.951013974332903e-15 0.023865892951875075
1141.575439453125 1.0381498336791992 0.30568501353263855 1.9501785880886736e-15 0.02390768676542415
1141.5853271484375 0.8770313262939453 0.28932857513427734 1.9493563308551265e-15 0.02395098297741694
1141.5953369140625 0.975944459438324 0.30136021971702576 1.9485272973580013e-15 0.023996782403777974
1141.6053466796875 1.0779045820236206 0.31035012006759644 1.9477014402344284e-15 0.024044489768458136
1141.6153564453125 1.0043346881866455 0.302248477935791 1.9468787594844076e-15 0.02409342133104384
1141.625244140625 1.071487545967102 0.30689942836761475 1.946069419503306e-15 0.024144714335453208
1141.63525390625 0.9509884119033813 0.2962617576122284 1.9452533032586266e-15 0.02419770836584305
1141.645263671875 1.1258633136749268 0.3135201930999756 1.9444403633874993e-15 0.024251656685994907
1141.6551513671875 0.9523760676383972 0.2960427701473236 1.9436405525270544e-15 0.02430782676883778
1141.6651611328125 0.9131361842155457 0.2926420569419861 1.9428339654030315e-15 0.02436549142211156
1141.6751708984375 1.3181777000427246 0.3278423547744751 1.9420307664107976e-15 0.0244238559861372
1141.68505859375 0.8665506839752197 0.2888064682483673 1.9412404846710094e-15 0.02448429585963308
1141.695068359375 0.6462794542312622 0.2659800350666046 1.94044363842588e-15 0.024546034017707694
1141.705078125 1.1138697862625122 0.3096792995929718 1.9396501803125394e-15 0.024608228127230534
1141.7149658203125 1.250380516052246 0.32108041644096375 1.9388694276934078e-15 0.024672351969717437
1141.7249755859375 1.2458418607711792 0.31978151202201843 1.9380825340854085e-15 0.02473758390178464
1141.7349853515625 1.2445205450057983 0.32071149349212646 1.9372986050927247e-15 0.024803043495461252
1141.744873046875 1.1388638019561768 0.3115571141242981 1.9365275933524865e-15 0.024870288042849485
1141.7548828125 1.103696584701538 0.30768924951553345 1.935750228865144e-15 0.0249384560672827
1141.764892578125 1.281308889389038 0.3212903141975403 1.9349762525095902e-15 0.025006640307741412
1141.7747802734375 0.9634416103363037 0.29673388600349426 1.9342149816482454e-15 0.025076466136633002
1141.7847900390625 0.9639738202095032 0.2970704734325409 1.933447358039796e-15 0.025147039623606645
1141.7947998046875 1.1051567792892456 0.30745357275009155 1.932683122563136e-15 0.025217431306147408
1141.8046875 1.1407781839370728 0.31160616874694824 1.931931380822448e-15 0.02528932356810818
1141.814697265625 1.0707299709320068 0.305507630109787 1.931173709851129e-15 0.025361798649119173
1141.82470703125 0.9291632771492004 0.292866587638855 1.930419215253362e-15 0.025433908457731462
1141.8345947265625 0.9631319642066956 0.2971489727497101 1.9296772143915673e-15 0.025507381559465934
1141.8446044921875 1.069636344909668 0.30435484647750854 1.9289292842991418e-15 0.025581280778420368
1141.8546142578125 1.1044198274612427 0.30682212114334106 1.9281845305802684e-15 0.025655553610112406
1141.864501953125 0.8580906987190247 0.2858186662197113 1.927452270597367e-15 0.025729241729578828
1141.87451171875 0.9292752146720886 0.2939993739128113 1.9267142931420718e-15 0.025804115443688522
1141.884521484375 1.1065281629562378 0.30955448746681213 1.9259794920603287e-15 0.02587921972192196
1141.8944091796875 1.248927354812622 0.3194926977157593 1.925256761198084e-15 0.025953591055198736
1141.9044189453125 1.0357896089553833 0.3030165731906891 1.924528524621682e-15 0.02602901949844943
1141.9144287109375 0.7876260280609131 0.279288113117218 1.923803676177069e-15 0.026104544012241795
1141.92431640625 0.9654878973960876 0.2979714870452881 1.923090686193718e-15 0.026179200747984976
1141.934326171875 1.284885287284851 0.3237694501876831 1.9223724022544462e-15 0.02625479162333052
1141.9443359375 0.7183395624160767 0.2747882008552551 1.9216572946887268e-15 0.026330352451763357
1141.954345703125 1.03791344165802 0.303863525390625 1.9209455752547963e-15 0.026404926118550328
1141.9642333984375 1.0027086734771729 0.30106139183044434 1.9202457142821275e-15 0.02648031513226226
1141.9742431640625 0.9680251479148865 0.29670488834381104 1.9195405593535383e-15 0.026555557344285028
1141.9842529296875 0.8250390291213989 0.2833935022354126 1.918838792556738e-15 0.02662970622121683
1141.994140625 0.8966807126998901 0.29071488976478577 1.9181488842211995e-15 0.026704552769248865
1142.004150390625 0.7204657793045044 0.27465060353279114 1.9174536819297405e-15 0.026779149019440264
1142.01416015625 0.8275608420372009 0.28591102361679077 1.9167616560118337e-15 0.026852556029239246
1142.0240478515625 0.8640745878219604 0.287859171628952 1.9160814885551885e-15 0.026926552442913403
1142.0340576171875 1.0057752132415771 0.3011188209056854 1.9153962389008598e-15 0.02700019999222458
1142.0440673828125 0.7932963967323303 0.28086867928504944 1.9147141656200833e-15 0.02707257565950002
1142.053955078125 0.9350183606147766 0.29530853033065796 1.9140439508005683e-15 0.027145436461052372
1142.06396484375 1.1481337547302246 0.3134872317314148 1.91336865378337e-15 0.027217856118908812
1142.073974609375 1.0777002573013306 0.30849942564964294 1.9126965331397235e-15 0.02728893619740428
1142.0838623046875 1.221746802330017 0.31791600584983826 1.912036059199102e-15 0.027360399492358807
1142.0938720703125 1.0079712867736816 0.30176258087158203 1.9113707148190337e-15 0.027431340761887028
1142.1038818359375 0.865080714225769 0.2898007333278656 1.9107087585707545e-15 0.027500882310922417
1142.11376953125 0.7581881284713745 0.279244989156723 1.9100580255090264e-15 0.02757071217277837
1142.123779296875 1.220526933670044 0.3195247948169708 1.909402845524325e-15 0.02763994696429219
1142.1337890625 1.150443196296692 0.3121136724948883 1.908750841913176e-15 0.027707731536725275
1142.1436767578125 0.9724680185317993 0.2987947165966034 1.9081100614885783e-15 0.02777571473880125
1142.1536865234375 1.0074013471603394 0.30240970849990845 1.9074648341410073e-15 0.02784303472648305
1142.1636962890625 0.973149299621582 0.2994753122329712 1.9068227831669886e-15 0.02790967345989784
1142.173583984375 0.6871237754821777 0.2722685933113098 1.906191955379521e-15 0.027974807356405437
1142.18359375 1.0065397024154663 0.30013132095336914 1.9055566806690802e-15 0.028040030070446663
1142.193603515625 0.9012771844863892 0.29188063740730286 1.9049247940904285e-15 0.02810451138967611
1142.2034912109375 0.8659939765930176 0.2888951301574707 1.904303918940091e-15 0.02816746138791855
1142.2135009765625 0.9015411734580994 0.2918032705783844 1.9036788086250174e-15 0.028230419174475354
1142.2235107421875 1.1169464588165283 0.31162166595458984 1.9030570864417328e-15 0.028292585054036645
1142.2333984375 0.797543466091156 0.2840615510940552 1.9024461639285256e-15 0.028353202815198923
1142.243408203125 0.5855948328971863 0.2622886896133423 1.901831006250582e-15 0.028413750660634608
1142.25341796875 0.5492369532585144 0.258708119392395 1.9012192367044278e-15 0.02847346544606834
1142.2633056640625 0.8808571100234985 0.29071998596191406 1.900618266828351e-15 0.028531616336312616
1142.2733154296875 0.7005645632743835 0.2750307619571686 1.9000132735457744e-15 0.028589630069979794
1142.2833251953125 0.8547465205192566 0.29028353095054626 1.899411668394987e-15 0.02864676976988645
1142.2933349609375 0.5310750603675842 0.25684767961502075 1.8988134513759887e-15 0.028702343191281655
1142.30322265625 0.6748630404472351 0.27408334612846375 1.898226034027068e-15 0.028757711474872005
1142.313232421875 0.6772761344909668 0.27471354603767395 1.8976345932716476e-15 0.028812175458544947
1142.3232421875 0.7590540647506714 0.28312626481056213 1.8970465406480163e-15 0.028865073417272003
1142.3331298828125 0.28692391514778137 0.23107825219631195 1.896468864177989e-15 0.028917706734356504
1142.3431396484375 0.6917699575424194 0.27725306153297424 1.8958875878179356e-15 0.028969405065153758
1142.3531494140625 0.7226892709732056 0.28305715322494507 1.8953096995896713e-15 0.029019550361508852
1142.363037109375 0.5774790644645691 0.263645738363266 1.894742187515011e-15 0.029069370509899745
1142.373046875 0.7236948013305664 0.2832949161529541 1.8941710755503247e-15 0.029118235208357632
1142.383056640625 0.8992395401000977 0.30338209867477417 1.8936033517174275e-15 0.029165559212995643
1142.3929443359375 0.8656480312347412 0.299257755279541 1.8930457922798974e-15 0.02921250661694206
1142.4029541015625 0.8779872059822083 0.29994192719459534 1.892485056468815e-15 0.029258479623795963
1142.4129638671875 0.6373874545097351 0.27777668833732605 1.891927497031285e-15 0.029302935187163124
1142.4228515625 0.7139734625816345 0.28183767199516296 1.891380101989122e-15 0.029346961313998454
1142.432861328125 0.748232901096344 0.2878221273422241 1.8908293188151697e-15 0.0293900041165595
1142.44287109375 0.9249876141548157 0.2998770773410797 1.8902821355312434e-15 0.02943155077936018
1142.4527587890625 0.6190186738967896 0.2698338031768799 1.8897449048844474e-15 0.029472625845327817
1142.4627685546875 1.0870213508605957 0.31621164083480835 1.889204497864099e-15 0.029512708082707933
1142.4727783203125 0.7366966605186462 0.2824333906173706 1.88866747897554e-15 0.029551323131489074
1142.482666015625 0.762390673160553 0.282903254032135 1.888140200965874e-15 0.029589425675457998
1142.49267578125 1.074823021888733 0.3155166804790497 1.887609958340893e-15 0.029626530905525632
1142.502685546875 0.8146342039108276 0.29047200083732605 1.8870833156059376e-15 0.0296626386749609
1142.5125732421875 0.8136263489723206 0.29000231623649597 1.8865664137498756e-15 0.029697329224887697
1142.5225830078125 1.074519157409668 0.31443554162979126 1.8860463355202615e-15 0.029731453905430003
1142.5325927734375 0.8812866806983948 0.29681095480918884 1.885529857180673e-15 0.029764583891656867
1142.54248046875 0.7761268019676208 0.28734371066093445 1.8850231197199783e-15 0.02979633466761781
1142.552490234375 0.9603907465934753 0.3049773871898651 1.884513629402205e-15 0.02982748792539337
1142.5625 1.084204912185669 0.3149105906486511 1.8840073154579836e-15 0.029857652722736962
1142.5723876953125 1.170913577079773 0.32075199484825134 1.8835107423926557e-15 0.02988647755921877
1142.5823974609375 0.8744903802871704 0.2951776087284088 1.8830114164702493e-15 0.029914679125289702
1142.5924072265625 0.8735084533691406 0.2931936979293823 1.8825156904378687e-15 0.029941899169736635
1142.6024169921875 0.9376644492149353 0.2992062270641327 1.882023352537277e-15 0.029967826439416773
1142.6123046875 1.0489513874053955 0.31083938479423523 1.8815403319991054e-15 0.029993106191040647
1142.622314453125 0.8138569593429565 0.2870616614818573 1.881054770362092e-15 0.030017415069557133
1142.63232421875 0.5170806050300598 0.25523340702056885 1.880572808615104e-15 0.03004047878305924
1142.6422119140625 1.0229157209396362 0.305001437664032 1.8801001642305363e-15 0.030062873951799452
1142.6522216796875 1.1325767040252686 0.3152179419994354 1.8796249787471266e-15 0.03008431445120519
1142.6622314453125 1.0570106506347656 0.30857980251312256 1.8791533931537428e-15 0.030104560057271794
1142.672119140625 1.1653977632522583 0.3179808259010315 1.878690913164542e-15 0.030124117534167424
1142.68212890625 0.9463605880737305 0.299788236618042 1.878226103834736e-15 0.03014273956996414
1142.692138671875 0.838696300983429 0.28890666365623474 1.877764894394956e-15 0.030160221147996255
1142.7020263671875 0.7683222889900208 0.28160932660102844 1.8773127905593592e-15 0.030177000580457816
1142.7120361328125 0.9821335673332214 0.3015485405921936 1.8768583573831573e-15 0.0301928641664781
1142.7220458984375 1.1612907648086548 0.3170914649963379 1.876407524096981e-15 0.030207642160417034
1142.73193359375 1.0162297487258911 0.30388927459716797 1.875965796414988e-15 0.030221709296355075
1142.741943359375 0.6599641442298889 0.27104681730270386 1.8755219511506268e-15 0.030234883000354932
1142.751953125 0.729515552520752 0.27767711877822876 1.8750814940180546e-15 0.030247027659685764
1142.7618408203125 0.8745591640472412 0.29255637526512146 1.8746499307314285e-15 0.030258451669209336
1142.7718505859375 1.1981178522109985 0.32088473439216614 1.874216461620671e-15 0.030269009132123364
1142.7818603515625 0.9839887619018555 0.30247625708580017 1.8737865923999395e-15 0.030278597860761605
1142.791748046875 1.0195671319961548 0.30546340346336365 1.8733654052669173e-15 0.030287459469836908
1142.8017578125 1.088281512260437 0.3102901577949524 1.8729425240680006e-15 0.030295485877836363
1142.811767578125 0.8380213379859924 0.28842461109161377 1.872523031000873e-15 0.03030268372074101
1142.8216552734375 0.8397646546363831 0.2887510657310486 1.8721122200214546e-15 0.030308989607111814
1142.8316650390625 1.0545318126678467 0.3089108467102051 1.8716997149761418e-15 0.03031457020436406
1142.8416748046875 1.0894451141357422 0.31070736050605774 1.8712908098208548e-15 0.030319354327623397
1142.8515625 0.9467793107032776 0.29804450273513794 1.8708903749950403e-15 0.030323309512410596
1142.861572265625 0.7665976881980896 0.28254806995391846 1.870488457861568e-15 0.030326542139710637
1142.87158203125 1.0561323165893555 0.3080119788646698 1.870089928859885e-15 0.0303290101630768
1142.8814697265625 0.9833844900131226 0.3023829460144043 1.8696998701876744e-15 0.030330710932138665
1142.8914794921875 0.9122917652130127 0.2958984673023224 1.869308540966043e-15 0.030331694823866454
1142.9014892578125 0.911053478717804 0.2964722216129303 1.8689205998762004e-15 0.030331949884160037
1142.911376953125 0.9836395978927612 0.30190733075141907 1.8685411291158305e-15 0.03033149994728364
1142.92138671875 1.2702805995941162 0.3267432153224945 1.868160176047803e-15 0.030330341559197272
1142.931396484375 0.9469260573387146 0.2988428473472595 1.867782822869801e-15 0.030328491888651613
1142.94140625 1.0559636354446411 0.3081202507019043 1.867409069581825e-15 0.03032599554974157
1142.9512939453125 0.9834890365600586 0.3033148944377899 1.867043363106848e-15 0.030322806278309786
1142.9613037109375 0.6234925389289856 0.2684350609779358 1.8666768095989238e-15 0.030318962511644808
1142.9713134765625 0.9840665459632874 0.3026011288166046 1.8663136442227885e-15 0.030314537003689274
1142.981201171875 0.9483910202980042 0.2988051772117615 1.8659583139014153e-15 0.030309430251452878
1142.9912109375 0.6594241261482239 0.27155211567878723 1.8656023483053317e-15 0.030303711390047755
1143.001220703125 0.7305483222007751 0.2796563506126404 1.865249770841037e-15 0.030297469451036025
1143.0111083984375 1.0209519863128662 0.30552151799201965 1.8649050284315046e-15 0.030290564785548205
1143.0211181640625 1.238184928894043 0.3239620327949524 1.864559438989025e-15 0.030283087298197977
1143.0311279296875 1.057382345199585 0.3079964816570282 1.8642176611948077e-15 0.030275149305935542
1143.041015625 0.8777928948402405 0.29248201847076416 1.863883294938879e-15 0.030266571720567334
1143.051025390625 1.1007530689239502 0.31334975361824036 1.863548505166477e-15 0.030257459431422128
1143.06103515625 1.101088523864746 0.31280753016471863 1.8632173152841004e-15 0.0302479487932056
1143.0709228515625 0.7022369503974915 0.27591854333877563 1.8628935369400124e-15 0.030237819906655843
1143.0809326171875 0.8500463962554932 0.2899603843688965 1.8625695468376877e-15 0.030227201865854363
1143.0909423828125 0.596396267414093 0.2653580605983734 1.862248944867152e-15 0.030216242726820546
1143.100830078125 0.779101550579071 0.28402358293533325 1.8619357544349046e-15 0.030204692915870503
1143.11083984375 0.6679494380950928 0.27247151732444763 1.8616223522444205e-15 0.030192693789335607
1143.120849609375 0.9281439781188965 0.29837191104888916 1.8613123381857255e-15 0.030180416517711788
1143.1307373046875 0.5971167087554932 0.26643481850624084 1.861009735665319e-15 0.03016757189563866
1143.1407470703125 0.5616977214813232 0.26162779331207275 1.8607071331449123e-15 0.03015432298843059
1143.1507568359375 0.5272728204727173 0.25775155425071716 1.8604079187562947e-15 0.030140687210268777
1143.16064453125 0.4492582082748413 0.2488303929567337 1.8601159041477288e-15 0.030126850325279106
1143.170654296875 0.4501611292362213 0.24937807023525238 1.859823889539163e-15 0.0301124858074556
1143.1806640625 0.19363655149936676 0.21667926013469696 1.8595354748206228e-15 0.03009777576604554
1143.1905517578125 0.1576145589351654 0.21156707406044006 1.8592542598821343e-15 0.030082922625625078
1143.2005615234375 0.3026430308818817 0.2314728945493698 1.858972833185409e-15 0.030067573972132267
1143.2105712890625 0.339277058839798 0.2354375571012497 1.8586952181369465e-15 0.03005192545434072
1143.220458984375 0.4863153100013733 0.2524869441986084 1.8584245911102987e-15 0.030036188474066104
1143.23046875 0.1579650491476059 0.2121504694223404 1.858153964083651e-15 0.030019987629769204
1143.240478515625 0.37535926699638367 0.2401057928800583 1.857887148705266e-15 0.030003532154933
1143.25048828125 0.40981703996658325 0.24338431656360626 1.8576239332169066e-15 0.029987042043029495
1143.2603759765625 0.15606269240379333 0.21117712557315826 1.8573672822338886e-15 0.02997012490810343
1143.2703857421875 0.40899762511253357 0.2438105195760727 1.857111266525581e-15 0.02995299694081257
1143.2803955078125 0.33670774102211 0.2351893037557602 1.856858850707299e-15 0.029935885863054675
1143.290283203125 0.4447571039199829 0.24877996742725372 1.8566129993943586e-15 0.029918384156834718
1143.30029296875 0.6265750527381897 0.2683226764202118 1.8563677833561285e-15 0.029900714530740464
1143.310302734375 0.4082454741001129 0.2436375617980957 1.8561261672079242e-15 0.029883114373074508
1143.3201904296875 0.4781327247619629 0.2502106726169586 1.8558909038068243e-15 0.029865158814677863
1143.3302001953125 0.44425028562545776 0.24799571931362152 1.8556564874386717e-15 0.029847082217139564
1143.3402099609375 0.7711670398712158 0.28373482823371887 1.8554258827187817e-15 0.029829120989548347
1143.35009765625 0.6606773734092712 0.2720753848552704 1.8552014189877593e-15 0.029810845326287444
1143.360107421875 0.8401356339454651 0.2896820902824402 1.854977802289684e-15 0.029792490782856108
1143.3701171875 1.022619366645813 0.306772381067276 1.8547579972398717e-15 0.02977429755398776
1143.3800048828125 0.8763903975486755 0.2921479046344757 1.8545443331789268e-15 0.02975582906134106
1143.3900146484375 0.7695786952972412 0.2816618084907532 1.854331727909166e-15 0.029737325747927926
1143.4000244140625 0.9142273664474487 0.2945566177368164 1.854122510771194e-15 0.02971902503785528
1143.409912109375 0.9124102592468262 0.29635271430015564 1.8539196463803267e-15 0.02970049172833605
1143.419921875 0.8765384554862976 0.29261329770088196 1.8537180525388802e-15 0.029681963952696132
1143.429931640625 0.661565899848938 0.27001774311065674 1.8535198468292227e-15 0.02966368049948506
1143.4398193359375 0.6955883502960205 0.2747003436088562 1.853327782108433e-15 0.02964520675125399
1143.4498291015625 0.5524425506591797 0.26086193323135376 1.8531369879370638e-15 0.029626778447216656
1143.4598388671875 0.8763828277587891 0.2916836738586426 1.8529497936557206e-15 0.02960863586239574
1143.4697265625 0.6269373297691345 0.26734891533851624 1.852768528605008e-15 0.029590339478519002
1143.479736328125 0.9157453179359436 0.29653435945510864 1.8525885341037166e-15 0.029572131236827316
1143.48974609375 0.8770122528076172 0.29284170269966125 1.8524123512506877e-15 0.0295540228816959
1143.4996337890625 0.6589510440826416 0.27199167013168335 1.8522418858700528e-15 0.029536246543109757
1143.5096435546875 1.0967347621917725 0.3110564947128296 1.8520729027970756e-15 0.02951837313846588
1143.5196533203125 1.0230014324188232 0.30573752522468567 1.851907731372361e-15 0.029500640786455732
1143.529541015625 0.7667830586433411 0.28271380066871643 1.8517480656618035e-15 0.029483269361956922
1143.53955078125 0.8417019248008728 0.289873868227005 1.8515900940171406e-15 0.029465845835630486
1143.549560546875 0.6607277393341064 0.27151209115982056 1.8514359340207403e-15 0.02944859645525844
1143.5594482421875 0.6610924601554871 0.2715986669063568 1.8512870679802604e-15 0.029431738601527667
1143.5694580078125 0.8401920199394226 0.2878195345401764 1.8511401077639118e-15 0.02941487098942833
1143.5794677734375 0.47870758175849915 0.25262993574142456 1.8509969591958258e-15 0.02939821147530015
1143.5894775390625 0.6592513918876648 0.2713928520679474 1.8508574105177656e-15 0.029381973107598616
1143.599365234375 0.9862581491470337 0.3018667995929718 1.850723155795626e-15 0.029365764961892214
1143.609375 0.8722670078277588 0.2954096794128418 1.850591018655854e-15 0.029349796942081677
1143.619384765625 0.7592992186546326 0.2850094735622406 1.8504624814061083e-15 0.029334274818876748
1143.6292724609375 0.9273843765258789 0.3020077347755432 1.850339238112283e-15 0.029318820132513367
1143.6392822265625 1.2316572666168213 0.32918158173561096 1.8502179006425886e-15 0.02930364190380729
1143.6492919921875 0.8908002972602844 0.2991083562374115 1.850100586579394e-15 0.029288925394230666
1143.6591796875 1.1095337867736816 0.3196360468864441 1.849988142955646e-15 0.02927432070812495
1143.669189453125 0.6544985771179199 0.2771781384944916 1.849878028672503e-15 0.02926002076370162
1143.67919921875 0.8624374270439148 0.29965338110923767 1.8497717260376224e-15 0.029246199425898588
1143.6890869140625 1.138034462928772 0.32680758833885193 1.8496702938421887e-15 0.029232529316849866
1143.6990966796875 0.8454149961471558 0.3018115162849426 1.8495714027455968e-15 0.029219188203410674
1143.7091064453125 0.7740404009819031 0.29153406620025635 1.8494761115390307e-15 0.029206343610926708
1143.718994140625 0.743540346622467 0.28967908024787903 1.8493856907719113e-15 0.029193686354342916
1143.72900390625 1.3117681741714478 0.3359159231185913 1.8492978111036337e-15 0.02918138620532858
1143.739013671875 0.6703476905822754 0.28120678663253784 1.8492137430836187e-15 0.029169591371834742
1143.7489013671875 1.0898187160491943 0.3254399597644806 1.8491343337448136e-15 0.02915802079050103
1143.7589111328125 0.9564185738563538 0.311357319355011 1.8490574655048502e-15 0.029146830891276225
1143.7689208984375 0.6196603775024414 0.2707477807998657 1.8489846206713864e-15 0.029136154839887247
1143.77880859375 0.8824645280838013 0.30088362097740173 1.8489162227608956e-15 0.02912573771916346
1143.788818359375 0.725583553314209 0.28582045435905457 1.8488505777074834e-15 0.029115721164183
1143.798828125 1.112131118774414 0.32612383365631104 1.848788744302334e-15 0.02910610824570359
1143.8087158203125 0.7162081599235535 0.28370755910873413 1.8487313578201573e-15 0.02909701966847953
1143.8187255859375 1.1440455913543701 0.32510271668434143 1.8486769359532963e-15 0.029088232051608962
1143.8287353515625 0.8393245935440063 0.30022042989730835 1.848626325734698e-15 0.029079870192498324
1143.838623046875 1.092625617980957 0.32262903451919556 1.8485799506808356e-15 0.029072028346958458
1143.8486328125 1.2780711650848389 0.3435446619987488 1.8485369637587625e-15 0.02906452384709824
1143.858642578125 1.2681665420532227 0.34238961338996887 1.8484973649684783e-15 0.029057457387901216
1143.8685302734375 0.9954430460929871 0.3182075619697571 1.8484622131011673e-15 0.029050912832683
1143.8785400390625 1.0215768814086914 0.31675538420677185 1.8484302376074084e-15 0.029044730297763437
1143.8885498046875 1.3613964319229126 0.34557318687438965 1.8484020737619122e-15 0.029038999930095608
1143.8985595703125 1.018009901046753 0.31601524353027344 1.8483777215646787e-15 0.029033786449940393
1143.908447265625 1.2140532732009888 0.33381661772727966 1.8483571810157078e-15 0.029028964749651772
1143.91845703125 1.2467234134674072 0.3384755551815033 1.8483402403567627e-15 0.02902460123829266
1143.928466796875 0.743847131729126 0.2893201410770416 1.8483271113460802e-15 0.029020749522458263
1143.9383544921875 0.975866436958313 0.31188228726387024 1.8483177939836604e-15 0.029017311941507525
1143.9483642578125 1.3097712993621826 0.34316563606262207 1.8483120765112665e-15 0.029014344844000135
1143.9583740234375 1.0400484800338745 0.3199552297592163 1.848310170687135e-15 0.029011874625369714
1143.96826171875 1.1242738962173462 0.3228374123573303 1.8483120765112665e-15 0.02900984574351284
1143.978271484375 1.0996836423873901 0.3233436346054077 1.8483177939836604e-15 0.029008288328015844
1143.98828125 1.2365657091140747 0.3362142741680145 1.8483271113460802e-15 0.02900721631829643
1143.9981689453125 0.8817829489707947 0.30087873339653015 1.8483402403567627e-15 0.02900660573436242
1144.0081787109375 0.7859731912612915 0.2927524447441101 1.8483571810157078e-15 0.029006471671516116
1144.0181884765625 0.6858561038970947 0.2831999361515045 1.8483777215646787e-15 0.029006806061187256
1144.028076171875 0.6858864426612854 0.28045618534088135 1.8484020737619122e-15 0.029007620339984157
1144.0380859375 1.3112276792526245 0.3435523509979248 1.8484302376074084e-15 0.029008909385342865
1144.048095703125 0.8276068568229675 0.2978648543357849 1.848462424859404e-15 0.029010649577713415
1144.0579833984375 1.1606016159057617 0.3259480595588684 1.848497788484952e-15 0.029012886471849113
1144.0679931640625 1.089535117149353 0.3175823390483856 1.848537387275236e-15 0.02901559422066403
1144.0780029296875 0.9935033321380615 0.3073580861091614 1.848580797713783e-15 0.029018736422113455
1144.087890625 1.2673957347869873 0.33324164152145386 1.848627384525882e-15 0.029022384311662895
1144.097900390625 1.093037486076355 0.3141203224658966 1.848678418260954e-15 0.029026500480096622
1144.10791015625 1.1576342582702637 0.31822848320007324 1.8487332636442887e-15 0.02903102717981385
1144.1177978515625 1.4010146856307983 0.3365849554538727 1.8487910736429388e-15 0.029036071587356792
1144.1278076171875 1.1567809581756592 0.31433334946632385 1.8488535423227988e-15 0.029041578125989117
1144.1378173828125 0.7987341284751892 0.28473320603370667 1.8489198226509214e-15 0.029047546315799262
1144.147705078125 0.9449959397315979 0.2975464463233948 1.8489888558361227e-15 0.029053886075757117
1144.15771484375 0.8713579773902893 0.29102623462677 1.8490627594607706e-15 0.029060758984910423
1144.167724609375 0.9073381423950195 0.2947545051574707 1.8491402629754444e-15 0.02906807852467664
1144.1776123046875 0.7997347116470337 0.28385844826698303 1.8492207311054335e-15 0.02907574838819909
1144.1876220703125 1.194597601890564 0.31847941875457764 1.8493060696748694e-15 0.029083950326862305
1144.1976318359375 0.7616729140281677 0.2801525890827179 1.849395008134331e-15 0.029092590616433472
1144.20751953125 0.871889591217041 0.2911343574523926 1.849486911209108e-15 0.02910155028224441
1144.217529296875 0.688630223274231 0.2718384265899658 1.849583472965095e-15 0.02911104589295878
1144.2275390625 1.0893279314041138 0.3109099566936493 1.8496840581275816e-15 0.029120966526312853
1144.237548828125 0.9788503646850586 0.29975441098213196 1.8497884549383307e-15 0.029131173907836806
1144.2474365234375 0.8368373513221741 0.2878343462944031 1.8498953928479216e-15 0.02914191865227085
1144.2574462890625 0.9804553389549255 0.3008405566215515 1.850007412955196e-15 0.029153070682659286
1144.2674560546875 0.6196529269218445 0.26617226004600525 1.850123244710733e-15 0.029164481970583148
1144.27734375 0.9444788098335266 0.2966073751449585 1.850241405806875e-15 0.0291764264076298
1144.287353515625 0.5847048163414001 0.26178792119026184 1.850365072617174e-15 0.029188758942980644
1144.29736328125 0.7659687995910645 0.28042274713516235 1.850492339317499e-15 0.029201318539777706
1144.3072509765625 0.767679750919342 0.2802897095680237 1.8506221471166658e-15 0.029214405678637072
1144.3172607421875 0.9492776989936829 0.2966196835041046 1.850757037113516e-15 0.02922786268758278
1144.3272705078125 0.9076164960861206 0.2944912910461426 1.8508959505168657e-15 0.029241510406982297
1144.337158203125 0.8376215100288391 0.28709739446640015 1.8510369815025835e-15 0.02925568081069059
1144.34716796875 1.2315292358398438 0.32117703557014465 1.8511837299606954e-15 0.029270199349689687
1144.357177734375 1.052809476852417 0.3051277995109558 1.851334078308833e-15 0.02928487395131851
1144.3670654296875 1.0888826847076416 0.310698926448822 1.8514865442393388e-15 0.029300060857256168
1144.3770751953125 0.8740346431732178 0.291607528924942 1.8516447276422385e-15 0.0293155736517272
1144.3870849609375 0.9113537669181824 0.2947346270084381 1.851806722693401e-15 0.0293312079381404
1144.39697265625 0.7266145944595337 0.275699645280838 1.8519706235686946e-15 0.029347342111359823
1144.406982421875 1.0164824724197388 0.303226113319397 1.852140453674619e-15 0.02936377901106634
1144.4169921875 0.5841609239578247 0.2617270350456238 1.8523140954288062e-15 0.029380301844079214
1144.4268798828125 1.2276992797851562 0.32146620750427246 1.852489431248888e-15 0.02939730776037315
1144.4368896484375 1.0887374877929688 0.30898839235305786 1.8526706962996003e-15 0.02941459204809673
1144.4468994140625 0.9799603819847107 0.30048486590385437 1.852855984756812e-15 0.029432142687911157
1144.456787109375 1.0499427318572998 0.30597031116485596 1.8530429672799185e-15 0.02944973193502218
1144.466796875 1.1922564506530762 0.31773731112480164 1.8532358790336557e-15 0.029467785852059718
1144.476806640625 0.9779091477394104 0.300802081823349 1.8534328141938923e-15 0.029486076763213485
1144.4866943359375 0.835265576839447 0.2869085967540741 1.85363101990355e-15 0.029504372349420476
1144.4967041015625 1.22677743434906 0.31915709376335144 1.8538357901185486e-15 0.029523113357011296
1144.5067138671875 1.0502243041992188 0.3053146302700043 1.85404437198181e-15 0.029542064877166496
1144.5166015625 1.2295095920562744 0.3209519386291504 1.854254224394492e-15 0.029560983876372383
1144.526611328125 0.9060266017913818 0.29190149903297424 1.854470429554279e-15 0.029580326645564273
1144.53662109375 0.8357877135276794 0.28613901138305664 1.854690658120565e-15 0.02959985233445475
1144.5465087890625 0.8349230885505676 0.2858160436153412 1.854912157236272e-15 0.029619309461717185
1144.5565185546875 0.869926393032074 0.29004332423210144 1.85514022085732e-15 0.02963916729271829
1144.5665283203125 1.1185839176177979 0.3114885985851288 1.855372096126631e-15 0.029659178607326833
1144.5765380859375 0.9392812252044678 0.29605188965797424 1.8556079948024414e-15 0.029679086040835093
1144.58642578125 1.1557743549346924 0.3140575587749481 1.855844740511199e-15 0.029699370671763883
1144.596435546875 0.9731318354606628 0.29773253202438354 1.8560884742417714e-15 0.029719776743352414
1144.6064453125 0.7951961159706116 0.2817845344543457 1.8563360196206065e-15 0.02974004694267855
1144.6163330078125 0.9416677951812744 0.2947210967540741 1.8565844120323888e-15 0.029760664574756946
1144.6263427734375 0.9749274849891663 0.2990235984325409 1.856839792465986e-15 0.029781374152824065
1144.6363525390625 0.9014937281608582 0.2917029559612274 1.8570991963060826e-15 0.029801912137561996
1144.646240234375 1.0816729068756104 0.3070208430290222 1.8573592354208896e-15 0.029822773712437477
1144.65625 0.8677468299865723 0.2882654666900635 1.8576262625575116e-15 0.0298436969109437
1144.666259765625 0.6897392272949219 0.2715774178504944 1.8578975248588698e-15 0.029864411341171505
1144.6761474609375 0.5832969546318054 0.25973770022392273 1.8581689989184648e-15 0.02988542024428932
1144.6861572265625 0.6173548698425293 0.26389947533607483 1.858448096274585e-15 0.02990645677878763
1144.6961669921875 0.2962406277656555 0.22663357853889465 1.858731005278968e-15 0.02992725697129264
1144.7060546875 0.3316290080547333 0.2309206873178482 1.8590143377998245e-15 0.02994831852410798
1144.716064453125 0.4754917621612549 0.24836361408233643 1.8593050818589696e-15 0.029969376785678525
1144.72607421875 0.5100855827331543 0.2504921555519104 1.8595996375663773e-15 0.02999016547238795
1144.7359619140625 0.36869168281555176 0.23585698008537292 1.8598946167902586e-15 0.030011185794398085
1144.7459716796875 0.5845084190368652 0.2597564160823822 1.860197219310665e-15 0.030032170401934392
1144.7559814453125 0.6154226660728455 0.2631876468658447 1.8605038452375712e-15 0.030052853842408488
1144.765869140625 0.8313918709754944 0.2853454351425171 1.8608104711644773e-15 0.030073734911089472
1144.77587890625 0.4751478135585785 0.24825473129749298 1.8611249321461455e-15 0.030094549842651037
1144.785888671875 0.4752560257911682 0.24753950536251068 1.8614432047760763e-15 0.030115285463411974
1144.7957763671875 0.25897789001464844 0.2212294638156891 1.861761689164244e-15 0.030135681874832565
1144.8057861328125 0.36608853936195374 0.23496754467487335 1.8620880086071736e-15 0.03015622920349222
1144.8157958984375 0.4732222259044647 0.2472105771303177 1.862418139698366e-15 0.030176664807762196
1144.82568359375 0.11775106191635132 0.20190994441509247 1.8627482707895583e-15 0.030196735095012375
1144.835693359375 0.2592476010322571 0.22106234729290009 1.8630864486937496e-15 0.030216920464191024
1144.845703125 0.2943378984928131 0.2253689020872116 1.8634286500044403e-15 0.03023696488576868
1144.8555908203125 0.15206992626190186 0.20685486495494843 1.8637704277986574e-15 0.030256615522601053
1144.8656005859375 0.22286702692508698 0.21644923090934753 1.8641204641641103e-15 0.030276344315916002
1144.8756103515625 0.18669894337654114 0.21034428477287292 1.8644745239360626e-15 0.030295900053967657
1144.8856201171875 0.045228492468595505 0.19136324524879456 1.8648326071145143e-15 0.03031503553061089
1144.8955078125 0.15117257833480835 0.20604023337364197 1.8651902667764925e-15 0.030334212595634544
1144.905517578125 0.08093395829200745 0.19600370526313782 1.8655561850097063e-15 0.030353184763391414
1144.91552734375 0.08015640825033188 0.1955980658531189 1.8659261266494196e-15 0.030371713470944604
1144.9254150390625 0.15130819380283356 0.20575715601444244 1.8662956447726593e-15 0.030390247095937913
1144.9354248046875 0.0811273381114006 0.19524911046028137 1.8666736332253716e-15 0.030408543929759835
1144.9454345703125 0.08178908377885818 0.19644862413406372 1.8670554333263464e-15 0.03042637234006974
1144.955322265625 0.045767366886138916 0.19069340825080872 1.8674368099108477e-15 0.03044416821726717
1144.96533203125 0.221140518784523 0.21506036818027496 1.8678266568248215e-15 0.030461695890567776
1144.975341796875 0.11500675231218338 0.20065709948539734 1.8682205271452947e-15 0.030478737366118336
1144.9852294921875 0.11548134684562683 0.19969795644283295 1.8686137621910575e-15 0.03049570296959313
1144.9952392578125 0.07999458909034729 0.194859579205513 1.8690156793245297e-15 0.030512371957052208
1145.0052490234375 0.2569122016429901 0.21908123791217804 1.8694216198645013e-15 0.03052853481315712
1145.01513671875 0.15278120338916779 0.2060270756483078 1.869826501613289e-15 0.030544580925719426
1145.025146484375 0.11495031416416168 0.20014362037181854 1.8702404889662594e-15 0.030560301211808548
1145.03515625 0.15088891983032227 0.20520851016044617 1.8706582879674926e-15 0.030575497317264933
1145.0450439453125 0.11547157168388367 0.20121316611766815 1.8710752399357785e-15 0.030590534963790512
1145.0550537109375 0.4342955946922302 0.24147053062915802 1.8715012975082474e-15 0.030605219128212808
1145.0650634765625 0.32728493213653564 0.2280724197626114 1.871931166728979e-15 0.030619361966948495
1145.074951171875 0.6457591652870178 0.2644585371017456 1.8723599771585265e-15 0.03063330751508829
1145.0849609375 0.5398510098457336 0.2532126307487488 1.872797893192257e-15 0.030646866532140965
1145.094970703125 0.7854381799697876 0.2776721715927124 1.8732400443907237e-15 0.03066002952053193
1145.1048583984375 0.3963923752307892 0.23657606542110443 1.8736807132815328e-15 0.030672638674308316
1145.1148681640625 0.7843530178070068 0.2774851322174072 1.8741306995347616e-15 0.03068498957634729
1145.1248779296875 0.6090893149375916 0.26096591353416443 1.8745849209527267e-15 0.030696916368668548
1145.134765625 1.0653918981552124 0.3021544814109802 1.875037660063034e-15 0.030708278128882535
1145.144775390625 0.7135055065155029 0.27151817083358765 1.8754997165357614e-15 0.03071933745419931
1145.15478515625 0.5710195302963257 0.25578930974006653 1.875966008173225e-15 0.030729950332434867
1145.1646728515625 0.6451746225357056 0.26397591829299927 1.876430605744794e-15 0.030739982091606596
1145.1746826171875 0.7824519276618958 0.2771020829677582 1.8769049441952563e-15 0.030749672127603354
1145.1846923828125 0.8880131244659424 0.28560012578964233 1.877383306052218e-15 0.03075888724630536
1145.194580078125 0.8876147866249084 0.2872926592826843 1.8778599738432855e-15 0.03076751080175833
1145.20458984375 0.8902867436408997 0.2863246202468872 1.8783463825132463e-15 0.030775752964839587
1145.214599609375 0.8169493675231934 0.2803346812725067 1.8788368145897065e-15 0.03078348960229578
1145.224609375 0.674338161945343 0.26591262221336365 1.879331481830903e-15 0.030790634144907295
1145.2344970703125 0.6049738526344299 0.25944092869758606 1.8798240314897314e-15 0.03079734713392514
1145.2445068359375 0.5711010694503784 0.255446195602417 1.880326745543927e-15 0.030803537428387758
1145.2545166015625 0.5700470209121704 0.2545066773891449 1.8808334830046217e-15 0.030809124634198347
1145.264404296875 0.4284360110759735 0.23992319405078888 1.8813381028829484e-15 0.030814240718591707
1145.2744140625 0.8131281733512878 0.2797408401966095 1.881853098914879e-15 0.030818803797965078
1145.284423828125 1.0259004831314087 0.2977406084537506 1.882372118353309e-15 0.030822764583029266
1145.2943115234375 0.8868246078491211 0.284849613904953 1.8828888084511343e-15 0.030826208316115815
1145.3043212890625 0.5329386591911316 0.2509934902191162 1.8834158747025632e-15 0.030829078168245976
1145.3143310546875 0.46212854981422424 0.24271245300769806 1.8839469643604917e-15 0.030831342724412594
1145.32421875 0.35523858666419983 0.22975528240203857 1.884475724677815e-15 0.030833044768556212
1145.334228515625 0.5341546535491943 0.25005042552948 1.8850150729069794e-15 0.030834149706384456
1145.34423828125 0.32074010372161865 0.22503787279129028 1.88555865630088e-15 0.030834647618235806
1145.3541259765625 0.427131712436676 0.23783425986766815 1.8860994868377017e-15 0.030834545828858282
1145.3641357421875 0.5341945886611938 0.2498086839914322 1.886651117044601e-15 0.030833822545759327
1145.3741455078125 0.7046278715133667 0.2683272659778595 1.887206770658e-15 0.030832493030348875
1145.384033203125 0.3525196313858032 0.22751890122890472 1.88775967141432e-15 0.030830517042070415
1145.39404296875 0.3910493850708008 0.23426948487758636 1.8883235835989547e-15 0.030827903107833943
1145.404052734375 0.9102675318717957 0.286544531583786 1.8888915191900887e-15 0.03082468208532775
1145.4139404296875 0.5306857228279114 0.2498817890882492 1.889456701924144e-15 0.030820775266314812
1145.4239501953125 0.562939465045929 0.2514355182647705 1.890032896086514e-15 0.030816205005571497
1145.4339599609375 0.35420969128608704 0.22839702665805817 1.890613113655383e-15 0.030810969285719487
1145.44384765625 0.9454257488250732 0.28843700885772705 1.891190366608937e-15 0.03080513615817031
1145.453857421875 0.6358051300048828 0.2597633898258209 1.8917788427490418e-15 0.030798553816184012
1145.4638671875 0.6993699669837952 0.2659883499145508 1.892371342295646e-15 0.030791289740608466
1145.4737548828125 0.563108503818512 0.25218257308006287 1.892960877226935e-15 0.03078343056127186
1145.4837646484375 0.6302602291107178 0.2592169940471649 1.8935616353447753e-15 0.03077478315345643
1145.4937744140625 0.7689245343208313 0.2717229723930359 1.8941666286273516e-15 0.030765431205057127
1145.503662109375 0.6652934551239014 0.26274704933166504 1.894768233778139e-15 0.030755498242440952
1145.513671875 0.4239520728588104 0.23619820177555084 1.895381485631951e-15 0.03074473192195853
1145.523681640625 0.7001878619194031 0.2653612494468689 1.8959987608922627e-15 0.03073324405471943
1145.53369140625 0.5939165353775024 0.25448179244995117 1.8966200595590737e-15 0.030721184841978767
1145.5435791015625 0.9446774125099182 0.2891477644443512 1.8972381818523325e-15 0.030708250056208454
1145.5535888671875 0.8734524250030518 0.2808203399181366 1.8978677390903793e-15 0.03069457653118397
1145.5635986328125 0.5954313278198242 0.2555757761001587 1.898501743251399e-15 0.030680341931386516
1145.573486328125 0.7345800399780273 0.26869550347328186 1.8991319357641563e-15 0.030665188714777702
1145.58349609375 0.836602509021759 0.27744051814079285 1.899773986738175e-15 0.03064928686062867
1145.593505859375 0.6980234384536743 0.26539379358291626 1.90042027287693e-15 0.030632837385129143
1145.6033935546875 0.9105803966522217 0.2852589190006256 1.9010625356091857e-15 0.030615424599238727
1145.6134033203125 1.0804166793823242 0.29851293563842773 1.9017170803191765e-15 0.03059724705798236
1145.6234130859375 0.8374346494674683 0.2782128155231476 1.9023758601939035e-15 0.03057853742146438
1145.63330078125 0.8690805435180664 0.28119349479675293 1.903030616662131e-15 0.030558827403961104
1145.643310546875 0.8715787529945374 0.28135478496551514 1.903697655108094e-15 0.03053833737962468
1145.6533203125 0.9381597638130188 0.2877092659473419 1.904368716960556e-15 0.03051733085629092
1145.6632080078125 0.902378499507904 0.28455230593681335 1.905035755406519e-15 0.030495281604268683
1145.6732177734375 0.8351098299026489 0.27728036046028137 1.9057150758302168e-15 0.030472445047303207
1145.6832275390625 0.870725154876709 0.2810031771659851 1.906398843176888e-15 0.030449103242058583
1145.693115234375 1.3189536333084106 0.31955525279045105 1.9070781636005858e-15 0.030424686755194878
1145.703125 1.142732858657837 0.3046485185623169 1.9077699777602557e-15 0.030399465341519827
1145.713134765625 1.0391085147857666 0.294779509305954 1.9084662388428987e-15 0.030373766323769844
1145.7230224609375 0.9384599924087524 0.28705260157585144 1.909157841244332e-15 0.03034694696196795
1145.7330322265625 0.9769580364227295 0.2902304232120514 1.9098623608982106e-15 0.03031931445463897
1145.7430419921875 1.078525185585022 0.299146831035614 1.910570903958589e-15 0.03029121894526173
1145.7529296875 1.2792463302612305 0.3133312463760376 1.911275000095994e-15 0.0302619721709057
1145.762939453125 1.0757137537002563 0.29943665862083435 1.9119920134858448e-15 0.030231904599607198
1145.77294921875 1.3462570905685425 0.31903523206710815 1.912713050282195e-15 0.0302010162828393
1145.7828369140625 0.9996628165245056 0.29158109426498413 1.913429640155572e-15 0.030169695441103223
1145.7928466796875 1.2123439311981201 0.3089732229709625 1.914159147281395e-15 0.03013716974477464
1145.8028564453125 0.7279524803161621 0.2656906843185425 1.914892889571954e-15 0.030103817493932213
1145.812744140625 0.8315224647521973 0.27566009759902954 1.9156217614230663e-15 0.030070058498462574
1145.82275390625 0.9000876545906067 0.2831268310546875 1.916363762284861e-15 0.03003505541551646
1145.832763671875 1.4112614393234253 0.3225722312927246 1.917109998311392e-15 0.029999217968110125
1145.8426513671875 0.8612876534461975 0.2783184349536896 1.9178513638984764e-15 0.02996300423074236
1145.8526611328125 0.8631786704063416 0.27949613332748413 1.91860607025448e-15 0.029925508832410016
1145.8626708984375 1.205449104309082 0.3071989417076111 1.91936501177522e-15 0.02988717888441655
1145.8726806640625 1.3045403957366943 0.31573742628097534 1.920127976702459e-15 0.029848494699323772
1145.882568359375 0.928499162197113 0.28406083583831787 1.9208860711902517e-15 0.029808502593232228
1145.892578125 0.6903742551803589 0.26140323281288147 1.9216575064469636e-15 0.029767668680784592
1145.902587890625 0.9611923098564148 0.2867370843887329 1.9224331768684117e-15 0.029726509118257197
1145.9124755859375 0.7920915484428406 0.27148762345314026 1.9232037650921763e-15 0.029684010558644534
1145.9224853515625 0.9322118163108826 0.2827398180961609 1.923987905843097e-15 0.02964067313386169
1145.9324951171875 0.586746096611023 0.25157374143600464 1.924776281758754e-15 0.02959704047952098
1145.9423828125 0.3820911943912506 0.2275083363056183 1.9255591519602537e-15 0.02955203330509679
1145.952392578125 0.5504313111305237 0.2465718537569046 1.926355998205383e-15 0.029506189422704512
1145.96240234375 0.5162397623062134 0.24325796961784363 1.927157079615249e-15 0.029460080851882516
1145.9722900390625 0.5865935683250427 0.2506120800971985 1.9279524435527207e-15 0.029412571473967798
1145.9822998046875 0.4484735429286957 0.23539689183235168 1.928761995292059e-15 0.029364229446326495
1145.9923095703125 0.6195963025093079 0.25368815660476685 1.9295755704378968e-15 0.029315654323346808
1146.002197265625 0.5147926211357117 0.24189895391464233 1.9303836398695774e-15 0.02926565507505938
1146.01220703125 0.37807175517082214 0.22673918306827545 1.9312058971031245e-15 0.02921482529310851
1146.022216796875 0.21113143861293793 0.20523403584957123 1.932032177743171e-15 0.02916380047754437
1146.0321044921875 0.3452226519584656 0.22253938019275665 1.9328527409108237e-15 0.029111324016658797
1146.0421142578125 0.6142116189002991 0.251371294260025 1.9336877036385796e-15 0.02905802187491972
1146.0521240234375 0.5480607748031616 0.24613726139068604 1.9345269015310718e-15 0.029004564698406805
1146.06201171875 0.4132164418697357 0.23054204881191254 1.9353599584346964e-15 0.02894963522587616
1146.072021484375 0.516440749168396 0.24221102893352509 1.936207626656661e-15 0.028893883704362154
1146.08203125 0.7214609384536743 0.2624285817146301 1.937059530043362e-15 0.028837326372010575
1146.0919189453125 0.5511666536331177 0.24543504416942596 1.9379052924411956e-15 0.028780658865368052
1146.1019287109375 0.41541677713394165 0.23079009354114532 1.938765666157369e-15 0.02872249621518645
1146.1119384765625 0.8233885169029236 0.2728961110115051 1.939630275038279e-15 0.02866352841248654
1146.121826171875 0.7226496338844299 0.2625083327293396 1.940488742930321e-15 0.02860449715087938
1146.1318359375 0.9551763534545898 0.2847513258457184 1.9413618221407036e-15 0.028543953865619517
1146.141845703125 0.7541168928146362 0.2663199007511139 1.942239348274059e-15 0.02848261877847227
1146.1517333984375 0.5833030939102173 0.24771100282669067 1.9431103099020733e-15 0.028421267199096528
1146.1617431640625 0.9196942448616028 0.2811969518661499 1.9439963063649012e-15 0.02835838534749223
1146.1717529296875 0.7498522400856018 0.26605165004730225 1.9448867497507023e-15 0.028294736193784403
1146.1817626953125 1.0546165704727173 0.29341286420822144 1.945781216543003e-15 0.0282311079777845
1146.191650390625 0.8174208402633667 0.2705991268157959 1.946669118829962e-15 0.028165944855842104
1146.20166015625 0.7482107877731323 0.2641700804233551 1.947572267709972e-15 0.02810002646945793
1146.211669921875 1.0230321884155273 0.2896204888820648 1.9484796517547183e-15 0.028034179737769664
1146.2215576171875 0.8486790060997009 0.2745146155357361 1.9493802595358864e-15 0.027966794890148635
1146.2315673828125 1.1144766807556152 0.2960509657859802 1.950296325668342e-15 0.027898674771700015
1146.2415771484375 0.8478325009346008 0.2738075256347656 1.9512166269655337e-15 0.02783067977809313
1146.25146484375 0.7464967370033264 0.2631055414676666 1.9521299402409107e-15 0.027761139065242673
1146.261474609375 1.2156941890716553 0.30488863587379456 1.953058711867575e-15 0.027690895372831724
1146.271484375 0.6460288166999817 0.254148930311203 1.9539919304172124e-15 0.027620828419129974
1146.2813720703125 1.0479873418807983 0.290534108877182 1.954917949186798e-15 0.027549212130071415
1146.2913818359375 0.811255693435669 0.2699436545372009 1.955859638065908e-15 0.02747692251428893
1146.3013916015625 1.1164510250091553 0.2960835099220276 1.9568057738679912e-15 0.027404863871999377
1146.311279296875 1.0491833686828613 0.2900916039943695 1.9577444981317858e-15 0.027331264654224193
1146.3212890625 1.113867998123169 0.2961108982563019 1.9586991042633414e-15 0.027257028570180142
1146.331298828125 0.9116709232330322 0.2780883312225342 1.95965815731787e-15 0.027183075880753093
1146.3411865234375 0.9781852960586548 0.28449174761772156 1.9606097988341103e-15 0.027107592741323974
1146.3511962890625 0.7093965411186218 0.25910747051239014 1.9615773222181115e-15 0.02703151077979692
1146.3612060546875 0.8432101607322693 0.27138859033584595 1.962549292525086e-15 0.02695577680439143
1146.37109375 0.5754527449607849 0.24580247700214386 1.963513639535535e-15 0.026878533214702873
1146.381103515625 0.8743352293968201 0.2745141088962555 1.9644940801719817e-15 0.02680072267845195
1146.39111328125 0.8760194182395935 0.2743462026119232 1.9654789677314016e-15 0.026723326783835797
1146.4010009765625 0.8088940978050232 0.26756101846694946 1.9664562319942963e-15 0.026644446318612784
1146.4110107421875 1.2087892293930054 0.30253368616104126 1.9674495898831888e-15 0.026565044541810773
1146.4210205078125 1.0395514965057373 0.28892281651496887 1.968447606453291e-15 0.02648514675533946
1146.430908203125 0.7077640295028687 0.2586851119995117 1.9694375762103946e-15 0.026405745227902597
1146.44091796875 1.5040572881698608 0.32443803548812866 1.9704440631099695e-15 0.026324908828226946
1146.450927734375 0.8046894669532776 0.2667980492115021 1.9714549969325175e-15 0.026243611818183545
1146.4608154296875 1.0384777784347534 0.28763628005981445 1.9724578839420666e-15 0.026162890684683526
1146.4708251953125 0.770483672618866 0.2636018991470337 1.973477499852324e-15 0.026080770154862903
1146.4808349609375 0.8332297801971436 0.26862090826034546 1.9745013509273176e-15 0.02599825500807435
1146.49072265625 0.802691638469696 0.2662404775619507 1.9755171551893123e-15 0.02591638702600011
1146.500732421875 1.168518304824829 0.2971394658088684 1.9765496883520153e-15 0.025833169725385727
1146.5107421875 0.96632981300354 0.28089067339897156 1.9775866684376914e-15 0.025749622627914377
1146.520751953125 0.801615834236145 0.26548123359680176 1.9786278836881038e-15 0.02566680215935128
1146.5306396484375 1.2292107343673706 0.30240175127983093 1.9796608403672804e-15 0.025582682826846052
1146.5406494140625 1.128611445426941 0.29326680302619934 1.980710949463639e-15 0.02549831286359647
1146.5506591796875 0.9630412459373474 0.27962130308151245 1.9817652937247337e-15 0.02541474337511075
1146.560546875 0.9958165287971497 0.2821480333805084 1.982811167656356e-15 0.02532994901942384
1146.570556640625 0.8292778134346008 0.26819926500320435 1.98387419400516e-15 0.025244979089976857
1146.58056640625 0.8296332359313965 0.26725640892982483 1.984941879035174e-15 0.025160906265294866
1146.5904541015625 0.7610195279121399 0.2598041296005249 1.986000670219242e-15 0.025075674592187146
1146.6004638671875 0.7025819420814514 0.2551541030406952 1.9870768255787286e-15 0.024990361420375362
1146.6104736328125 0.762233316898346 0.2602955102920532 1.9881574278611883e-15 0.024906030157433857
1146.620361328125 0.782018780708313 0.26292139291763306 1.9892291362977018e-15 0.02482063201930132
1146.63037109375 0.9805135130882263 0.2855587899684906 1.9903186324261076e-15 0.024735244708447846
1146.640380859375 1.0404731035232544 0.2902359962463379 1.9914123637192497e-15 0.024650936983584282
1146.6502685546875 1.525836706161499 0.3299437165260315 1.992496989408209e-15 0.024565667027392244
1146.6602783203125 1.2279289960861206 0.3085295855998993 1.993599614547297e-15 0.024480505791459675
1146.6702880859375 1.0982097387313843 0.2980779707431793 1.9947064748511217e-15 0.024396529237188602
1146.68017578125 1.2454928159713745 0.3123070001602173 1.9958042295507633e-15 0.024311699195541773
1146.690185546875 0.9577198028564453 0.28694742918014526 1.996919771942297e-15 0.024227096239674836
1146.7001953125 0.8086463809013367 0.2718851864337921 1.998039973015041e-15 0.02414378540478413
1146.7100830078125 0.787031888961792 0.27012133598327637 1.9991506449671282e-15 0.024059751856538733
1146.7200927734375 0.9144629836082458 0.28540483117103577 2.0002795281275814e-15 0.02397605673461852
1146.7301025390625 0.7550450563430786 0.2655262053012848 2.0014128582110076e-15 0.023892761760199194
1146.739990234375 1.3654009103775024 0.3222021162509918 2.0025366591737773e-15 0.023810909843761177
1146.75 1.0483001470565796 0.2962106168270111 2.003678671344913e-15 0.023728524501482898
1146.760009765625 0.6568601131439209 0.25840288400650024 2.0048253421972584e-15 0.023646660924303353
1146.7698974609375 0.9894015192985535 0.28571367263793945 2.0059620604124737e-15 0.02356636914404288
1146.7799072265625 1.5078283548355103 0.329876571893692 2.0071174133525285e-15 0.023485707100702278
1146.7899169921875 1.1070618629455566 0.30141663551330566 2.0082772132155565e-15 0.023405725064139692
1146.7998046875 1.2168222665786743 0.308811217546463 2.009427272199691e-15 0.023327430733915286
1146.809814453125 1.1028857231140137 0.30250921845436096 2.0105957541504283e-15 0.023248951489693987
1146.81982421875 1.0841069221496582 0.2999977469444275 2.0117688947823755e-15 0.02317130091375733
1146.8297119140625 1.098800778388977 0.30247199535369873 2.0129318710189557e-15 0.023095485247741358
1146.8397216796875 1.0788546800613403 0.29735463857650757 2.0141136937386122e-15 0.023019672802467722
1146.8497314453125 1.326208472251892 0.3189851641654968 2.015299963381242e-15 0.02294487116942901
1146.8597412109375 0.8286828398704529 0.2759309411048889 2.0164906799468446e-15 0.022872028110137412
1146.86962890625 0.9927343726158142 0.29025501012802124 2.0176712321170803e-15 0.022799412933508675
1146.879638671875 0.7046222686767578 0.2604755759239197 2.018870842528629e-15 0.02272799089603273
1146.8896484375 1.1241670846939087 0.29978272318840027 2.020074899863151e-15 0.022658668050330497
1146.8995361328125 1.0084056854248047 0.2904222309589386 2.021268792802306e-15 0.022589811729503653
1146.9095458984375 0.9724820852279663 0.28791359066963196 2.0224815322245375e-15 0.022522345323067173
1146.9195556640625 1.0201737880706787 0.2945061922073364 2.0236991420862155e-15 0.02245713527159233
1146.929443359375 0.40467894077301025 0.2256280779838562 2.024905952277816e-15 0.022392631216380153
1146.939453125 1.4468941688537598 0.3246535062789917 2.0261322442272035e-15 0.022329729675783935
1146.949462890625 0.8749659657478333 0.2732842266559601 2.027362983099564e-15 0.022269235681353715
1146.9593505859375 1.2447818517684937 0.30690985918045044 2.028583134060084e-15 0.02220972130225533
1146.9693603515625 1.0545827150344849 0.29263561964035034 2.0298227667783905e-15 0.022152028456537673
1146.9793701171875 1.0733407735824585 0.2922613322734833 2.0310668464196702e-15 0.022096896103875965
1146.9892578125 1.004218339920044 0.286898672580719 2.0323001263908725e-15 0.022043040996486993
1146.999267578125 0.820009171962738 0.2696165442466736 2.0335530998780984e-15 0.021991237702580813
1147.00927734375 1.1530780792236328 0.29758477210998535 2.0348107320465342e-15 0.021942147427326187
1147.0191650390625 0.9712604284286499 0.2836642861366272 2.036057141028419e-15 0.02189464957320887
1147.0291748046875 1.189254879951477 0.3005962669849396 2.037323667042801e-15 0.02184943262826419
1147.0391845703125 1.1867191791534424 0.3009542226791382 2.0385944282219192e-15 0.021807097616032833
1147.049072265625 0.9781402945518494 0.2858738601207733 2.03985438973096e-15 0.021766672133080225
1147.05908203125 0.6633676290512085 0.2509341537952423 2.0411342565142612e-15 0.02172877678596763
1147.069091796875 0.9918612241744995 0.2801990807056427 2.0424185702205356e-15 0.021693507171066256
1147.0789794921875 0.5453176498413086 0.23647081851959229 2.0436916607402588e-15 0.02166131553321521
1147.0889892578125 1.0208576917648315 0.2825572192668915 2.044985080050716e-15 0.021631497684212294
1147.0989990234375 0.703208327293396 0.2516588866710663 2.0462827345259097e-15 0.021604548919548956
1147.10888671875 1.035230040550232 0.2830023765563965 2.047569165814552e-15 0.021580835912872243
1147.118896484375 1.2510089874267578 0.2975733280181885 2.0488759258939287e-15 0.021559853890469837
1147.12890625 0.7791593670845032 0.2561495900154114 2.0501871328962784e-15 0.021542001213506492
1147.1387939453125 1.314168930053711 0.29942888021469116 2.05148690495384e-15 0.021527519805362706
1147.1488037109375 1.1837207078933716 0.290057897567749 2.0528072175603727e-15 0.021516142486894048
1147.1588134765625 0.9941209554672241 0.27316007018089294 2.0541319770898785e-15 0.021508149248375453
1147.1688232421875 0.9921182990074158 0.2749577462673187 2.0554611835423573e-15 0.02150365976805523
1147.1787109375 0.7712306976318359 0.2551877796649933 2.0567787432918113e-15 0.021502651923028217
1147.188720703125 0.863048791885376 0.26272425055503845 2.058117055348473e-15 0.02150527940815893
1147.19873046875 1.1793137788772583 0.2890886664390564 2.059459814328108e-15 0.02151152656344737
1147.2086181640625 0.5143657922744751 0.22799599170684814 2.0607907148464813e-15 0.021521632173943064
1147.2186279296875 0.8308365941047668 0.2601545453071594 2.062142579430299e-15 0.02153562263001106
1147.2286376953125 1.114698052406311 0.28351378440856934 2.06349889093709e-15 0.02155333321896863
1147.238525390625 1.0533826351165771 0.27711156010627747 2.0648431322243827e-15 0.021575281225733243
1147.24853515625 0.7685941457748413 0.2541242837905884 2.0662085493353567e-15 0.0216013495639036
1147.258544921875 1.110962986946106 0.2820552587509155 2.0675786251275405e-15 0.021631218587868064
1147.2684326171875 1.3006263971328735 0.29719915986061096 2.0689362071837523e-15 0.021665702500416866
1147.2784423828125 0.7346840500831604 0.25039276480674744 2.0703151768218823e-15 0.02170452741904928
1147.2884521484375 1.045753002166748 0.2772214412689209 2.0716985933829854e-15 0.021747210547702952
1147.29833984375 1.1717724800109863 0.28701817989349365 2.07306993972459e-15 0.02179487385683518
1147.308349609375 1.0490880012512207 0.2779708206653595 2.074462461889876e-15 0.02184708824401425
1147.318359375 1.0797410011291504 0.2799416482448578 2.0758594309781353e-15 0.021903191930563625
1147.3282470703125 0.890303373336792 0.2632121741771698 2.0772441180886593e-15 0.02196463496923084
1147.3382568359375 1.1697523593902588 0.28536146879196167 2.0786501927811014e-15 0.02203080585761089
1147.3482666015625 0.7926145792007446 0.25363418459892273 2.0800609261547535e-15 0.02210087749153108
1147.358154296875 1.1354924440383911 0.2831706404685974 2.0814589540341967e-15 0.022176624990907477
1147.3681640625 0.699611246585846 0.24552477896213531 2.0828787930120317e-15 0.022257277584151695
1147.378173828125 1.0120919942855835 0.2726890742778778 2.0843032906710766e-15 0.022342869593797665
1147.3880615234375 0.8519837856292725 0.259326696395874 2.085714871077676e-15 0.022432317510962006
1147.3980712890625 1.0708521604537964 0.2781990170478821 2.087148262582667e-15 0.022527878241729762
1147.4080810546875 0.91289222240448 0.26470494270324707 2.088586312768868e-15 0.02262851832888021
1147.41796875 0.9133047461509705 0.26390540599823 2.0900114457026234e-15 0.022732952675812275
1147.427978515625 1.0691779851913452 0.27675169706344604 2.0914586014930073e-15 0.02284379627962666
1147.43798828125 0.8186500668525696 0.2549804747104645 2.0929104159646012e-15 0.022959833936453213
1147.4478759765625 0.9113062620162964 0.26272284984588623 2.094348889667276e-15 0.02307956559459886
1147.4578857421875 0.940129816532135 0.266449898481369 2.0958098097430527e-15 0.023205991410981074
1147.4678955078125 1.1287684440612793 0.281464546918869 2.0972751767418026e-15 0.02333769056121033
1147.477783203125 0.6268457174301147 0.2366102784872055 2.0987272029716333e-15 0.023472969005743947
1147.48779296875 0.814587414264679 0.2546551823616028 2.100201887332803e-15 0.02361519105424269
1147.497802734375 1.0314505100250244 0.27344658970832825 2.101681018616946e-15 0.023762740049203552
1147.5078125 1.0921446084976196 0.27725762128829956 2.1031648085822986e-15 0.023913737214689177
1147.5177001953125 0.7836610078811646 0.25098490715026855 2.1046350460204952e-15 0.0240719151629843
1147.5277099609375 0.8736130595207214 0.2592896819114685 2.106127941590031e-15 0.024235457443782787
1147.5377197265625 0.6261362433433533 0.23531542718410492 2.1076254958407765e-15 0.02440227555551349
1147.547607421875 0.7182838320732117 0.24427340924739838 2.109109497564366e-15 0.024576486898053973
1147.5576171875 0.9355433583259583 0.26431557536125183 2.1106161574192947e-15 0.024756079166517755
1147.567626953125 0.994770348072052 0.26976278424263 2.112127475955433e-15 0.024938761177846963
1147.5775146484375 0.9039807319641113 0.2609371840953827 2.1136250302061788e-15 0.02512905359793933
1147.5875244140625 0.8703851103782654 0.2576028108596802 2.1151454543465002e-15 0.025324702982099705
1147.5975341796875 0.9628558158874512 0.26646822690963745 2.1166705371680316e-15 0.02552323282301985
1147.607421875 0.8390894532203674 0.2547557055950165 2.1181816439459333e-15 0.02572954798498172
1147.617431640625 0.8991212248802185 0.26060914993286133 2.1197160441298844e-15 0.02594122678234546
1147.62744140625 0.9898625612258911 0.2680854797363281 2.1212548912368087e-15 0.026155551870906325
1147.6373291015625 0.836324155330658 0.25372689962387085 2.1227797623001032e-15 0.026377826818608025
1147.6473388671875 1.0218058824539185 0.27017873525619507 2.1243279267694473e-15 0.026605428112433212
1147.6573486328125 0.7731578946113586 0.2472730129957199 2.1258807499200012e-15 0.0268354686676087
1147.667236328125 1.1409212350845337 0.2791314125061035 2.127418961752215e-15 0.027073594435321813
1147.67724609375 1.108634114265442 0.27716705203056335 2.1289811022651888e-15 0.027316974893112952
1147.687255859375 0.9260891079902649 0.26059645414352417 2.1305476897011356e-15 0.027562593376013605
1147.6971435546875 0.987838864326477 0.2658610939979553 2.132099877576979e-15 0.027816430883480858
1147.7071533203125 0.7705048322677612 0.2464810013771057 2.1336757823753457e-15 0.028075491354054544
1147.7171630859375 1.1356359720230103 0.27738049626350403 2.1352563458549223e-15 0.028339768243007376
1147.72705078125 1.1357680559158325 0.2783675491809845 2.1368222980161587e-15 0.0286058987584149
1147.737060546875 1.1327570676803589 0.2766125202178955 2.1384117553416813e-15 0.028880447230282807
1147.7470703125 1.1950966119766235 0.282243549823761 2.1400062948648876e-15 0.029160146950850577
1147.7569580078125 0.949987530708313 0.2624322474002838 2.141586011311517e-15 0.029441458993220218
1147.7669677734375 0.8592458963394165 0.25421974062919617 2.143189656438906e-15 0.029731325767871804
1147.7769775390625 1.041227102279663 0.269275039434433 2.144797960247505e-15 0.03002626186195908
1147.786865234375 1.220766544342041 0.28350722789764404 2.1463914409795273e-15 0.03032259397685105
1147.796875 1.1900362968444824 0.2807807922363281 2.1480090621505462e-15 0.030627569458577662
1147.806884765625 1.188123345375061 0.28108450770378113 2.149631342002775e-15 0.030937575045976762
1147.81689453125 1.0665268898010254 0.2713378667831421 2.1512582805362137e-15 0.03124870160295466
1147.8267822265625 0.5218794941902161 0.22120939195156097 2.152869972476602e-15 0.03156860752063016
1147.8367919921875 0.9754684567451477 0.263047456741333 2.1545062283724603e-15 0.03189347016600549
1147.8468017578125 0.8839758038520813 0.2553950846195221 2.1561473547077655e-15 0.03221921145609155
1147.856689453125 1.0631064176559448 0.26996856927871704 2.1577728109335465e-15 0.032553885621096
1147.86669921875 0.973244845867157 0.26159337162971497 2.1594230428730347e-15 0.032893423182495274
1147.876708984375 0.9114067554473877 0.2561816871166229 2.1610781452519696e-15 0.03323362034988693
1147.8865966796875 0.9990973472595215 0.26411139965057373 2.1627175775213803e-15 0.03358283138939423
1147.8966064453125 1.0897865295410156 0.2711833119392395 2.164381785504498e-15 0.03393687747698999
1147.9066162109375 0.8182204365730286 0.247885063290596 2.166050652168826e-15 0.03429135108279519
1147.91650390625 1.0261532068252563 0.26645413041114807 2.1677040604818664e-15 0.03465496570620843
1147.926513671875 0.8462104797363281 0.2512616515159607 2.169382244508614e-15 0.035023345495772275
1147.9365234375 0.8744271397590637 0.2532079815864563 2.1710652989748083e-15 0.03539190878139909
1147.9464111328125 0.9627695083618164 0.2589260935783386 2.1727324715732415e-15 0.03576974122211039
1147.9564208984375 1.1998778581619263 0.2792893946170807 2.174424631643619e-15 0.03615232824517084
1147.9664306640625 1.111182451248169 0.2726496458053589 2.1761216621534428e-15 0.03653484632933519
1147.976318359375 0.8116706609725952 0.24681738018989563 2.1778028107955058e-15 0.03692676633379847
1147.986328125 0.9293827414512634 0.256681889295578 2.1795091586677496e-15 0.037323383603222765
1147.996337890625 1.1085201501846313 0.2709439992904663 2.18122037697944e-15 0.03771975633490595
1148.0062255859375 1.076050877571106 0.26778727769851685 2.182915289906896e-15 0.038125632880976305
1148.0162353515625 0.9557349681854248 0.25811171531677246 2.1846358255810062e-15 0.03853616046189501
1148.0262451171875 1.2519502639770508 0.2818399965763092 2.1863610199363264e-15 0.0389462174130652
1148.0361328125 0.9246881008148193 0.254902184009552 2.188069908907412e-15 0.039365935071669765
1148.046142578125 0.5704576969146729 0.22280460596084595 2.189804420625152e-15 0.03979027433188955
1148.05615234375 0.9528992772102356 0.25700441002845764 2.1915438027823387e-15 0.04021921737834318
1148.0660400390625 0.805046796798706 0.24532930552959442 2.193266667797054e-15 0.04064741205851652
