wave flux_norm flux_err cont_fit cont_err
1140.4727783203125 0.3330339193344116 0.4902067184448242 1.1411969019238782e-15 0.06740708962535896
1140.4849853515625 1.051775336265564 0.6160034537315369 1.1397034769587504e-15 0.06677033876691665
1140.497314453125 1.280224084854126 0.6497859954833984 1.138200522872966e-15 0.06614821895995304
1140.509521484375 1.0188257694244385 0.6049035787582397 1.1367178975779158e-15 0.06553462996346233
1140.521728515625 1.1693062782287598 0.6340978741645813 1.135240566238786e-15 0.06492981609067679
1140.5340576171875 1.1703777313232422 0.6344424486160278 1.1337540234163546e-15 0.06432811441070942
1140.5462646484375 1.0625059604644775 0.619558572769165 1.1322875976264206e-15 0.06374166400624023
1140.5584716796875 0.9660387635231018 0.6077093482017517 1.130826465792407e-15 0.06316474269563521
1140.57080078125 0.9800927639007568 0.6151409149169922 1.1293562283542103e-15 0.0625919705094253
1140.5830078125 0.822600781917572 0.582811176776886 1.1279058961902741e-15 0.06203493314772009
1140.59521484375 0.6917170882225037 0.563149094581604 1.1264609638613767e-15 0.061488181961486664
1140.607421875 0.6927515268325806 0.5601416230201721 1.125021431367518e-15 0.06094668578135821
1140.6197509765625 1.1064170598983765 0.634294331073761 1.1235728991485948e-15 0.06042138856805066
1140.6319580078125 0.8633158802986145 0.5979611277580261 1.1221440604456952e-15 0.05990716616554618
1140.6441650390625 1.4450507164001465 0.6810135841369629 1.1207206215778343e-15 0.05940424364411742
1140.656494140625 0.956825315952301 0.6082888245582581 1.1192883947431457e-15 0.05890805497014247
1140.668701171875 0.5527087450027466 0.5348189473152161 1.117875649666244e-15 0.0584286763450358
1140.680908203125 0.8055513501167297 0.5810889005661011 1.1164681985452625e-15 0.05796138725479059
1140.693115234375 1.1597038507461548 0.6372587084770203 1.1150661472593198e-15 0.05750196087420408
1140.7054443359375 0.909232497215271 0.5970505475997925 1.1136555197647862e-15 0.05705973744636364
1140.7176513671875 0.6585716605186462 0.5496432185173035 1.1122641622698026e-15 0.056630358293296795
1140.7298583984375 1.0051074028015137 0.6090757846832275 1.1108780987307393e-15 0.0562140620651922
1140.7421875 0.7902784943580627 0.5793620347976685 1.109483670741322e-15 0.055807133737461774
1140.75439453125 1.2622987031936646 0.6481919288635254 1.1081083009932178e-15 0.05541784166867751
1140.7666015625 0.7768203020095825 0.5745227336883545 1.1067383310801523e-15 0.05504232414897152
1140.77880859375 1.3530006408691406 0.6578895449638367 1.1053735492438889e-15 0.05467726482787103
1140.7911376953125 1.5917845964431763 0.6877228617668152 1.104000614715508e-15 0.054330066155379594
1140.8033447265625 1.0052947998046875 0.610206663608551 1.1026465266702036e-15 0.05399728054822371
1140.8155517578125 1.008599042892456 0.6137868165969849 1.1012977325808196e-15 0.05367906614973555
1140.827880859375 1.1298401355743408 0.6286916732788086 1.0999408916784366e-15 0.05337265027971874
1140.840087890625 0.07550538331270218 0.4445588290691376 1.0986027913800116e-15 0.05308426390197329
1140.852294921875 1.0098477602005005 0.6139538288116455 1.097269985037507e-15 0.05281094728650895
1140.8646240234375 0.8942793607711792 0.5964267253875732 1.0959291318820034e-15 0.052550334737419886
1140.8768310546875 1.1298612356185913 0.6316794753074646 1.0946069134513394e-15 0.052307712169545294
1140.8890380859375 1.2491506338119507 0.6443076729774475 1.0932899889765958e-15 0.052080535052497115
1140.9012451171875 1.2503728866577148 0.646555483341217 1.0919783584577725e-15 0.05186684234577389
1140.91357421875 0.7814976572990417 0.5798685550689697 1.0906588928841872e-15 0.05167095242988556
1140.92578125 0.5470934510231018 0.5408957600593567 1.0893578502772045e-15 0.05149073044117192
1140.93798828125 0.5474781394004822 0.5410997271537781 1.0880619957470239e-15 0.05132620754544376
1140.9503173828125 0.5469738841056824 0.5406532287597656 1.0867586237994363e-15 0.051176013669537654
1140.9625244140625 0.42858749628067017 0.519074022769928 1.0854733571810963e-15 0.05104312120262259
1140.9747314453125 1.0198465585708618 0.6200870275497437 1.0841933845186767e-15 0.05092593778765872
1140.9869384765625 0.7866017818450928 0.5843597054481506 1.0829187058121774e-15 0.05082351165183166
1140.999267578125 0.9113305807113647 0.6057716608047485 1.0816365096882712e-15 0.050737813254253326
1141.011474609375 0.9127620458602905 0.6039829254150391 1.0803723130144941e-15 0.050667673734646514
1141.023681640625 0.43936848640441895 0.5251072645187378 1.079113304417519e-15 0.050613008210283965
1141.0360107421875 0.5553236603736877 0.5465015769004822 1.0778470960404922e-15 0.05057339726401234
1141.0482177734375 0.43243393301963806 0.5239059925079346 1.0765986753553578e-15 0.05054949384880979
1141.0604248046875 0.6703082919120789 0.5665059685707092 1.0753554427470253e-15 0.050540684316845504
1141.0726318359375 0.9101189374923706 0.6073077321052551 1.0741175040946131e-15 0.050546935679437556
1141.0849609375 1.0511503219604492 0.63102126121521 1.0728723656621493e-15 0.0505679524847123
1141.09716796875 0.8142213821411133 0.5968278646469116 1.0716449090424594e-15 0.050603526711421924
1141.109375 0.9279146790504456 0.6150867938995361 1.0704226404995715e-15 0.050653441168379415
1141.1217041015625 0.8059020638465881 0.5933695435523987 1.0691933839348687e-15 0.05071817470432945
1141.1339111328125 1.782582402229309 0.7289812564849854 1.067981597424703e-15 0.05079621282791473
1141.1461181640625 0.43610137701034546 0.5274176001548767 1.0667749989913392e-15 0.05088786829912141
1141.158447265625 0.1966187208890915 0.48096105456352234 1.065561518415279e-15 0.05099397670819687
1141.170654296875 0.9372093677520752 0.6179531216621399 1.0643654020146376e-15 0.05111216787848834
1141.182861328125 0.4468376934528351 0.5320584774017334 1.063174473690798e-15 0.05124313347758066
1141.195068359375 1.1747336387634277 0.6545649170875549 1.061988627564642e-15 0.05138805753789325
1141.2073974609375 0.4384838044643402 0.5312217473983765 1.0607963228122632e-15 0.051543764306243196
1141.2196044921875 1.0510542392730713 0.6352248191833496 1.059620852839711e-15 0.05171130139594429
1141.2318115234375 0.9240624904632568 0.6134594678878784 1.0584506768230792e-15 0.051890344366521804
1141.244140625 0.9289014339447021 0.6188610792160034 1.057274148059343e-15 0.05208251812631915
1141.25634765625 0.9328058958053589 0.6167944669723511 1.056114348196315e-15 0.05228367155800299
1141.2685546875 1.790671467781067 0.7365133166313171 1.054959736410089e-15 0.05249531104664652
1141.28076171875 0.8079898953437805 0.5991197228431702 1.0538102068215465e-15 0.052719351839763125
1141.2930908203125 1.0533684492111206 0.6365851759910583 1.0526545362441364e-15 0.052951004433675744
1141.3052978515625 1.8088061809539795 0.741958498954773 1.0515154886883162e-15 0.05319208417223335
1141.3175048828125 0.6931573152542114 0.5820783972740173 1.0503815233301795e-15 0.05344223218575884
1141.329833984375 0.9579179286956787 0.6269679069519043 1.0492415228622936e-15 0.05370372935116649
1141.342041015625 0.8467898368835449 0.6116369962692261 1.0481179336577608e-15 0.05397102819646898
1141.354248046875 0.8247142434120178 0.6040663123130798 1.0469994266509115e-15 0.05424632659177671
1141.366455078125 0.9593980312347412 0.6298862099647522 1.0458862135999825e-15 0.05453213387924782
1141.3787841796875 0.4710077941417694 0.5479521751403809 1.0447669654393044e-15 0.05482243574153503
1141.3909912109375 1.1951687335968018 0.6612116098403931 1.0436640226628609e-15 0.05511966545916494
1141.4031982421875 1.3960626125335693 0.7012534141540527 1.0425661620841009e-15 0.05542348052170328
1141.41552734375 1.1378483772277832 0.6656505465507507 1.0414624781538285e-15 0.05573666692762008
1141.427734375 1.1070610284805298 0.6586551070213318 1.0403749937286724e-15 0.05605267229283993
1141.43994140625 1.7326964139938354 0.7422466278076172 1.0392925915011998e-15 0.05637422639003992
1141.4522705078125 0.9855470657348633 0.6396329402923584 1.0382044718013333e-15 0.05670429932703294
1141.4644775390625 1.4864602088928223 0.7087261080741882 1.0371323398483462e-15 0.05703600665763074
1141.4766845703125 1.9676071405410767 0.7698519825935364 1.0360652900930425e-15 0.057372279185106595
1141.4888916015625 1.3367283344268799 0.6890261769294739 1.0350033225354225e-15 0.05771620791769827
1141.501220703125 0.948966383934021 0.6287810206413269 1.0339359551427636e-15 0.058060676555426294
1141.513427734375 0.457256942987442 0.546983003616333 1.032884257859629e-15 0.05840875018550128
1141.525634765625 0.4492494463920593 0.5426904559135437 1.031837642774178e-15 0.05876012526851679
1141.5379638671875 0.9433078765869141 0.6287208199501038 1.0307858396119249e-15 0.05911806151218958
1141.5501708984375 0.8208073377609253 0.6087859869003296 1.0297493889218409e-15 0.059475175989395404
1141.5623779296875 0.8218629956245422 0.6093462705612183 1.0287181263085587e-15 0.05983470670215963
1141.5745849609375 1.6870019435882568 0.734963595867157 1.0276919458929602e-15 0.06019999575394224
1141.5869140625 1.1975818872451782 0.6701720356941223 1.026660683279678e-15 0.060563535684838125
1141.59912109375 1.1988500356674194 0.6685445308685303 1.0256446672594465e-15 0.06092865624006654
1141.611328125 1.3217241764068604 0.6876977682113647 1.0246337334368985e-15 0.06129509661131454
1141.6236572265625 0.9540111422538757 0.6340987086296082 1.0236178232957854e-15 0.06166627197724558
1141.6358642578125 1.5730432271957397 0.7195611000061035 1.0226170538686044e-15 0.06203458068820196
1141.6480712890625 0.953437089920044 0.6322197318077087 1.021621366639107e-15 0.06240343732973944
1141.6602783203125 1.202755331993103 0.6697046756744385 1.020630761607293e-15 0.06277629594500297
1141.672607421875 0.5816500186920166 0.571938157081604 1.0196352861360325e-15 0.06314553584693099
1141.684814453125 0.8345562815666199 0.616175651550293 1.0186548454995856e-15 0.06351461244084615
1141.697021484375 1.4544092416763306 0.7076217532157898 1.0176793811817039e-15 0.06388330096183933
1141.7093505859375 1.0769320726394653 0.6503375172615051 1.0166992581826123e-15 0.06425505982728652
1141.7215576171875 0.9582619667053223 0.6352530121803284 1.0157339582600976e-15 0.06462230263151152
1141.7337646484375 1.205631136894226 0.6691142320632935 1.0147737405352664e-15 0.06498851719495503
1141.74609375 0.7072160243988037 0.596783459186554 1.0138089700083438e-15 0.06535712850707073
1141.75830078125 0.8336189389228821 0.6164546608924866 1.0128587049206429e-15 0.06572063913275208
1141.7705078125 0.7083761096000671 0.5973355770111084 1.0119136279097439e-15 0.06608251734457876
1141.78271484375 0.7083659172058105 0.5980126261711121 1.01097352721741e-15 0.0664461535438682
1141.7950439453125 1.58761727809906 0.7286341190338135 1.0100290854812215e-15 0.066804168566727
1141.8072509765625 0.7093287706375122 0.5979819893836975 1.0090990433051362e-15 0.06715999325012031
1141.8194580078125 0.9601815342903137 0.6402920484542847 1.0081739774476161e-15 0.06751344960528141
1141.831787109375 0.3357551395893097 0.5316190123558044 1.0072447823044782e-15 0.06786786057555774
1141.843994140625 1.5858848094940186 0.7248533964157104 1.0063297749632067e-15 0.06821604043586355
1141.856201171875 0.7120761275291443 0.6007815599441528 1.0054197439405004e-15 0.06856135418018895
1141.868408203125 1.468153953552246 0.7138906717300415 1.0045147951154776e-15 0.06890705632213548
1141.8807373046875 0.9659392237663269 0.643284022808075 1.0036058228839553e-15 0.0692461327219628
1141.8929443359375 0.7119747400283813 0.601266622543335 1.0027109325751811e-15 0.06958188824369695
1141.9051513671875 0.45909538865089417 0.5564749836921692 1.0018209127058537e-15 0.06991417233849145
1141.91748046875 0.9653546810150146 0.643506646156311 1.0009270811882636e-15 0.07024611341683196
1141.9296875 1.094743251800537 0.6631795167922974 1.0000471198351847e-15 0.07057099896868224
1141.94189453125 1.4704179763793945 0.7136662602424622 9.99172134800671e-16 0.07089200848253202
1141.9541015625 0.46512752771377563 0.5595017075538635 9.983021260847225e-16 0.07121215253660614
1141.9664306640625 0.20948341488838196 0.509250819683075 9.97428517478748e-16 0.07152497898147388
1141.9786376953125 0.8411248922348022 0.6222387552261353 9.965684613999297e-16 0.07183355375525353
1141.9908447265625 0.9676085710525513 0.6428776979446411 9.957133816396765e-16 0.07213775490989803
1142.003173828125 0.3376009464263916 0.5364304184913635 9.948548078685159e-16 0.0724404474272101
1142.015380859375 1.354320764541626 0.7006877660751343 9.94009680745393e-16 0.07273552625913557
1142.027587890625 0.8491505980491638 0.6272667646408081 9.93169529940835e-16 0.07302590996901412
1142.0399169921875 1.3575265407562256 0.7059420943260193 9.923258851253698e-16 0.0733143196450712
1142.0521240234375 0.3377876281738281 0.5374909043312073 9.914956869579421e-16 0.07359495502776077
1142.0643310546875 1.3657017946243286 0.7071105241775513 9.906704651090796e-16 0.07387058603461824
1142.0765380859375 2.016982078552246 0.7925080060958862 9.898501136996639e-16 0.07414381855615652
1142.0888671875 2.0257863998413086 0.7915719151496887 9.890264800375775e-16 0.07440913658257298
1142.10107421875 0.6030599474906921 0.5884032249450684 9.882160812652919e-16 0.07466919259028924
1142.11328125 0.7631585001945496 0.6232782602310181 9.87410552932453e-16 0.07492390573747104
1142.1256103515625 0.7604191303253174 0.6209492683410645 9.866019541051804e-16 0.07517565847360297
1142.1378173828125 1.170929193496704 0.6923568844795227 9.858063784094718e-16 0.0754193964999503
1142.1500244140625 0.9191570281982422 0.6537562012672424 9.8501567315321e-16 0.0756575614392387
1142.1622314453125 1.2532105445861816 0.7100905776023865 9.842298383363948e-16 0.07589237524134522
1142.174560546875 0.7671810388565063 0.6265639662742615 9.834411447833826e-16 0.07611913161520113
1142.186767578125 0.3843611180782318 0.5583398342132568 9.826652626036977e-16 0.07634011239892254
1142.198974609375 0.5149821639060974 0.5840502977371216 9.81894144984341e-16 0.0765552625658369
1142.2113037109375 1.1007483005523682 0.6936815977096558 9.811203803870242e-16 0.07676658439602854
1142.2235107421875 0.4851530194282532 0.5723056197166443 9.803592154047978e-16 0.07696983932846292
1142.2357177734375 1.04726243019104 0.6752237677574158 9.796029208620181e-16 0.07716709750559107
1142.2479248046875 0.9127907156944275 0.6510710120201111 9.788513908795668e-16 0.07736019160358212
1142.26025390625 0.7696610689163208 0.6272802352905273 9.78097425677392e-16 0.07754525252708497
1142.2724609375 1.211045742034912 0.7020165324211121 9.773558483320709e-16 0.0777241764445382
1142.28466796875 0.9318690299987793 0.6586735248565674 9.766191414261965e-16 0.07789692842510391
1142.2969970703125 0.6304048895835876 0.6038699150085449 9.758798934214803e-16 0.07806509174504389
1142.3092041015625 0.51236891746521 0.5839883685112 9.751530332736177e-16 0.0782253158229457
1142.3214111328125 0.7763257622718811 0.6316868662834167 9.744309376860834e-16 0.07837926123919851
1142.333740234375 1.0353522300720215 0.6711037158966064 9.737065127579441e-16 0.07852834379870441
1142.345947265625 0.6130378842353821 0.598246157169342 9.729942639284217e-16 0.07866957736534563
1142.358154296875 0.5176798105239868 0.5850415825843811 9.722867796592275e-16 0.07880444998906168
1142.370361328125 0.6198363304138184 0.5994656085968018 9.7158416582948e-16 0.07893294570252758
1142.3826904296875 0.9017647504806519 0.6500046849250793 9.708794344173645e-16 0.07905622679792337
1142.3948974609375 0.6228781938552856 0.6013482213020325 9.701865614665105e-16 0.07917183907775568
1142.4071044921875 0.6140692830085754 0.5995157361030579 9.694985589551032e-16 0.07928101818952726
1142.41943359375 0.6337262392044067 0.6058473587036133 9.688085447404461e-16 0.07938475217788514
1142.431640625 0.7404849529266357 0.621106743812561 9.681301772288139e-16 0.07948098236794517
1142.44384765625 0.34562596678733826 0.5478837490081787 9.674566801566283e-16 0.07957075201418137
1142.4560546875 0.8726431131362915 0.6432590484619141 9.667880535238894e-16 0.07965486288098597
1142.4683837890625 0.739313542842865 0.6214809417724609 9.661176269461376e-16 0.079731651594502
1142.4805908203125 1.7761951684951782 0.7700105309486389 9.654586353131738e-16 0.07980198238192682
1142.4927978515625 1.5051926374435425 0.7335335612297058 9.648045141196567e-16 0.07986586478558363
1142.505126953125 0.33943814039230347 0.5479127168655396 9.64148698860245e-16 0.07992383277216757
1142.517333984375 0.46922487020492554 0.5724154114723206 9.63504212666503e-16 0.0799747643556651
1142.529541015625 0.860505223274231 0.64200359582901 9.62864491033089e-16 0.08001927189243885
1142.541748046875 0.8586387038230896 0.639893651008606 9.62229639839122e-16 0.08005771110112775
1142.5540771484375 0.8568408489227295 0.6375933885574341 9.615933063374972e-16 0.08008935376004737
1142.5662841796875 1.5379924774169922 0.7466195225715637 9.609680901433051e-16 0.08011460958941011
1142.5784912109375 1.2740672826766968 0.705621600151062 9.603476385094414e-16 0.08013351790592485
1142.5908203125 1.9927451610565186 0.8115268349647522 9.597258104470383e-16 0.08014619221932148
1142.60302734375 1.3898388147354126 0.7399169206619263 9.591149938129495e-16 0.08015240249234794
1142.615234375 0.9058260917663574 0.6600328087806702 9.58508941739189e-16 0.08015233449535586
1142.6275634765625 1.247267246246338 0.7226718664169312 9.579017249951262e-16 0.0801459310253476
1142.6397705078125 1.1855854988098145 0.7028274536132812 9.573053079211407e-16 0.08013335433394257
1142.6519775390625 1.2062479257583618 0.7071765065193176 9.567136554074836e-16 0.08011459830946031
1142.6641845703125 1.1391862630844116 0.7068632245063782 9.561266615750364e-16 0.08008970782253609
1142.676513671875 1.3947597742080688 0.7454551458358765 9.555387148305235e-16 0.08005837476027268
1142.688720703125 1.6163570880889893 0.7834341526031494 9.549614618769697e-16 0.08002127157026899
1142.700927734375 0.24251878261566162 0.5405436158180237 9.543888676046258e-16 0.07997815992373246
1142.7132568359375 0.8384096026420593 0.6580708026885986 9.538153204202162e-16 0.07992856077836585
1142.7254638671875 0.8745071291923523 0.6675574779510498 9.532523611476473e-16 0.07987352023316883
1142.7376708984375 1.2785089015960693 0.7334049344062805 9.526940605562883e-16 0.0798126144674038
1142.7498779296875 0.5783079266548157 0.6178626418113708 9.521405245252576e-16 0.07974519913240666
1142.76220703125 0.1996626853942871 0.5262739658355713 9.51586247340398e-16 0.07967268189242147
1142.7744140625 1.4132789373397827 0.7546302080154419 9.51042240430024e-16 0.0795944616771398
1142.78662109375 1.4959436655044556 0.7541242241859436 9.505028922008598e-16 0.07951061731473467
1142.7989501953125 1.5724811553955078 0.7756813764572144 9.499630145761036e-16 0.07942028036691152
1142.8111572265625 0.7563179731369019 0.6542918682098389 9.49433195467596e-16 0.07932530599862425
1142.8233642578125 0.8458865880966187 0.6642095446586609 9.489081409194168e-16 0.07922489016600033
1142.8355712890625 0.368846595287323 0.567910373210907 9.483878509315658e-16 0.0791180263281138
1142.847900390625 0.3735489547252655 0.5722245573997498 9.478670315481229e-16 0.07900689321679236
1142.860107421875 0.853689968585968 0.6674959659576416 9.473561648018101e-16 0.078890542999519
1142.872314453125 0.7116715312004089 0.6421833634376526 9.468499567367073e-16 0.07876903702866465
1142.8846435546875 1.5976070165634155 0.783128023147583 9.463435369133676e-16 0.07864117167731617
1142.8968505859375 0.9211969375610352 0.6679545640945435 9.45846752089803e-16 0.07850955434198217
1142.9090576171875 0.8519036769866943 0.666526198387146 9.453547318265666e-16 0.07837302446782296
1142.92138671875 1.452481985092163 0.7659393548965454 9.448626056842119e-16 0.07823023223664466
1142.93359375 0.40741440653800964 0.5820100903511047 9.443800086625137e-16 0.07808409090589147
1142.94580078125 1.2312476634979248 0.7188324332237244 9.439020703220255e-16 0.07793329397822867
1142.9580078125 0.9558992385864258 0.6751760840415955 9.434287906627471e-16 0.07777792835239299
1142.9703369140625 1.245394229888916 0.7205066084861755 9.429556168825872e-16 0.07761646746035931
1142.9825439453125 1.1576101779937744 0.7180971503257751 9.42491760464847e-16 0.07745220472907861
1142.9947509765625 1.5205122232437134 0.7813826203346252 9.420325627283168e-16 0.07728366306468068
1143.007080078125 0.4730035662651062 0.5840591192245483 9.415735767500234e-16 0.07710917406331338
1143.019287109375 0.7809556126594543 0.6627516150474548 9.411238022550314e-16 0.07693230277277026
1143.031494140625 1.1116063594818115 0.7063912749290466 9.406786864412492e-16 0.07675144684696406
1143.043701171875 0.6236889958381653 0.6144735813140869 9.40238229308677e-16 0.0765648360425553
1143.0560302734375 0.5769529938697815 0.6168596744537354 9.3979808981346e-16 0.0763762643887651
1143.0682373046875 0.8677203059196472 0.6655215620994568 9.393669500433076e-16 0.0761840235507787
1143.0804443359375 0.6252539157867432 0.6137473583221436 9.38940468954365e-16 0.07598820548872554
1143.0927734375 0.8879530429840088 0.6537492871284485 9.38514411381896e-16 0.07578691867015719
1143.10498046875 0.20386527478694916 0.5305577516555786 9.380973535344918e-16 0.0755842571379242
1143.1171875 0.6107115149497986 0.6092578768730164 9.37684848489179e-16 0.07537835474155677
1143.12939453125 0.47483307123184204 0.582564115524292 9.372768962459576e-16 0.07516723084339755
1143.1417236328125 0.20711000263690948 0.5315101146697998 9.36869685156565e-16 0.0749551635032699
1143.1539306640625 1.1307073831558228 0.6841080188751221 9.36471156154882e-16 0.07474021253429071
1143.1661376953125 0.20215749740600586 0.5301856994628906 9.360771799552903e-16 0.07452248059419665
1143.178466796875 0.3340044617652893 0.5573390126228333 9.356839449095274e-16 0.07429987639766715
1143.190673828125 0.07026917487382889 0.5070783495903015 9.352992860723556e-16 0.07407693137227114
1143.202880859375 0.07164201885461807 0.507128119468689 9.349192859163936e-16 0.07385158185531135
1143.2152099609375 0.3396661579608917 0.5571389198303223 9.345400269142605e-16 0.07362165566416255
1143.2274169921875 0.33905667066574097 0.5605898499488831 9.341692382416e-16 0.07339183060030922
1143.2396240234375 -0.061244476586580276 0.4793510437011719 9.338031082501493e-16 0.0731599741061067
1143.2518310546875 1.2782800197601318 0.7089685201644897 9.334414251816717e-16 0.07292620827063231
1143.26416015625 0.3386721909046173 0.5562252998352051 9.330809067834966e-16 0.07268830683189177
1143.2763671875 0.34046682715415955 0.5588456392288208 9.327285410774388e-16 0.07245109768000142
1143.28857421875 0.34340208768844604 0.5602003335952759 9.323807281734725e-16 0.07221237382318828
1143.3009033203125 0.74317866563797 0.6334300637245178 9.32034185818927e-16 0.07196985089274471
1143.3131103515625 0.8804348111152649 0.6569550037384033 9.316955843982622e-16 0.07172847334227692
1143.3253173828125 0.47368696331977844 0.5834274291992188 9.313615357796888e-16 0.07148597885052922
1143.3375244140625 1.0108728408813477 0.6767337918281555 9.310321458423252e-16 0.07124006499394614
1143.349853515625 1.147830605506897 0.6979053020477295 9.30704132333501e-16 0.0709957289713772
1143.362060546875 1.011091709136963 0.6751962900161743 9.303838480003205e-16 0.0707506777822594
1143.374267578125 0.7444371581077576 0.6334810256958008 9.300681164692314e-16 0.07050505670644218
1143.3865966796875 1.4114435911178589 0.7366947531700134 9.297539731249185e-16 0.07025653041583309
1143.3988037109375 1.0161653757095337 0.678536057472229 9.294474530771308e-16 0.07001016476614229
1143.4110107421875 1.1484341621398926 0.6984805464744568 9.291454858314347e-16 0.06976363684739222
1143.4232177734375 0.8787280321121216 0.6550481915473938 9.2884807138783e-16 0.06951462036848506
1143.435546875 0.7518577575683594 0.6361474990844727 9.285522451310015e-16 0.06926818389348466
1143.44775390625 1.1436729431152344 0.6955267190933228 9.282639362915798e-16 0.06902200647475971
1143.4599609375 0.7485053539276123 0.6357700228691101 9.279801802542496e-16 0.06877621655717348
1143.4722900390625 0.7468419671058655 0.6342067122459412 9.276982241619323e-16 0.06852851948209368
1143.4844970703125 0.6102402210235596 0.6079105734825134 9.274235737287851e-16 0.06828394946556468
1143.4967041015625 1.3016095161437988 0.7168727517127991 9.271534760977294e-16 0.06804019386141631
1143.5089111328125 1.1456753015518188 0.6982674598693848 9.268878253896468e-16 0.0677949719659157
1143.521240234375 1.2821285724639893 0.7147014737129211 9.266241863848139e-16 0.06755327118861988
1143.533447265625 1.1509795188903809 0.6956080198287964 9.263677471600326e-16 0.06731279297441625
1143.545654296875 1.01183021068573 0.6764408946037292 9.26115648979106e-16 0.06707369057600938
1143.5579833984375 0.7544847130775452 0.6370381712913513 9.25865774259666e-16 0.06683372757835403
1143.5701904296875 1.290781855583191 0.7172869443893433 9.256227816829225e-16 0.06659779219233464
1143.5823974609375 0.349551260471344 0.561940610408783 9.253843419082704e-16 0.06636363174719243
1143.5947265625 0.6247628331184387 0.6152216792106628 9.251481255951048e-16 0.06612907096687988
1143.60693359375 1.0170676708221436 0.6770835518836975 9.249186855455173e-16 0.06589889557434954
1143.619140625 1.1532484292984009 0.7005252242088318 9.246937982980213e-16 0.06567090936721318
1143.63134765625 0.6204926371574402 0.613064706325531 9.244734638526168e-16 0.06544298872568168
1143.6436767578125 0.49076196551322937 0.5923967361450195 9.242553528686988e-16 0.065219782817554
1143.6558837890625 0.34850963950157166 0.5624935626983643 9.240439122692404e-16 0.06499915408030002
1143.6680908203125 0.7473641633987427 0.6368650197982788 9.238370244718736e-16 0.0647812269274981
1143.680419921875 1.158094882965088 0.7011805772781372 9.2363257189423e-16 0.06456399303471518
1143.692626953125 1.6884491443634033 0.7724612951278687 9.234345779428094e-16 0.06435187306845765
1143.704833984375 1.152828335762024 0.6998293399810791 9.232411367934802e-16 0.06414283814677237
1143.717041015625 0.4819853901863098 0.5898711681365967 9.23052142567124e-16 0.06393495852289822
1143.7293701171875 1.0219568014144897 0.6813415288925171 9.228657953187281e-16 0.06373246352386945
1143.7415771484375 1.1497293710708618 0.6974878907203674 9.226856949383182e-16 0.06353340366662642
1143.7537841796875 0.8920952081680298 0.6599648594856262 9.225101473599997e-16 0.06333788977080493
1143.76611328125 1.2951849699020386 0.7243679761886597 9.223373526387598e-16 0.06314413364213428
1143.7783203125 0.756485641002655 0.6386566758155823 9.221706989063876e-16 0.06295608309408031
1143.79052734375 1.157533884048462 0.6996184587478638 9.220084920969884e-16 0.06277189965957668
1143.802734375 0.48778781294822693 0.588606059551239 9.218506263314438e-16 0.06258991422499847
1143.8150634765625 2.235457420349121 0.8439979553222656 9.216958310603331e-16 0.06241381839732883
1143.8272705078125 0.7541545629501343 0.6356790065765381 9.215469650198532e-16 0.06224189910839403
1143.8394775390625 0.7548848390579224 0.6398046612739563 9.214025459023463e-16 0.0620742526260778
1143.851806640625 0.761229932308197 0.6377038359642029 9.212611972792733e-16 0.061909339259055736
1143.864013671875 1.0264718532562256 0.682612955570221 9.211255661285942e-16 0.06175053385763737
1143.876220703125 1.1597048044204712 0.6998342275619507 9.209944877800066e-16 0.06159624724549046
1143.8885498046875 0.3563043177127838 0.5646607875823975 9.208664799258528e-16 0.06144510696297156
1143.9007568359375 1.0249046087265015 0.6797664165496826 9.207442954232113e-16 0.06130015902915011
1143.9129638671875 1.2958154678344727 0.7244220972061157 9.206264519644246e-16 0.06115997431133155
1143.9251708984375 0.4869247078895569 0.5882555246353149 9.205129495494925e-16 0.06102327945469816
1143.9375 0.4900009334087372 0.5919037461280823 9.204028352663494e-16 0.06089285248307452
1143.94970703125 0.7595601677894592 0.6395614147186279 9.20298332576482e-16 0.06076737740371507
1143.9619140625 1.4338877201080322 0.7436761856079102 9.201980650513507e-16 0.06064689862599226
1143.9742431640625 1.0363372564315796 0.6827950477600098 9.201012915371269e-16 0.06053035241031914
1143.9864501953125 1.1666899919509888 0.7061107754707336 9.200099178579418e-16 0.060420088021882146
1143.9986572265625 0.7654208540916443 0.6394979953765869 9.199228852226115e-16 0.060314972266950415
1144.0108642578125 1.0374096632003784 0.6830907464027405 9.198402995102542e-16 0.060214069033685765
1144.023193359375 0.7556561827659607 0.6329954266548157 9.197613136879227e-16 0.060119410228868894
1144.035400390625 0.8957773447036743 0.660986602306366 9.196874100632748e-16 0.06002999966083911
1144.047607421875 1.3005602359771729 0.7205363512039185 9.196179533616e-16 0.05994586289267659
1144.0599365234375 1.5689213275909424 0.762322187423706 9.195522024290693e-16 0.05986625923995754
1144.0721435546875 1.4269309043884277 0.7366959452629089 9.194915336942222e-16 0.05979278083681167
1144.0843505859375 1.0359300374984741 0.6824567317962646 9.194352060032298e-16 0.05972462136532753
1144.0965576171875 1.4350521564483643 0.7436364889144897 9.19383219356092e-16 0.05966119540540654
1144.10888671875 1.0328501462936401 0.6798402070999146 9.193351502363354e-16 0.059603750357302414
1144.12109375 1.1645575761795044 0.7035816311836243 9.19291845676907e-16 0.059551633989535106
1144.13330078125 1.161618709564209 0.7010587453842163 9.192529880404517e-16 0.05950483904937728
1144.1456298828125 1.9815654754638672 0.8123587965965271 9.192181538104959e-16 0.05946297023792306
1144.1578369140625 0.22660808265209198 0.5376371145248413 9.1918797826175e-16 0.05942682783615028
1144.1700439453125 1.5681735277175903 0.7594206929206848 9.191620378777403e-16 0.05939596248758337
1144.182373046875 0.22377167642116547 0.5391443967819214 9.191403326584669e-16 0.05937011398835123
1144.194580078125 1.8331201076507568 0.7923898100852966 9.191232861204034e-16 0.05934976494452037
1144.206787109375 1.0254946947097778 0.6759117841720581 9.191103688679578e-16 0.059334603978411386
1144.218994140625 0.357320636510849 0.5636414885520935 9.191018985384852e-16 0.05932451431430727
1144.2313232421875 0.49563100934028625 0.5928780436515808 9.19097663373749e-16 0.05931965755484156
1144.2435302734375 0.7605269551277161 0.6352907419204712 9.190978751319858e-16 0.05931985816959919
1144.2557373046875 0.760697603225708 0.6366315484046936 9.191023220549589e-16 0.059325065169075486
1144.26806640625 1.0317713022232056 0.6831367015838623 9.19111215900905e-16 0.059335358740661946
1144.2802734375 0.8938685655593872 0.658065140247345 9.191243449115875e-16 0.059350474618698475
1144.29248046875 1.4333640336990356 0.742388129234314 9.191418149661246e-16 0.059370422906443086
1144.3046875 0.4920456111431122 0.5886691808700562 9.19163520185398e-16 0.05939541465690608
1144.3170166015625 0.49195629358291626 0.5904644727706909 9.191897782067629e-16 0.059424890172745035
1144.3292236328125 0.6303717494010925 0.6139509677886963 9.192201655137456e-16 0.059458994789157
1144.3414306640625 1.0320237874984741 0.6828354597091675 9.192547879854646e-16 0.05949765670768263
1144.353759765625 0.49503591656684875 0.5894079208374023 9.192940691383935e-16 0.05954125340064173
1144.365966796875 1.0358734130859375 0.6822315454483032 9.193372678187035e-16 0.05958884332402419
1144.378173828125 1.1728638410568237 0.702241837978363 9.193848075428682e-16 0.05964075019677524
1144.390380859375 0.7649802565574646 0.6361364126205444 9.19436582431769e-16 0.0596974685923315
1144.4027099609375 0.629231870174408 0.6142390966415405 9.194931218809983e-16 0.059757788857584405
1144.4149169921875 0.8930723667144775 0.6600097417831421 9.195534729784902e-16 0.0598221616531972
1144.4271240234375 0.894018828868866 0.6602261066436768 9.196181651198367e-16 0.05989049478541434
1144.439453125 1.1697463989257812 0.699235200881958 9.196876218215116e-16 0.05996342350415719
1144.45166015625 0.4894919991493225 0.5873411893844604 9.197607842923307e-16 0.06003941704961905
1144.4638671875 0.7596370577812195 0.6365720629692078 9.19838181927886e-16 0.060119074194826504
1144.4761962890625 1.1658426523208618 0.702049732208252 9.19920661761125e-16 0.06020315256542443
1144.4884033203125 0.8858718872070312 0.6512563824653625 9.200066356052712e-16 0.06028987494024549
1144.5006103515625 1.1537976264953613 0.6944730281829834 9.200968446141538e-16 0.060379958915133015
1144.5128173828125 0.6202945709228516 0.6103872060775757 9.201911829086543e-16 0.06047423499262168
1144.525146484375 0.6299861073493958 0.6109674572944641 9.20290815159075e-16 0.06057074912076268
1144.537353515625 0.8987131118774414 0.6592279672622681 9.203937296621664e-16 0.060670296274075566
1144.549560546875 1.0222852230072021 0.6777199506759644 9.205008793299941e-16 0.06077277517852256
1144.5618896484375 1.4264886379241943 0.7374089360237122 9.206133229537421e-16 0.06087914138653665
1144.5740966796875 0.7583028674125671 0.635327160358429 9.207289429510423e-16 0.06098717286886865
1144.5863037109375 1.0273849964141846 0.6795783638954163 9.208487981130788e-16 0.06109781058670115
1144.5985107421875 1.4441382884979248 0.7322845458984375 9.209727825607332e-16 0.06121207625809548
1144.61083984375 1.0316293239593506 0.680704653263092 9.21102378601663e-16 0.06132759650324094
1144.623046875 0.3573037087917328 0.5623593330383301 9.2123483337879e-16 0.061445385106158684
1144.63525390625 0.7621689438819885 0.6346091032028198 9.213715233206531e-16 0.06156532558206039
1144.6475830078125 0.8900584578514099 0.6571162343025208 9.215138248557918e-16 0.06168853197245409
1144.6597900390625 0.49902036786079407 0.5880970358848572 9.216588792480091e-16 0.061812454362012104
1144.6719970703125 0.7588143944740295 0.6332445740699768 9.218081688049627e-16 0.061938189114358694
1144.6842041015625 0.4914771318435669 0.5856117606163025 9.219616935266526e-16 0.062066914032074365
1144.696533203125 0.8977800011634827 0.6577313542366028 9.221209357207364e-16 0.06219596288311827
1144.708740234375 0.6185848712921143 0.6087217330932617 9.222828248927803e-16 0.062326496488393154
1144.720947265625 0.6181925535202026 0.6067612767219543 9.224489492295606e-16 0.06245838760183374
1144.7332763671875 0.4916572570800781 0.5848286747932434 9.226208969178532e-16 0.06259287705664446
1144.7454833984375 0.8974157571792603 0.6477905511856079 9.227952798258692e-16 0.06272719525497251
1144.7576904296875 0.6192656755447388 0.6084771156311035 9.229738978986214e-16 0.0628625407032793
1144.77001953125 0.8933689594268799 0.655369222164154 9.231585510811229e-16 0.06300018734369303
1144.7822265625 0.3570897877216339 0.5587929487228394 9.233455336042293e-16 0.06313730065074306
1144.79443359375 0.22293208539485931 0.5331159830093384 9.235366454129535e-16 0.06327512649888205
1144.806640625 0.08763845264911652 0.5043293833732605 9.237318865072956e-16 0.06341494131881473
1144.8189697265625 0.359996497631073 0.5583999752998352 9.239332685905054e-16 0.06355388242930134
1144.8311767578125 0.2210732400417328 0.5296825766563416 9.241368741352016e-16 0.06369321648817541
1144.8433837890625 0.2194940149784088 0.5314545631408691 9.243446089655157e-16 0.06383285199430186
1144.855712890625 0.4886358678340912 0.5826233625411987 9.245586965429342e-16 0.06397407227855378
1144.867919921875 0.22335167229175568 0.5297752618789673 9.24774689944484e-16 0.06411398605634233
1144.880126953125 0.08943267911672592 0.5037384629249573 9.249949185107702e-16 0.06425388767379996
1144.892333984375 0.08840852975845337 0.500940203666687 9.252191704835558e-16 0.06439507840640898
1144.9046630859375 -0.045989990234375 0.47331541776657104 9.254498810825642e-16 0.06453466650955325
1144.9168701171875 0.08885624259710312 0.5005739331245422 9.256824975057039e-16 0.06467394161926536
1144.9290771484375 0.2204679548740387 0.5298768281936646 9.259192432144615e-16 0.06481282636890917
1144.94140625 0.22401933372020721 0.5290249586105347 9.261624475494419e-16 0.06495259735962206
1144.95361328125 0.08622318506240845 0.5011053681373596 9.264074518294352e-16 0.06509038928065528
1144.9658203125 0.21665051579475403 0.5288517475128174 9.26656479515928e-16 0.06522750025709843
1144.97802734375 0.35557374358177185 0.555141270160675 9.269096364880386e-16 0.06536519890859135
1144.9903564453125 0.0858854278922081 0.5016686320304871 9.271694638446088e-16 0.06550067957459807
1145.0025634765625 0.34947824478149414 0.5552181005477905 9.274308793879552e-16 0.06563520086425707
1145.0147705078125 0.087172731757164 0.49989813566207886 9.276964242169194e-16 0.06576868388567528
1145.027099609375 0.3520454466342926 0.5532432794570923 9.279686394303432e-16 0.06590237016236111
1145.039306640625 0.35404592752456665 0.552608072757721 9.282423369514248e-16 0.06603351934101329
1145.051513671875 -0.04380662366747856 0.4709485173225403 9.285201637581242e-16 0.06616337771139782
1145.0638427734375 -0.043775301426649094 0.47068989276885986 9.2880487270752e-16 0.06629315408625025
1145.0760498046875 0.7489640712738037 0.625690221786499 9.290908522063368e-16 0.06642018539091189
1145.0882568359375 0.6159974932670593 0.6014038324356079 9.29380855111653e-16 0.06654567926286556
1145.1004638671875 0.488590270280838 0.578616201877594 9.29674987302587e-16 0.06667079760548907
1145.11279296875 1.0228593349456787 0.6674680709838867 9.29976107515336e-16 0.06679299642384219
1145.125 1.1456950902938843 0.6867113709449768 9.302783923983873e-16 0.06691342558378778
1145.13720703125 1.018896222114563 0.6648495197296143 9.305847006879382e-16 0.06703201923216383
1145.1495361328125 1.2730296850204468 0.7076619267463684 9.308982087575406e-16 0.06714987126986098
1145.1617431640625 1.1425105333328247 0.6893978118896484 9.312126697392088e-16 0.06726457549054402
1145.1739501953125 0.6157618165016174 0.6019679307937622 9.315311541273764e-16 0.06737722425404587
1145.1861572265625 1.148485541343689 0.6842716932296753 9.31853767801162e-16 0.06748885496554669
1145.198486328125 0.08948992192745209 0.49659788608551025 9.32183581254999e-16 0.06759719471206628
1145.210693359375 0.7454625368118286 0.6232581734657288 9.325142417417834e-16 0.06770328183372812
1145.222900390625 0.4799429774284363 0.571574866771698 9.328489256350673e-16 0.06780706239725766
1145.2352294921875 0.4900263249874115 0.5767528414726257 9.331910210666396e-16 0.06790945813034464
1145.2474365234375 0.7525876760482788 0.6232605576515198 9.335338576520408e-16 0.06800840404826648
1145.2596435546875 0.6194571852684021 0.601093053817749 9.33880611764823e-16 0.06810483290484959
1145.2718505859375 0.35271283984184265 0.5504279136657715 9.342314951632231e-16 0.06819963350374138
1145.2841796875 1.139994740486145 0.6868379712104797 9.345898959790301e-16 0.06829086605498007
1145.29638671875 0.6173850893974304 0.598720371723175 9.349487203113107e-16 0.06837942567430454
1145.30859375 0.8682568073272705 0.6388896107673645 9.353115680500908e-16 0.06846524994183471
1145.3209228515625 1.0145386457443237 0.6640266180038452 9.356821449645145e-16 0.06854909768125882
1145.3331298828125 1.1436158418655396 0.6846094727516174 9.36053145395412e-16 0.06862927402003739
1145.3453369140625 0.4852882921695709 0.5738810896873474 9.364280633536903e-16 0.06870654593626238
1145.357666015625 0.7404717803001404 0.615792453289032 9.368107104876125e-16 0.06878160846365508
1145.369873046875 0.353543221950531 0.548535168170929 9.371936752588898e-16 0.06885291208380259
1145.382080078125 0.8764297962188721 0.6413865089416504 9.375805575575482e-16 0.06892116981828741
1145.394287109375 0.6142351627349854 0.5964949727058411 9.37971463262706e-16 0.06898696967763303
1145.4066162109375 0.6101821660995483 0.5938186049461365 9.383704157808629e-16 0.06904896441216943
1145.4188232421875 0.47807368636131287 0.5706877112388611 9.387692624199012e-16 0.069107760406129
1145.4310302734375 0.7406072616577148 0.6178410649299622 9.39172132465439e-16 0.06916333980793515
1145.443359375 0.6094688177108765 0.59365314245224 9.395830493239758e-16 0.06921613911187513
1145.45556640625 1.5284721851348877 0.7358471155166626 9.399938603033941e-16 0.06926507924422061
1145.4677734375 0.48162516951560974 0.569968044757843 9.40408694689312e-16 0.06931066237368944
1145.47998046875 0.7367740273475647 0.6157727241516113 9.408274466026108e-16 0.06935324393161889
1145.4923095703125 0.4781327545642853 0.568286120891571 9.41254351208027e-16 0.06939193862086049
1145.5045166015625 0.8700377941131592 0.6389099955558777 9.416810440552063e-16 0.06942715892146488
1145.5167236328125 0.47924521565437317 0.5684088468551636 9.421116544297667e-16 0.06945885694978228
1145.529052734375 1.0047069787979126 0.6583653688430786 9.425506292546812e-16 0.06948726082225397
1145.541259765625 1.6494886875152588 0.7473759651184082 9.429891805631222e-16 0.06951176518691968
1145.553466796875 0.6085273027420044 0.592949390411377 9.434316493989441e-16 0.06953264545415552
1145.565673828125 0.7410840392112732 0.6154366135597229 9.438781416412655e-16 0.06955002582084933
1145.5780029296875 0.22355413436889648 0.5167229771614075 9.443329983339411e-16 0.06956350344855533
1145.5902099609375 0.9967759847640991 0.6528452038764954 9.447873256310246e-16 0.06957325614004106
1145.6024169921875 1.7739070653915405 0.7660233378410339 9.452455704554892e-16 0.06957924504067793
1145.61474609375 0.21726210415363312 0.5150864124298096 9.457123914885447e-16 0.06958144912563975
1145.626953125 1.252887487411499 0.693021297454834 9.461784713677714e-16 0.06957978744675654
1145.63916015625 0.9992074370384216 0.6564329266548157 9.466484687743791e-16 0.06957428075196602
1145.6514892578125 0.8651002645492554 0.6330703496932983 9.471271482686962e-16 0.06956477525153687
1145.6636962890625 1.127615213394165 0.6678488850593567 9.476050866091845e-16 0.06955144150723262
1145.6759033203125 0.8639577031135559 0.6320950984954834 9.480868365979354e-16 0.06953417717902995
1145.6881103515625 1.118019461631775 0.6712344288825989 9.485725041140673e-16 0.06951271665882637
1145.700439453125 1.245178461074829 0.6893055438995361 9.49066959597027e-16 0.06948746665724966
1145.712646484375 1.6342833042144775 0.7437191605567932 9.49560462167921e-16 0.06945820936533044
1145.724853515625 0.7347177863121033 0.6095165014266968 9.500578822661961e-16 0.06942492171056418
1145.7371826171875 0.8572841882705688 0.6304494142532349 9.50564090331299e-16 0.06938719006579618
1145.7493896484375 0.9883524775505066 0.6471378803253174 9.510693454843362e-16 0.06934574155845594
1145.7615966796875 0.8579437732696533 0.6275122761726379 9.515783064065176e-16 0.06930018579840648
1145.7738037109375 1.368772029876709 0.7051780819892883 9.520912907351985e-16 0.06925000420464549
1145.7861328125 1.1090997457504272 0.6690394878387451 9.52613274788944e-16 0.06919616762774183
1145.79833984375 1.3624305725097656 0.7043643593788147 9.531339882932685e-16 0.06913816667092054
1145.810546875 0.8570601940155029 0.6272075772285461 9.536585134458557e-16 0.0690760049540889
1145.8228759765625 1.2438831329345703 0.6865738034248352 9.541922500817443e-16 0.06900896147529927
1145.8350830078125 1.1138677597045898 0.666865885257721 9.547245044099753e-16 0.06893836005673344
1145.8472900390625 0.9809389710426331 0.6467376351356506 9.552606762655872e-16 0.0688635466898728
1145.8594970703125 0.5922563672065735 0.578133761882782 9.558007656485803e-16 0.06878368829997625
1145.871826171875 1.3628170490264893 0.7007354497909546 9.563499606357563e-16 0.068700339376816
1145.884033203125 1.235155701637268 0.6844010949134827 9.56897779194393e-16 0.06861273339850359
1145.896240234375 0.7213293313980103 0.5999975800514221 9.57449303522174e-16 0.06852086352086026
1145.9085693359375 0.9818737506866455 0.643281877040863 9.580102510914931e-16 0.06842372118257162
1145.9207763671875 0.34068140387535095 0.5332668423652649 9.585695045949178e-16 0.06832321864377938
1145.9329833984375 1.474331259727478 0.7121198177337646 9.591326756257235e-16 0.06821842219639866
1145.9453125 0.5904651284217834 0.5773331522941589 9.597052698980674e-16 0.06810817996568853
1145.95751953125 0.9816420078277588 0.6421936750411987 9.602760642253984e-16 0.06799469698781505
1145.9697265625 0.9710416793823242 0.6401895880699158 9.608505643218736e-16 0.0678768809791413
1145.98193359375 0.7196965217590332 0.598562479019165 9.614289819457299e-16 0.06775348293756668
1145.9942626953125 1.599500298500061 0.727558970451355 9.620170345693612e-16 0.06762694185691495
1146.0064697265625 0.5958653092384338 0.5780240297317505 9.626030754897427e-16 0.06749605719009005
1146.0186767578125 0.3368595838546753 0.5298898220062256 9.63192928058387e-16 0.06736081545306288
1146.031005859375 0.8423798680305481 0.6179426312446594 9.637925215059246e-16 0.06721979629782154
1146.043212890625 0.7136446833610535 0.5962884426116943 9.643901032502125e-16 0.06707579732663635
1146.055419921875 1.091737151145935 0.6570343375205994 9.649912848845262e-16 0.06692742696224158
1146.067626953125 0.8459920883178711 0.6167160868644714 9.65596384046221e-16 0.06677315066718643
1146.0799560546875 0.2072603851556778 0.49932584166526794 9.662113299659277e-16 0.06661602075833373
1146.0921630859375 0.3367675542831421 0.526829719543457 9.668239465450293e-16 0.06645452175302524
1146.1043701171875 0.8380031585693359 0.6144688129425049 9.674403747723936e-16 0.06628865595654097
1146.11669921875 0.7123293876647949 0.593414843082428 9.680668615160066e-16 0.06611671318344228
1146.12890625 0.8358056545257568 0.6137060523033142 9.686909130398962e-16 0.06594209595219905
1146.14111328125 0.7050815224647522 0.5915501117706299 9.6931867033293e-16 0.06576312315313494
1146.1533203125 0.7049893736839294 0.589640736579895 9.699501333951081e-16 0.0655779623211407
1146.1656494140625 1.4588590860366821 0.7038555145263672 9.705918667317717e-16 0.06539026645254126
1146.1778564453125 0.5769369602203369 0.5677317976951599 9.71230953090475e-16 0.06519823453470848
1146.1900634765625 0.45507800579071045 0.5442075729370117 9.71873851097441e-16 0.06500186995528194
1146.202392578125 0.7040919065475464 0.5897681713104248 9.725269134997741e-16 0.0647991672817888
1146.214599609375 0.8272613883018494 0.6098454594612122 9.73177328924147e-16 0.06459415232854497
1146.226806640625 1.3336690664291382 0.6854583621025085 9.738314501176642e-16 0.0643848312127542
1146.2391357421875 0.8234466314315796 0.6081938743591309 9.744959474647851e-16 0.06416908385108919
1146.2513427734375 0.4481823742389679 0.5422311425209045 9.751575860757092e-16 0.06395118036514637
1146.2635498046875 0.4456522464752197 0.5411306023597717 9.758229304557774e-16 0.06372902263509912
1146.2757568359375 1.2030469179153442 0.6626532673835754 9.7649198060499e-16 0.06350034543812859
1146.2880859375 0.6932187676429749 0.5841691493988037 9.77171618666043e-16 0.06326969422312273
1146.30029296875 1.5698927640914917 0.7162236571311951 9.778481862326624e-16 0.06303484155586617
1146.3125 0.8162848949432373 0.6035262942314148 9.78528459568426e-16 0.0627957995884435
1146.3248291015625 0.8235123753547668 0.6026484370231628 9.792193208160303e-16 0.06255014867393037
1146.3370361328125 1.0626015663146973 0.6437084078788757 9.799070056900824e-16 0.06230278418868185
1146.3492431640625 0.9385497570037842 0.6215550899505615 9.805985022123972e-16 0.062051305933046294
1146.3614501953125 0.6949536800384521 0.5811899304389954 9.812937045038561e-16 0.0617931689535346
1146.373779296875 1.4358659982681274 0.6944789886474609 9.819996005862742e-16 0.061533499289931355
1146.385986328125 1.0602810382843018 0.6396965384483337 9.827022144160216e-16 0.061269804927410625
1146.398193359375 0.6898110508918762 0.5803214907646179 9.834084281357949e-16 0.06100211749737815
1146.4105224609375 1.428531527519226 0.6931970715522766 9.84125547404764e-16 0.060727725180227586
1146.4227294921875 0.6913363933563232 0.5810454487800598 9.848391726628258e-16 0.06045210519998051
1146.4349365234375 1.0980318784713745 0.65031498670578 9.855566095691502e-16 0.06017260542737604
1146.4471435546875 1.095242977142334 0.6485334634780884 9.862776463655004e-16 0.05988638582115224
1146.45947265625 1.1361488103866577 0.6605140566825867 9.87009694590165e-16 0.059599171751544715
1146.4716796875 1.0866767168045044 0.6442455649375916 9.877381429248037e-16 0.05930817782585093
1146.48388671875 0.7587758302688599 0.60074383020401 9.884701911494682e-16 0.05901347406096913
1146.4962158203125 1.1652095317840576 0.669485867023468 9.892133566815654e-16 0.05871208414553546
1146.5084228515625 0.8660547137260437 0.6157354116439819 9.899528164445184e-16 0.05841003101575516
1146.5206298828125 0.46984240412712097 0.5444718599319458 9.906959819766157e-16 0.05810442108157975
1146.532958984375 1.202979326248169 0.6768661141395569 9.914501589370272e-16 0.057792176361763634
1146.545166015625 0.5675135254859924 0.5579561591148376 9.922006301282945e-16 0.057479535543582344
1146.557373046875 1.5211409330368042 0.7243263125419617 9.92954807088706e-16 0.05716351047188487
1146.569580078125 0.6518263220787048 0.5854068994522095 9.937125839391435e-16 0.05684094407744772
1146.5819091796875 1.142796277999878 0.6610782742500305 9.94481583976132e-16 0.05651827744281878
1146.5941162109375 0.749362587928772 0.5970832109451294 9.952466664857394e-16 0.056192419734172105
1146.6063232421875 1.2411504983901978 0.6691927909851074 9.960153488853727e-16 0.05586346169598554
1146.61865234375 0.8995338678359985 0.6256707310676575 9.967953603506755e-16 0.055528114454825625
1146.630859375 1.7421735525131226 0.755035936832428 9.975714542885972e-16 0.055193091993386074
1146.64306640625 0.7777145504951477 0.6049562692642212 9.983510422374264e-16 0.05485522482355618
1146.6552734375 1.150278091430664 0.6629502773284912 9.991342300762814e-16 0.0545111389723782
1146.6676025390625 1.60793137550354 0.7354955673217773 9.999290646181612e-16 0.05416775802944536
1146.6798095703125 1.6482614278793335 0.7461158633232117 1.0007194522370678e-15 0.05382179252166717
1146.6920166015625 0.9950166344642639 0.6323175430297852 1.0015135456251188e-15 0.05347333679160467
1146.704345703125 1.1768975257873535 0.6665990352630615 1.0023192857161944e-15 0.0531190231042448
1146.716552734375 1.8181155920028687 0.7562850117683411 1.003120578884297e-15 0.052765910288038155
1146.728759765625 0.467469185590744 0.5368795990943909 1.0039255778215438e-15 0.05241065393211801
1146.740966796875 0.8603966236114502 0.6063041687011719 1.004734070769698e-15 0.05204981976801443
1146.7532958984375 1.3752671480178833 0.6864243745803833 1.0055543162999954e-15 0.05169064573927997
1146.7655029296875 1.2204211950302124 0.6604248285293579 1.0063701149073197e-15 0.05132975459647164
1146.7777099609375 1.2165025472640991 0.6589934229850769 1.0071894075255514e-15 0.05096724084076202
1146.7900390625 1.3962854146957397 0.6921578049659729 1.0080205586050447e-15 0.05059964225686118
1146.80224609375 0.8770423531532288 0.6133382320404053 1.008847051003328e-15 0.05023441249385812
1146.814453125 0.8785035610198975 0.6104798913002014 1.0096772491707557e-15 0.04986803896200743
1146.8267822265625 1.8603920936584473 0.7620626091957092 1.0105191999203265e-15 0.04949706390740492
1146.8389892578125 0.7275248169898987 0.5813233852386475 1.0113564919886874e-15 0.049128975237754474
1146.8511962890625 1.756862759590149 0.7492409348487854 1.0121972780679557e-15 0.048760334209057545
1146.8634033203125 0.719173014163971 0.577562153339386 1.0130416640372498e-15 0.04838762618138416
1146.875732421875 0.7449777126312256 0.5865702033042908 1.0138980143469239e-15 0.04801845051901746
1146.887939453125 1.135676622390747 0.6478024125099182 1.0147496000962697e-15 0.04764936340105313
1146.900146484375 0.46822625398635864 0.530869722366333 1.0156046798565229e-15 0.04728053984442578
1146.9124755859375 0.9677135348320007 0.6186974048614502 1.0164719357153929e-15 0.046908592518474186
1146.9246826171875 1.1999348402023315 0.6512738466262817 1.0173341093765794e-15 0.046541133513740084
1146.9368896484375 2.6493237018585205 0.8156587481498718 1.0181998829277917e-15 0.04617470351863845
1146.9490966796875 0.5457132458686829 0.5379956960678101 1.019069044610793e-15 0.04580597685112562
1146.96142578125 1.251001000404358 0.6466391682624817 1.0199505941506479e-15 0.04544253149059487
1146.9736328125 0.8938416838645935 0.5936518311500549 1.0208270614928193e-15 0.045081030309187545
1146.98583984375 0.8929900527000427 0.5932701826095581 1.0217069169667797e-15 0.044721747563455816
1146.9981689453125 0.8890822529792786 0.5909979343414307 1.0225991602975937e-15 0.044361485269386686
1147.0103759765625 0.773787796497345 0.572799801826477 1.0234861096724873e-15 0.044007727925539454
1147.0225830078125 0.6567951440811157 0.5542780160903931 1.0243765530582884e-15 0.04365724313854002
1147.0347900390625 1.3569399118423462 0.6535246968269348 1.025270490454997e-15 0.04330694709539283
1147.047119140625 0.7733026146888733 0.5724042654037476 1.0261769215876774e-15 0.04296419901258161
1147.059326171875 1.126403570175171 0.6264485120773315 1.0270779528853192e-15 0.04262587368350977
1147.071533203125 1.121915340423584 0.625991940498352 1.0279824781938684e-15 0.042292459133426816
1147.0838623046875 1.005312442779541 0.6069768667221069 1.028899603117508e-15 0.04196106078372283
1147.0960693359375 0.41483360528945923 0.509148120880127 1.029811116447872e-15 0.04163872014029578
1147.1082763671875 0.8797740340232849 0.5852599740028381 1.0307261237891435e-15 0.04132263574610555
1147.12060546875 1.3453798294067383 0.6494833827018738 1.0316539425037421e-15 0.041010204728723416
1147.1328125 0.532953679561615 0.5291950106620789 1.0325759378668285e-15 0.040708134705523806
1147.14501953125 1.1143475770950317 0.617647111415863 1.0335013213617038e-15 0.040413790161525166
1147.1572265625 0.8777721524238586 0.5841395258903503 1.034430304746605e-15 0.040124925627723074
1147.1695556640625 0.7572140097618103 0.5622561573982239 1.0353720995048333e-15 0.039847808557149006
1147.1817626953125 0.9950045347213745 0.6012502908706665 1.0363080709115493e-15 0.039580071775424025
1147.1939697265625 1.109227180480957 0.619111180305481 1.0372475363291727e-15 0.0393223367859045
1147.206298828125 0.41045963764190674 0.5019453167915344 1.0381998131201234e-15 0.039072755278279706
1147.218505859375 1.4533519744873047 0.6606142520904541 1.0391461606804432e-15 0.038836889377443555
1147.230712890625 0.4100680649280548 0.5027853846549988 1.0400960022516705e-15 0.03861283851448287
1147.242919921875 0.8741725087165833 0.581989049911499 1.0410492319546868e-15 0.03839916262534775
1147.2552490234375 0.9873073101043701 0.5964577198028564 1.0420155906683856e-15 0.03820075295703535
1147.2674560546875 0.7575543522834778 0.5585147142410278 1.0429757025140983e-15 0.038016051133344886
1147.2796630859375 1.3369814157485962 0.6458492279052734 1.043939414249837e-15 0.037845712032244516
1147.2919921875 0.8718569278717041 0.5784167051315308 1.0449160432380211e-15 0.03768890674160212
1147.30419921875 0.9853516817092896 0.5965996980667114 1.0458866371164562e-15 0.03754938413136011
1147.31640625 1.1017011404037476 0.6118969321250916 1.0468605132475618e-15 0.03742617035254353
1147.32861328125 0.9773667454719543 0.5858191251754761 1.0478379892686933e-15 0.037318929999233606
1147.3409423828125 0.7479466199874878 0.5573365688323975 1.0488285943005072e-15 0.037230405895454545
1147.3531494140625 1.0934500694274902 0.6090798377990723 1.0498128465852167e-15 0.0371600786831643
1147.3653564453125 0.5177562832832336 0.5163815021514893 1.0508004870017152e-15 0.037108547732308886
1147.377685546875 1.0911755561828613 0.6041935682296753 1.051801468187133e-15 0.03707617966079079
1147.389892578125 1.5438079833984375 0.6685143113136292 1.0527959907463279e-15 0.037064170577558925
1147.402099609375 0.7416200041770935 0.5537453293800354 1.0537939014373119e-15 0.037072655241974846
1147.4144287109375 1.3163725137710571 0.6376117467880249 1.0548052587763335e-15 0.037102544942842736
1147.4266357421875 0.7410876154899597 0.5502744913101196 1.055810051610014e-15 0.03715373159652807
1147.4388427734375 0.8581593632698059 0.5702073574066162 1.056818126696365e-15 0.03722685190282137
1147.4510498046875 1.6533178091049194 0.6808066368103027 1.0578296957936234e-15 0.037323397842894505
1147.46337890625 1.309202790260315 0.6357621550559998 1.0588547115389195e-15 0.037441850608905924
1147.4755859375 0.9669487476348877 0.5831539034843445 1.059873056899756e-15 0.03758337370959763
1147.48779296875 1.760498285293579 0.6922512650489807 1.0608947903923815e-15 0.03774829146374857
1147.5001220703125 0.739313542842865 0.5474852323532104 1.0619301822912815e-15 0.037938848930070435
1147.5123291015625 1.0794262886047363 0.600089967250824 1.0629585861683666e-15 0.03815151914722339
1147.5245361328125 0.5066081285476685 0.5064048767089844 1.0639904840563591e-15 0.03838820168424519
1147.5367431640625 0.8471171259880066 0.5642135143280029 1.0650257700761407e-15 0.038651833379200994
1147.549072265625 1.1848270893096924 0.6120501160621643 1.0660747145021967e-15 0.038937253808948316
1147.561279296875 0.9571906924247742 0.5801042914390564 1.067116670906438e-15 0.039247016621391885
1147.573486328125 1.183905005455017 0.6144267916679382 1.0681620154424682e-15 0.03958113368122172
1147.5858154296875 1.408625602722168 0.6438859105110168 1.0692212301430097e-15 0.03994330084948476
1147.5980224609375 1.292272925376892 0.6278586387634277 1.0702732450634995e-15 0.040326271864380654
1147.6102294921875 0.7321887612342834 0.5421703457832336 1.0713286481157784e-15 0.04073344402478132
1147.6224365234375 0.8461648225784302 0.5591932535171509 1.0723874392998462e-15 0.041169136345025115
1147.634765625 0.8430719375610352 0.5601273775100708 1.0734601006484254e-15 0.041624550303885836
1147.64697265625 0.6194049715995789 0.5203208327293396 1.0745256680960713e-15 0.042103715738919356
1147.6591796875 0.8402419686317444 0.5586509704589844 1.0755944119172694e-15 0.04260646291627302
1147.6715087890625 1.1718124151229858 0.6053470969200134 1.0766771317820972e-15 0.04313789901934155
1147.6837158203125 0.5033058524131775 0.5002901554107666 1.0777526518668734e-15 0.04368728263829123
1147.6959228515625 0.9511287808418274 0.5744574069976807 1.0788314542043201e-15 0.044259503764789605
1147.708251953125 1.0592299699783325 0.5869452953338623 1.079924338464515e-15 0.044860382390974465
1147.720458984375 1.1666167974472046 0.6009595394134521 1.0810098111864214e-15 0.045477691313566604
1147.732666015625 1.6123439073562622 0.6641466021537781 1.0820985661609984e-15 0.04611703247443377
1147.744873046875 1.2767853736877441 0.6179123520851135 1.083190603388246e-15 0.04677804042243923
1147.7572021484375 0.7227258682250977 0.5349203944206238 1.0842969342964785e-15 0.047467382761615225
1147.7694091796875 1.0540201663970947 0.5858944654464722 1.0853956419081857e-15 0.04817114050475212
1147.7816162109375 0.7216230630874634 0.5317103862762451 1.0864976317725636e-15 0.048895647082713475
1147.7939453125 0.8304940462112427 0.5490708947181702 1.0876139153179263e-15 0.04964816634109041
1147.80615234375 0.38895419239997864 0.47540512681007385 1.0887225755667638e-15 0.05041354926717941
1147.818359375 0.9398238062858582 0.5675650835037231 1.0898344121891535e-15 0.05119879672850206
1147.83056640625 1.1604841947555542 0.5990504622459412 1.0909496369433322e-15 0.05201177426585991
1147.8428955078125 0.6079901456832886 0.5128642320632935 1.0920791553784958e-15 0.052836033002785505
1147.8551025390625 1.0454579591751099 0.581894040107727 1.0932009446380157e-15 0.05367930715427798
1147.8673095703125 0.7186466455459595 0.5307165384292603 1.0943259102710878e-15 0.054541276195520655
1147.879638671875 1.1546536684036255 0.5974180102348328 1.0954654872225e-15 0.05543056447216005
1147.891845703125 0.7161970138549805 0.5302527546882629 1.0965971232400318e-15 0.05632926477807248
1147.904052734375 1.3722236156463623 0.6242583394050598 1.0977318297519974e-15 0.05724587619826547
1147.916259765625 0.823127806186676 0.5460924506187439 1.0988700302748703e-15 0.05818959298610995
1147.9285888671875 0.6050573587417603 0.5093221664428711 1.100022736236965e-15 0.059141402063045474
1147.9407958984375 0.8222352266311646 0.539056122303009 1.1011673953860608e-15 0.060110435786839105
1147.9530029296875 1.362410545349121 0.6202178597450256 1.1023152309087088e-15 0.06109633912897948
1147.96533203125 1.0351800918579102 0.5755389332771301 1.1034777836288153e-15 0.06210908871006148
1147.9775390625 0.5984530448913574 0.5042808651924133 1.1046321836568045e-15 0.06312840156253618
1147.98974609375 1.0320250988006592 0.5727181434631348 1.1057898659374643e-15 0.06416399625484315
1148.0020751953125 0.3820614814758301 0.4668225646018982 1.1069622654155827e-15 0.06522631549315372
1148.0142822265625 1.5717227458953857 0.6409363150596619 1.1081264063224653e-15 0.06629417920808424
1148.0264892578125 0.8125765919685364 0.5375479459762573 1.1092937236029002e-15 0.0673777255392409
1148.0386962890625 1.4578055143356323 0.6278874278068542 1.1104642172568872e-15 0.06847693130897577
1148.051025390625 0.9187635779380798 0.5549622178077698 1.111649745745688e-15 0.0696027057499171
1148.063232421875 0.3805031478404999 0.46412327885627747 1.1128268039050163e-15 0.0707327096232391
