wave flux_norm flux_err cont_fit cont_err
1248.0867919921875 0.9462947845458984 0.1631382554769516 2.598179545045421e-15 0.06639131968361384
1248.0968017578125 1.0156018733978271 0.1679278016090393 2.5972353150674693e-15 0.06558757315033538
1248.1068115234375 1.2008150815963745 0.17760522663593292 2.5963046376166737e-15 0.06480193763448067
1248.11669921875 1.0443201065063477 0.1696397066116333 2.5953981006048748e-15 0.06401500531353806
1248.126708984375 1.0032429695129395 0.16700591146945953 2.5944938929336808e-15 0.06323658396808832
1248.13671875 0.8907808661460876 0.1608046293258667 2.5936028142731693e-15 0.062476026959586206
1248.1466064453125 0.9615998864173889 0.1649659126996994 2.592735452535181e-15 0.06171453629555068
1248.1566162109375 1.0189547538757324 0.1679542362689972 2.5918706318960342e-15 0.06096159577810274
1248.1666259765625 0.9906103610992432 0.167066290974617 2.5910187285093332e-15 0.06022624073064703
1248.176513671875 1.0047622919082642 0.1674347221851349 2.5901901185286817e-15 0.059490336461543544
1248.1865234375 1.3453752994537354 0.18544909358024597 2.589364049646872e-15 0.05876303511133831
1248.196533203125 1.0496259927749634 0.1696639358997345 2.588550898017508e-15 0.0580530252673912
1248.2064208984375 1.0913583040237427 0.17230774462223053 2.5877604045194827e-15 0.057342845965465426
1248.2164306640625 0.9664906859397888 0.16515466570854187 2.586972875636773e-15 0.056641280742179695
1248.2264404296875 1.077978491783142 0.17180661857128143 2.586198052248272e-15 0.055948346147149955
1248.2364501953125 1.0768836736679077 0.17140084505081177 2.58543593435398e-15 0.05527236282140004
1248.246337890625 1.0783624649047852 0.1718677580356598 2.584695415799843e-15 0.05459663275479789
1248.25634765625 0.7229469418525696 0.15062139928340912 2.5839584971357318e-15 0.05392954704915456
1248.266357421875 0.8959121108055115 0.1612398773431778 2.5832338604493557e-15 0.05327911969970478
1248.2762451171875 1.0796023607254028 0.17210952937602997 2.582530399586661e-15 0.05262926586437737
1248.2862548828125 0.8383673429489136 0.15747210383415222 2.581830750372229e-15 0.051988112676940354
1248.2962646484375 0.9511858224868774 0.16470128297805786 2.581143383135532e-15 0.0513632557521663
1248.30615234375 1.036971092224121 0.16947396099567413 2.5804763446895694e-15 0.050739322533325124
1248.316162109375 1.1771060228347778 0.17732307314872742 2.579813329650106e-15 0.05012405293723993
1248.326171875 0.7546665072441101 0.15212079882621765 2.579162596588378e-15 0.04952478716517875
1248.3360595703125 0.9108362197875977 0.16216851770877838 2.5785315570426735e-15 0.04892673602772431
1248.3460693359375 0.9382484555244446 0.1641298085451126 2.577904964419942e-15 0.04833733160529682
1248.3560791015625 0.9792580008506775 0.16646696627140045 2.5772902302584723e-15 0.047763619698290835
1248.365966796875 0.8678326606750488 0.16000370681285858 2.5766949778547894e-15 0.04719140714714498
1248.3759765625 1.0229012966156006 0.16905824840068817 2.5761039606158427e-15 0.04662781001701263
1248.385986328125 0.8686908483505249 0.16019178926944733 2.5755250135963944e-15 0.04607955008534317
1248.3958740234375 0.9809442162513733 0.16696690022945404 2.5749647013017856e-15 0.04553305207444901
1248.4058837890625 0.8971688151359558 0.16163577139377594 2.574409047688387e-15 0.0449951438387578
1248.4158935546875 0.840133786201477 0.1581534445285797 2.5738650407780127e-15 0.044472196018090396
1248.42578125 0.8115191459655762 0.15640860795974731 2.5733392450760046e-15 0.0439512907524761
1248.435791015625 1.1097548007965088 0.1741684079170227 2.57281853157168e-15 0.043438904270470396
1248.44580078125 0.9254130721092224 0.1631210893392563 2.5723092530121434e-15 0.04294111157698334
1248.4556884765625 0.7817854285240173 0.15465597808361053 2.5718175503862623e-15 0.04244558579394842
1248.4656982421875 0.8400976061820984 0.1580502837896347 2.5713311417163015e-15 0.041958506782538096
1248.4757080078125 1.0537388324737549 0.17117905616760254 2.570855956232892e-15 0.04148562834575947
1248.485595703125 0.7969988584518433 0.15552015602588654 2.570397923166664e-15 0.04101522924461259
1248.49560546875 0.9138867259025574 0.16272912919521332 2.5699451840563567e-15 0.04055318439243341
1248.505615234375 0.7427293062210083 0.1518590897321701 2.569503879890837e-15 0.04010492540603229
1248.5155029296875 0.8978214859962463 0.1622850000858307 2.569079092867789e-15 0.03965935868105108
1248.5255126953125 0.7556861042976379 0.15341560542583466 2.5686598115588983e-15 0.03922202635787367
1248.5355224609375 0.797727644443512 0.15559586882591248 2.5682515416783217e-15 0.03879805396454797
1248.5455322265625 0.9008254408836365 0.16177135705947876 2.5678542832260594e-15 0.038376945895128696
1248.555419921875 0.8860939741134644 0.16041967272758484 2.5674724831250845e-15 0.037963910348925836
1248.5654296875 0.9852590560913086 0.1670968383550644 2.567097035771214e-15 0.03755892601053116
1248.575439453125 0.9432684183120728 0.16395139694213867 2.5667321763291843e-15 0.03716671810708006
1248.5853271484375 0.8437702059745789 0.15901494026184082 2.566382563480205e-15 0.03677755469851226
1248.5953369140625 0.7010486125946045 0.14923061430454254 2.5660390916200934e-15 0.036396263445299594
1248.6053466796875 0.8144906163215637 0.157361701130867 2.5657064194300593e-15 0.036027293647332516
1248.615234375 0.8282246589660645 0.15772220492362976 2.5653881468001285e-15 0.03566147329015191
1248.625244140625 0.5156433582305908 0.1353360116481781 2.565076438675539e-15 0.0353033231614429
1248.63525390625 0.7581241726875305 0.15310068428516388 2.56477531846279e-15 0.034957023849734266
1248.6451416015625 0.6319943070411682 0.14437851309776306 2.564488174293671e-15 0.03461394328143501
1248.6551513671875 0.7592900395393372 0.15298864245414734 2.564207594629893e-15 0.03427833389109496
1248.6651611328125 0.9007640480995178 0.16248604655265808 2.5639373911197187e-15 0.03395407993659861
1248.675048828125 0.6868540048599243 0.1485222727060318 2.5636807401367007e-15 0.03363309037283573
1248.68505859375 0.6312285661697388 0.14396633207798004 2.5634308654172606e-15 0.0333193427944607
1248.695068359375 0.6307435035705566 0.14478328824043274 2.5631913668514245e-15 0.03301643844210437
1248.7049560546875 0.7743180394172668 0.15445102751255035 2.562964573779797e-15 0.03271681877700478
1248.7149658203125 0.5867091417312622 0.14145326614379883 2.5627449804882215e-15 0.03242418041549477
1248.7249755859375 0.7728932499885559 0.15372183918952942 2.562535339833776e-15 0.03214187574355858
1248.73486328125 0.7878245115280151 0.15523746609687805 2.5623381929153026e-15 0.031862835123868276
1248.744873046875 0.7470130920410156 0.151869997382164 2.5621484575351176e-15 0.0315905010546
1248.7548828125 0.6044459342956543 0.14249713718891144 2.561968463033826e-15 0.031327973144177776
1248.7647705078125 0.8017832636833191 0.15598498284816742 2.5618001152355593e-15 0.031068667443124434
1248.7747802734375 0.847538411617279 0.15848024189472198 2.5616396024920546e-15 0.0308157771234209
1248.7847900390625 0.7460649013519287 0.1530379056930542 2.5614886188692065e-15 0.030572154665791156
1248.794677734375 0.8179324865341187 0.15744464099407196 2.5613488584329096e-15 0.03033169114087907
1248.8046875 0.8022000193595886 0.1565801501274109 2.5612171448096115e-15 0.030097315529194157
1248.814697265625 0.7168793678283691 0.15095335245132446 2.5610947485487333e-15 0.029871679564104477
1248.8245849609375 0.647365391254425 0.14537493884563446 2.5609831519579325e-15 0.02964910180037075
1248.8345947265625 0.9014511108398438 0.16288594901561737 2.560879390421894e-15 0.029432287784050673
1248.8446044921875 0.7606494426727295 0.1537761241197586 2.560785158006512e-15 0.02922367686340105
1248.8544921875 0.6890519261360168 0.14921234548091888 2.560701089986497e-15 0.029017997379808664
1248.864501953125 0.959210991859436 0.16610366106033325 2.5606252805377176e-15 0.02881775149239739
1248.87451171875 0.8159705400466919 0.1567070484161377 2.5605585766931213e-15 0.02862516665081839
1248.884521484375 0.8592815399169922 0.1600325107574463 2.560500978452708e-15 0.02843537879004564
1248.8944091796875 0.7027313709259033 0.15010227262973785 2.560453121091188e-15 0.02825067271805351
1248.9044189453125 0.6460040807723999 0.146084725856781 2.560413522300904e-15 0.028070932523831985
1248.9144287109375 0.5333831310272217 0.13717323541641235 2.560382817356566e-15 0.02789815635675531
1248.92431640625 1.031912088394165 0.17011286318302155 2.560361218016411e-15 0.02772794917045234
1248.934326171875 0.8019021153450012 0.15672411024570465 2.5603483007639654e-15 0.02756236598806789
1248.9443359375 0.9862686395645142 0.16772393882274628 2.560344065599229e-15 0.02740322114632973
1248.9542236328125 0.8330280184745789 0.15797549486160278 2.5603485125222022e-15 0.02724647249647601
1248.9642333984375 1.1298421621322632 0.17527851462364197 2.5603616415328847e-15 0.02709399507023165
1248.9742431640625 0.772705078125 0.15485534071922302 2.5603832408730397e-15 0.02694745587463121
1248.984130859375 0.816797137260437 0.15697821974754333 2.5604130987844304e-15 0.0268031205738994
1248.994140625 0.886551022529602 0.1611524522304535 2.5604518505417673e-15 0.02666270757813694
1249.004150390625 0.9015381932258606 0.16212481260299683 2.5604990726285767e-15 0.026527753130555054
1249.0140380859375 0.7156795263290405 0.15072815120220184 2.5605539180119114e-15 0.026394805525353598
1249.0240478515625 1.1281238794326782 0.17555572092533112 2.560617868999429e-15 0.026265444413172807
1249.0340576171875 1.001362919807434 0.1682356297969818 2.5606898667999457e-15 0.026141073946582563
1249.0439453125 0.9885373711585999 0.1665959656238556 2.560769276138751e-15 0.02601851069717589
1249.053955078125 1.001268744468689 0.16829369962215424 2.560857791081739e-15 0.025899206865975074
1249.06396484375 0.9010295271873474 0.16223430633544922 2.560954352837726e-15 0.02578445027945859
1249.0738525390625 0.9296497106552124 0.16422073543071747 2.561057690857291e-15 0.025671302797703698
1249.0838623046875 1.0143287181854248 0.16899830102920532 2.5611703462392757e-15 0.0255610967718679
1249.0938720703125 0.9289348721504211 0.1640094369649887 2.5612908366760227e-15 0.02545502181762007
1249.103759765625 1.0278186798095703 0.17001943290233612 2.561417679859874e-15 0.02535035960717162
1249.11376953125 1.1568117141723633 0.1770065724849701 2.561554052164382e-15 0.02524833881274191
1249.123779296875 0.7728275656700134 0.15419410169124603 2.561698047765415e-15 0.025150056928986513
1249.1336669921875 1.0424715280532837 0.17066295444965363 2.561847972597079e-15 0.02505299754880735
1249.1436767578125 0.7862321734428406 0.15509000420570374 2.5620074265493998e-15 0.02495829398426829
1249.1536865234375 0.9865508079528809 0.16723518073558807 2.5621745037982457e-15 0.02486696747393976
1249.16357421875 0.7434505224227905 0.15200859308242798 2.562346875003012e-15 0.024776678038929648
1249.173583984375 0.9271153211593628 0.164125457406044 2.5625289870866716e-15 0.024688479517745086
1249.18359375 1.0274568796157837 0.16967573761940002 2.5627185107086198e-15 0.02460332447222806
1249.1934814453125 0.9583002328872681 0.16489194333553314 2.5629129047700146e-15 0.02451903031472383
1249.2034912109375 0.9735512733459473 0.16556309163570404 2.5631172514685397e-15 0.024436578328192494
1249.2135009765625 1.0549553632736206 0.17114003002643585 2.5633287979471165e-15 0.024356867201300227
1249.2235107421875 1.043413519859314 0.17012442648410797 2.563547544205745e-15 0.024277852466234373
1249.2333984375 1.000710129737854 0.16805997490882874 2.5637707373873464e-15 0.024200453147456728
1249.243408203125 0.8570045828819275 0.15953205525875092 2.5640036714478414e-15 0.02412459982675487
1249.25341796875 0.6716514825820923 0.1473863273859024 2.564243805288388e-15 0.0240511205078531
1249.2633056640625 0.9999974370002747 0.1679578721523285 2.564487962535434e-15 0.023978141171422527
1249.2733154296875 0.8438836336135864 0.15883654356002808 2.5647420724196103e-15 0.023906504567867044
1249.2833251953125 0.9130295515060425 0.16321606934070587 2.5650029585673646e-15 0.02383700432230048
1249.293212890625 1.0418758392333984 0.1706152707338333 2.5652676563633816e-15 0.02376786256394554
1249.30322265625 1.1283384561538696 0.17512091994285583 2.565542095038292e-15 0.023699891319519932
1249.313232421875 0.9151626825332642 0.16293272376060486 2.5658235217350172e-15 0.023633841448438962
1249.3231201171875 0.9718689322471619 0.16618157923221588 2.566107913047058e-15 0.02356803175883282
1249.3331298828125 0.9820942878723145 0.16702772676944733 2.5664026805127024e-15 0.02350322982453667
1249.3431396484375 1.0841729640960693 0.17277581989765167 2.5667038007254513e-15 0.023440164736195913
1249.35302734375 0.914945125579834 0.16269509494304657 2.5670076737952787e-15 0.023377230179972227
1249.363037109375 1.1545792818069458 0.17646098136901855 2.56732192301871e-15 0.023315167153914792
1249.373046875 0.7561860680580139 0.153267964720726 2.567642524989246e-15 0.023254676124118728
1249.3829345703125 1.026537299156189 0.16948069632053375 2.5679654563003865e-15 0.023194224908008997
1249.3929443359375 0.7436783313751221 0.152010977268219 2.5682985520068943e-15 0.023134524759676287
1249.4029541015625 1.0399341583251953 0.17011651396751404 2.5686380004605065e-15 0.02307625536399651
1249.412841796875 0.8996098637580872 0.16214078664779663 2.5689795664964868e-15 0.02301794754370074
1249.4228515625 0.8844330906867981 0.16109925508499146 2.569331296927834e-15 0.022960291967994508
1249.432861328125 1.0692963600158691 0.1714104264974594 2.569689168348049e-15 0.022903947488326203
1249.4427490234375 0.9409967064857483 0.16456228494644165 2.5700485220759217e-15 0.02284750066564747
1249.4527587890625 1.1107856035232544 0.17397922277450562 2.570418251957398e-15 0.022791620601823534
1249.4627685546875 0.9530179500579834 0.16512103378772736 2.5707941228277423e-15 0.022736955522789776
1249.47265625 0.9682605266571045 0.16508708894252777 2.5711710524892704e-15 0.022682135543882098
1249.482666015625 0.8408829569816589 0.15821389853954315 2.5715583583044025e-15 0.02262781603958511
1249.49267578125 1.0946696996688843 0.17316852509975433 2.5719513815919285e-15 0.022574631444166736
1249.5025634765625 0.8401021957397461 0.1582530289888382 2.5723454636706385e-15 0.02252125408448438
1249.5125732421875 0.9397484064102173 0.1639973521232605 2.5727499219029525e-15 0.022468325097793927
1249.5225830078125 0.8414825201034546 0.15793250501155853 2.5731598858494235e-15 0.022416470135740888
1249.532470703125 1.0372861623764038 0.17000027000904083 2.573570485070605e-15 0.02236439694827462
1249.54248046875 1.010424256324768 0.16769057512283325 2.5739914604453904e-15 0.022312734223184628
1249.552490234375 0.7966406941413879 0.15566499531269073 2.574417941534333e-15 0.022262099922577345
1249.5625 1.264425277709961 0.181723490357399 2.574849716579196e-15 0.022211230966123714
1249.5723876953125 0.9672208428382874 0.16584204137325287 2.5752814916240587e-15 0.02216075333887501
1249.5823974609375 1.2212194204330444 0.1796160638332367 2.575724066338999e-15 0.022110658859907643
1249.5924072265625 0.9532090425491333 0.16463525593280792 2.5761715114933862e-15 0.02206154882225932
1249.602294921875 0.937715470790863 0.16371627151966095 2.5766187448895365e-15 0.022012207585664693
1249.6123046875 1.1780657768249512 0.17747896909713745 2.5770765661975274e-15 0.021963242281281128
1249.622314453125 0.823772668838501 0.15706469118595123 2.577539469703202e-15 0.021915244815846932
1249.6322021484375 1.0518349409103394 0.1701437085866928 2.578001526175929e-15 0.021867029319045835
1249.6422119140625 1.0919749736785889 0.17260397970676422 2.578474382318734e-15 0.021819194312269162
1249.6522216796875 1.021100401878357 0.16843299567699432 2.5789521089009853e-15 0.021772318416679107
1249.662109375 0.8095106482505798 0.15598995983600616 2.5794285649338158e-15 0.021725251672698474
1249.672119140625 1.0927165746688843 0.17266923189163208 2.579915820636724e-15 0.021678575842143506
1249.68212890625 1.1621373891830444 0.1763446033000946 2.5804077350208418e-15 0.021632861321925496
1249.6920166015625 0.9486142992973328 0.16475167870521545 2.580898167097302e-15 0.021586988759937427
1249.7020263671875 1.090593934059143 0.17245185375213623 2.5813993988438397e-15 0.021541529872621083
1249.7120361328125 1.021189570426941 0.16848228871822357 2.5819050775133506e-15 0.021497043067524618
1249.721923828125 1.132713794708252 0.17465755343437195 2.582409062116967e-15 0.021452439296486207
1249.73193359375 1.0621120929718018 0.17064142227172852 2.582923634632424e-15 0.021408279710620693
1249.741943359375 0.8646017909049988 0.15930035710334778 2.583442654070854e-15 0.021365107464983834
1249.7518310546875 1.175102949142456 0.17655308544635773 2.583959555926916e-15 0.021321867304175086
1249.7618408203125 1.0329833030700684 0.16929109394550323 2.5844872574530553e-15 0.02127910894050388
1249.7718505859375 1.3163362741470337 0.18370451033115387 2.585018982385694e-15 0.021237359369688267
1249.78173828125 1.1457412242889404 0.17523182928562164 2.585548377977728e-15 0.021195600582005265
1249.791748046875 1.1030259132385254 0.1728142946958542 2.5860885732398396e-15 0.021154364813221298
1249.8017578125 0.9489210844039917 0.16363848745822906 2.5866325801502136e-15 0.021114162268520434
1249.8116455078125 1.0617871284484863 0.17003463208675385 2.587174045961746e-15 0.02107401487248873
1249.8216552734375 0.9491372108459473 0.16365431249141693 2.587726099685119e-15 0.02103443834631611
1249.8316650390625 0.9070327877998352 0.16145294904708862 2.5882819650567546e-15 0.020995921649129008
1249.841552734375 1.0469343662261963 0.16991084814071655 2.588834865813075e-15 0.020957530868259362
1249.8515625 1.1866785287857056 0.1774124652147293 2.5893985662394725e-15 0.02091976223232999
1249.861572265625 1.2144136428833008 0.1784639060497284 2.5899656547976593e-15 0.020883080382215077
1249.8714599609375 0.8778989315032959 0.15946342051029205 2.5905297787405307e-15 0.020846599465030778
1249.8814697265625 1.1162645816802979 0.1734720766544342 2.591104278837006e-15 0.020810795196321556
1249.8914794921875 1.0721344947814941 0.17116829752922058 2.591682378823507e-15 0.020776107041345193
1249.9014892578125 0.9181084036827087 0.1619376391172409 2.592263866941797e-15 0.020741698469308987
1249.911376953125 0.8625024557113647 0.15824885666370392 2.5928417551700613e-15 0.020708020879425738
1249.92138671875 1.086928129196167 0.17156675457954407 2.5934302313101662e-15 0.02067509365640222
1249.931396484375 1.0312625169754028 0.16783785820007324 2.59402209558206e-15 0.0206433213625428
1249.9412841796875 0.9037045836448669 0.1611763834953308 2.5946099364474546e-15 0.020611938782286385
1249.9512939453125 1.0558983087539673 0.16947653889656067 2.595208153466453e-15 0.020581363282870725
1249.9613037109375 1.1828079223632812 0.17663143575191498 2.5958095468590035e-15 0.020551969964694407
1249.97119140625 0.8177157044410706 0.15597692131996155 2.596406705086818e-15 0.02052305085745079
1249.981201171875 1.030221700668335 0.16766445338726044 2.5970144512264728e-15 0.020494993849662597
1249.9912109375 0.9317755699157715 0.16229765117168427 2.5976249502232063e-15 0.02046814356942802
1250.0010986328125 0.9037197828292847 0.16057442128658295 2.5982312140552036e-15 0.02044185477711588
1250.0111083984375 1.223694086074829 0.178918719291687 2.598847642282568e-15 0.020416481866184288
1250.0211181640625 0.929088294506073 0.16257281601428986 2.5994670351252476e-15 0.02039233689137054
1250.031005859375 1.0565050840377808 0.16978657245635986 2.6000815575284806e-15 0.02036883888783697
1250.041015625 1.12538480758667 0.1733851581811905 2.6007064560853175e-15 0.020346310294325126
1250.051025390625 1.1812201738357544 0.17650660872459412 2.601333895740996e-15 0.020325024831935726
1250.0609130859375 0.8719034790992737 0.15891113877296448 2.601956464957228e-15 0.020304472951170546
1250.0709228515625 1.1247034072875977 0.17336159944534302 2.602589198568827e-15 0.020284940947879124
1250.0809326171875 1.096250295639038 0.1710280179977417 2.6032244732792677e-15 0.02026666075865462
1250.0908203125 0.8430949449539185 0.15703797340393066 2.6038542422755512e-15 0.0202492007094986
1250.100830078125 1.0874630212783813 0.1713286191225052 2.6044943874254387e-15 0.020232805609442208
1250.11083984375 0.9760355949401855 0.1655561923980713 2.605136861915931e-15 0.020217669184287777
1250.1207275390625 0.9481195211410522 0.16353997588157654 2.6057738306922663e-15 0.020203433230216637
1250.1307373046875 0.9856961965560913 0.1650376170873642 2.6064207521057318e-15 0.020190302938567453
1250.1407470703125 1.1636658906936646 0.17610794305801392 2.6070700028598022e-15 0.02017843220613709
1250.150634765625 1.2427492141723633 0.17979243397712708 2.607713324383242e-15 0.020167540613323025
1250.16064453125 1.236323595046997 0.17982345819473267 2.6083668103020485e-15 0.020157792032443708
1250.170654296875 0.979566216468811 0.16572672128677368 2.6090222020449865e-15 0.020149294030162235
1250.1805419921875 0.9852214455604553 0.16576211154460907 2.6096716645572938e-15 0.02014185139134137
1250.1905517578125 0.9193516969680786 0.16298115253448486 2.6103308679484944e-15 0.020135579959676218
1250.2005615234375 0.9216110110282898 0.16175293922424316 2.6109919771638264e-15 0.02013054861216592
1250.21044921875 1.1616673469543457 0.17527556419372559 2.611646945390291e-15 0.020126640247554475
1250.220458984375 0.9502805471420288 0.16382527351379395 2.6123116544956486e-15 0.020123928789694177
1250.23046875 1.0813111066818237 0.1711043417453766 2.612978057666901e-15 0.020122436325437854
1250.240478515625 1.0571942329406738 0.1697411984205246 2.6136461549040478e-15 0.02012212903556723
1250.2503662109375 0.8335063457489014 0.156706303358078 2.6143074758776166e-15 0.020123039328882673
1250.2603759765625 0.9412333369255066 0.16361097991466522 2.6149787494883156e-15 0.02012517214048501
1250.2703857421875 0.9134709239006042 0.16164565086364746 2.6156512936484355e-15 0.0201284807120682
1250.2802734375 1.0104105472564697 0.16737361252307892 2.6163172733032142e-15 0.020133052608064767
1250.290283203125 1.121970534324646 0.1748780459165573 2.6169925703204127e-15 0.020138856792302155
1250.30029296875 1.15089750289917 0.1754332035779953 2.617669349645269e-15 0.020145798578441114
1250.3101806640625 1.4499448537826538 0.1906430870294571 2.6183391409483102e-15 0.02015405065490213
1250.3201904296875 1.083998203277588 0.1710849553346634 2.6190182496137714e-15 0.020163537223077375
1250.3302001953125 0.7901027798652649 0.15355117619037628 2.6196986288286534e-15 0.020174117386178442
1250.340087890625 1.0391616821289062 0.16933047771453857 2.6203718082634837e-15 0.020186050007496247
1250.35009765625 0.9099377393722534 0.1613536924123764 2.621054305060734e-15 0.020199208884454867
1250.360107421875 0.9748541116714478 0.16429243981838226 2.6217376488909313e-15 0.0202134092951974
1250.3699951171875 0.950727641582489 0.1639472246170044 2.622413792941077e-15 0.020228998893529186
1250.3800048828125 0.9228240251541138 0.16253502666950226 2.6230990425954058e-15 0.020245801627690147
1250.3900146484375 0.7947322130203247 0.1539475917816162 2.623784927524445e-15 0.020263585696633633
1250.39990234375 1.0078680515289307 0.16641411185264587 2.6244634009151956e-15 0.02028278406276478
1250.409912109375 0.9261001348495483 0.16131757199764252 2.6251509799101293e-15 0.020303176290199846
1250.419921875 0.8717987537384033 0.15939836204051971 2.6258391941797734e-15 0.02032448457323479
1250.4298095703125 0.7654228210449219 0.1514965295791626 2.6265195733946554e-15 0.020347225505497977
1250.4398193359375 0.8159389495849609 0.15490025281906128 2.6272088464554836e-15 0.0203711323700138
1250.4498291015625 0.7114149928092957 0.1479732245206833 2.6278987547910223e-15 0.0203958844167777
1250.459716796875 0.8324339985847473 0.15619096159934998 2.628580616313562e-15 0.020422079212460312
1250.4697265625 0.7982166409492493 0.15276941657066345 2.629271159923811e-15 0.0204494062362761
1250.479736328125 0.6984971165657043 0.14777188003063202 2.6299621270505337e-15 0.020477501614747515
1250.4896240234375 0.6052101850509644 0.14029866456985474 2.6306450473642575e-15 0.020507040434408225
1250.4996337890625 0.5000771284103394 0.13384276628494263 2.631336438007454e-15 0.020537673846918476
1250.5096435546875 0.35463500022888184 0.12053091078996658 2.632028040408887e-15 0.020568990827288483
1250.51953125 0.5524693727493286 0.1379268914461136 2.6327113842390844e-15 0.02060174968215
1250.529541015625 0.4302392899990082 0.12807722389698029 2.6334031983987543e-15 0.020635552398586863
1250.53955078125 0.3954479992389679 0.12364409118890762 2.6340948008001875e-15 0.020669953165363186
1250.5494384765625 0.5530353784561157 0.1369914412498474 2.634778144630385e-15 0.020705783680349487
1250.5594482421875 0.3795699179172516 0.12295976281166077 2.635469747031818e-15 0.020742606040482305
1250.5694580078125 0.3808591067790985 0.12228059023618698 2.6361611376750143e-15 0.020779935064788386
1250.5794677734375 0.33794736862182617 0.11852547526359558 2.636852316559974e-15 0.020818672973299496
1250.58935546875 0.40669307112693787 0.12427198141813278 2.637534813357224e-15 0.02085834646347769
1250.599365234375 0.28334832191467285 0.1139005571603775 2.63822556872571e-15 0.02089893120691563
1250.609375 0.2984218895435333 0.11560732871294022 2.6389156888194853e-15 0.020939899540235757
1250.6192626953125 0.43529778718948364 0.12688039243221283 2.6395971268255514e-15 0.020982238910153064
1250.6292724609375 0.6533523797988892 0.1431443840265274 2.6402863998863796e-15 0.021025426843114533
1250.6392822265625 0.5277478694915771 0.13390447199344635 2.6409750376724973e-15 0.021068899895830495
1250.649169921875 0.5685904622077942 0.13718093931674957 2.641654781612669e-15 0.021113707830267454
1250.6591796875 0.666054368019104 0.14356450736522675 2.6423421488493658e-15 0.021159297329297885
1250.669189453125 0.6242900490760803 0.14043930172920227 2.6430288808113522e-15 0.021205073107763883
1250.6790771484375 0.40296632051467896 0.12321028113365173 2.6437065071691556e-15 0.021252140708192913
1250.6890869140625 0.6502301692962646 0.14308153092861176 2.6443917568234844e-15 0.021299915520284853
1250.6990966796875 0.6639555096626282 0.14405585825443268 2.645075947686629e-15 0.02134778111905129
1250.708984375 0.7613123059272766 0.14973556995391846 2.645750821187354e-15 0.02139688796541607
1250.718994140625 0.6639415621757507 0.14383459091186523 2.646433317984604e-15 0.02144662748049722
1250.72900390625 0.7044702768325806 0.14634019136428833 2.6471145442324333e-15 0.02149635620081879
1250.7388916015625 0.8414139747619629 0.15509241819381714 2.6477864531178428e-15 0.02154727357049882
1250.7489013671875 0.8688679337501526 0.1565919816493988 2.648465561783304e-15 0.021598744591477946
1250.7589111328125 1.034482479095459 0.16597943007946014 2.649143399899344e-15 0.0216501053002839
1250.768798828125 0.7314311861991882 0.14799760282039642 2.649811708894728e-15 0.02170259600832123
1250.77880859375 0.8150746822357178 0.15247011184692383 2.6504867941536895e-15 0.02175555966924094
1250.788818359375 0.951887309551239 0.16146966814994812 2.651160820621467e-15 0.021808312623833925
1250.7987060546875 0.9364954829216003 0.16049568355083466 2.6518251062103513e-15 0.021862131758630703
1250.8087158203125 0.8133162260055542 0.1529642641544342 2.6524959563045767e-15 0.021916340895028648
1250.8187255859375 1.0190619230270386 0.16527236998081207 2.6531653240911444e-15 0.021970244834243813
1250.82861328125 0.8815913200378418 0.1568961888551712 2.6538251627570555e-15 0.02202514326310826
1250.838623046875 0.6882542371749878 0.14447881281375885 2.654491354170071e-15 0.02208034909710977
1250.8486328125 0.9910102486610413 0.16338911652565002 2.655155851517192e-15 0.022135151526065985
1250.8585205078125 0.8666889667510986 0.15562662482261658 2.6558103962271828e-15 0.022190878388500094
1250.8685302734375 0.9340558648109436 0.16006207466125488 2.656471293684278e-15 0.022246823549014475
1250.8785400390625 1.0308290719985962 0.16569121181964874 2.6571304970754786e-15 0.022302274236895073
1250.888427734375 0.7694117426872253 0.14997746050357819 2.6577795360713122e-15 0.022358572532849223
1250.8984375 1.0304999351501465 0.16501981019973755 2.6584347160560134e-15 0.022415001551946097
1250.908447265625 1.029626727104187 0.16532853245735168 2.6590879902165833e-15 0.02247084693792082
1250.91845703125 0.7828955054283142 0.1508229821920395 2.6597389350365482e-15 0.02252745715670378
1250.9283447265625 1.0699750185012817 0.16780145466327667 2.660379927219383e-15 0.022584114661196773
1250.9383544921875 0.795399010181427 0.15097860991954803 2.6610266368746116e-15 0.022640786958634876
1250.9483642578125 0.9742872714996338 0.1619018316268921 2.6616710171892353e-15 0.02269676063673947
1250.958251953125 1.0838209390640259 0.16823136806488037 2.6623054448667288e-15 0.02275338400862421
1250.96826171875 0.9460040330886841 0.1607205867767334 2.6629451665001426e-15 0.022809939114959002
1250.978271484375 1.0702488422393799 0.1675916314125061 2.6635825587929514e-15 0.022865706325687584
1250.9881591796875 1.1239345073699951 0.170541450381279 2.6642097866903932e-15 0.022922038068786597
1250.9981689453125 0.7968146204948425 0.15050868690013885 2.6648423085437554e-15 0.02297821434286756
1251.0081787109375 0.9443376064300537 0.16032180190086365 2.665472077540039e-15 0.023033526357588097
1251.01806640625 0.9603105187416077 0.1613159477710724 2.6660916821409555e-15 0.02308930730433486
1251.028076171875 0.8368444442749023 0.15349140763282776 2.6667161571813187e-15 0.023144847892018938
1251.0380859375 1.042008638381958 0.16524167358875275 2.6673378793646034e-15 0.02319944710640263
1251.0479736328125 0.9319352507591248 0.15977874398231506 2.667949225394284e-15 0.02325442133324803
1251.0579833984375 1.0417101383209229 0.16562305390834808 2.6685654418634117e-15 0.023309070832406267
1251.0679931640625 0.9731817841529846 0.16075479984283447 2.6691786937172238e-15 0.02336270450859234
1251.077880859375 0.8764352798461914 0.15609575808048248 2.6697813576591952e-15 0.02341661907348717
1251.087890625 0.8086686730384827 0.1518399566411972 2.6703886802823765e-15 0.023470123440821933
1251.097900390625 0.8767385482788086 0.15611013770103455 2.6709928265320057e-15 0.02352254318897242
1251.1077880859375 0.8226342797279358 0.15255005657672882 2.671586596628031e-15 0.023575143888690125
1251.1177978515625 1.0395159721374512 0.16519679129123688 2.6721843901305557e-15 0.02362725141139403
1251.1278076171875 0.8485478758811951 0.1538938581943512 2.672779007259528e-15 0.023678210326388085
1251.1376953125 1.0935662984848022 0.16807669401168823 2.67336303647666e-15 0.023729250846961678
1251.147705078125 1.0256623029708862 0.16417409479618073 2.6739510891002913e-15 0.023779714223700354
1251.15771484375 0.8206459879875183 0.15271468460559845 2.6745357535921336e-15 0.023828967407616555
1251.1676025390625 0.8759400844573975 0.15584833920001984 2.675109830172135e-15 0.02387820286578511
1251.1776123046875 0.9561774134635925 0.16077494621276855 2.6756875066421626e-15 0.02392677672165489
1251.1876220703125 0.8870547413825989 0.1563626080751419 2.6762615832221642e-15 0.023974086419416476
1251.197509765625 1.01093590259552 0.16321879625320435 2.676825071890325e-15 0.02402127251015896
1251.20751953125 1.0388977527618408 0.16484561562538147 2.6773917369320383e-15 0.02406772059711737
1251.217529296875 1.0361748933792114 0.16498920321464539 2.6779548020837256e-15 0.02411285257661858
1251.2274169921875 1.1460283994674683 0.1706189662218094 2.678507279323572e-15 0.024157752591683058
1251.2374267578125 0.8607157468795776 0.15473060309886932 2.6790627211787342e-15 0.024201837090180676
1251.2474365234375 1.105910062789917 0.1687430739402771 2.6796143513856336e-15 0.024245079141412055
1251.2574462890625 1.0231178998947144 0.16429729759693146 2.6801617464277967e-15 0.024286943074869075
1251.267333984375 0.9677569270133972 0.16132010519504547 2.680698765316356e-15 0.02432843313198247
1251.27734375 0.7898812890052795 0.14976106584072113 2.681238325303757e-15 0.02436900674959308
1251.287353515625 0.925352156162262 0.15896448493003845 2.6817736501264216e-15 0.02440815805247715
1251.2972412109375 0.8846200108528137 0.15548259019851685 2.6822985987954824e-15 0.02444683058578602
1251.3072509765625 1.1858183145523071 0.17251434922218323 2.6828254532886746e-15 0.024484510180373422
1251.3172607421875 1.0357553958892822 0.16481927037239075 2.6833482843753673e-15 0.02452073223317647
1251.3271484375 0.9254469871520996 0.15846316516399384 2.6838603157919826e-15 0.024556365094052065
1251.337158203125 0.9521194100379944 0.15956470370292664 2.684374464790966e-15 0.024590935267043944
1251.34716796875 1.1701360940933228 0.1720249503850937 2.684884166866976e-15 0.024624014864969544
1251.3570556640625 0.9262815117835999 0.1585494726896286 2.685383069272909e-15 0.024656396825601078
1251.3670654296875 1.276608943939209 0.1775699108839035 2.6858836657447363e-15 0.02468764478787753
1251.3770751953125 1.1010323762893677 0.168385311961174 2.6863796035353537e-15 0.02471737464677476
1251.386962890625 0.9120475649833679 0.15784744918346405 2.6868649534141304e-15 0.024746299630585417
1251.39697265625 1.198622226715088 0.1734357476234436 2.687351362084091e-15 0.024774022028049694
1251.406982421875 1.196515440940857 0.17290830612182617 2.687833323831079e-15 0.02480020302236385
1251.4168701171875 0.9267546534538269 0.15846166014671326 2.688304485907989e-15 0.02482546791248018
1251.4268798828125 1.1829073429107666 0.17269699275493622 2.6887764950178465e-15 0.0248494682727438
1251.4368896484375 1.1302711963653564 0.16970029473304749 2.689243845446494e-15 0.02487190724476304
1251.44677734375 1.157307505607605 0.17093725502490997 2.689700396205064e-15 0.024893325115185338
1251.456787109375 0.9103968143463135 0.15773867070674896 2.6901575822383447e-15 0.024913411188439642
1251.466796875 1.2912012338638306 0.17757275700569153 2.6906096860739416e-15 0.024931927456498533
1251.4766845703125 0.7069949507713318 0.14499877393245697 2.691050990239461e-15 0.024949310497658538
1251.4866943359375 1.0747084617614746 0.16644708812236786 2.6914927179214542e-15 0.02496530512723373
1251.4967041015625 0.8691500425338745 0.15488624572753906 2.691929151647527e-15 0.024979722891036796
1251.506591796875 0.8860796093940735 0.1553761065006256 2.692355209219996e-15 0.024992900053024444
1251.5166015625 0.897850513458252 0.15622660517692566 2.6927808432759912e-15 0.025004633963802144
1251.526611328125 0.992401123046875 0.16212034225463867 2.693201183376066e-15 0.025014787771553998
1251.5364990234375 1.3161548376083374 0.1792476624250412 2.6936109355643004e-15 0.025023597021736278
1251.5465087890625 0.9899168610572815 0.16213276982307434 2.694020475994298e-15 0.025030907994355676
1251.5565185546875 0.8294274806976318 0.15229421854019165 2.6944240871936646e-15 0.025036645612568815
1251.56640625 1.0474488735198975 0.16483773291110992 2.6948173222394274e-15 0.025040934805175857
1251.576416015625 0.9891390800476074 0.16192543506622314 2.695209710252243e-15 0.02504368102295725
1251.58642578125 1.030381202697754 0.16393111646175385 2.6955963807926645e-15 0.025044865539152146
1251.596435546875 0.788117527961731 0.1499226689338684 2.6959771221024553e-15 0.02504449356579794
1251.6063232421875 0.7887314558029175 0.1500491350889206 2.696347699016879e-15 0.025042536940722435
1251.6163330078125 0.952276349067688 0.1589660793542862 2.6967165818654083e-15 0.025038982779321494
1251.6263427734375 1.095653772354126 0.1672220677137375 2.6970797472415436e-15 0.025033887845654402
1251.63623046875 0.7613601088523865 0.14784665405750275 2.6974323247058382e-15 0.025027116426127188
1251.646240234375 0.9752071499824524 0.16117380559444427 2.697783419862475e-15 0.025018709150163236
1251.65625 0.9231376647949219 0.15796029567718506 2.6981281622720076e-15 0.025008788715529723
1251.6661376953125 0.9373558759689331 0.15877853333950043 2.698462740286173e-15 0.024997102881255777
1251.6761474609375 0.8271703124046326 0.15168169140815735 2.6987949889597336e-15 0.024983749963514178
1251.6861572265625 0.9643411040306091 0.15986599028110504 2.6991210966444265e-15 0.024968921422485687
1251.696044921875 0.7881163358688354 0.14961972832679749 2.6994370399337523e-15 0.024952240261754785
1251.7060546875 0.8948090076446533 0.15571647882461548 2.6997502303659996e-15 0.024933873024685894
1251.716064453125 1.0439897775650024 0.16453096270561218 2.7000570680511425e-15 0.0249140714086085
1251.7259521484375 0.9895235896110535 0.1618739664554596 2.7003537413409183e-15 0.024892341375521102
1251.7359619140625 0.9757100343704224 0.16104216873645782 2.7006476617736155e-15 0.024868913685344496
1251.7459716796875 1.1084705591201782 0.16792486608028412 2.7009348059427347e-15 0.024844103490556987
1251.755859375 0.9787021279335022 0.16063828766345978 2.701211785716487e-15 0.024817296767950997
1251.765869140625 0.9242720603942871 0.15770071744918823 2.70148537735845e-15 0.024788788393153696
1251.77587890625 1.0450392961502075 0.16470816731452942 2.701752404495072e-15 0.024758961348812808
1251.7857666015625 1.1892575025558472 0.17292779684066772 2.702009267236327e-15 0.02472708264567429
1251.7957763671875 0.9130707383155823 0.15755537152290344 2.702262530087556e-15 0.02469351170252051
1251.8057861328125 0.859795331954956 0.15411989390850067 2.7025085931587332e-15 0.024658695361007094
1251.815673828125 0.7327154874801636 0.14551769196987152 2.702744915351017e-15 0.02462178189725231
1251.82568359375 0.8761016726493835 0.15521252155303955 2.702977002378565e-15 0.024583200515690608
1251.835693359375 0.6990949511528015 0.14428813755512238 2.7032021013842977e-15 0.024543459085399243
1251.8455810546875 0.6495612263679504 0.14157284796237946 2.7034172477529003e-15 0.02450159426494449
1251.8555908203125 0.7914077043533325 0.1496029794216156 2.7036279471985298e-15 0.024458094916308543
1251.8656005859375 0.5835045576095581 0.13543659448623657 2.703831235105871e-15 0.024413544270475134
1251.87548828125 0.8909521102905273 0.15672752261161804 2.7040247821343184e-15 0.02436685541216712
1251.885498046875 0.6173028349876404 0.13872958719730377 2.7042132469650825e-15 0.024318590159602214
1251.8955078125 0.6828030943870544 0.1420671045780182 2.704394512015795e-15 0.02426939269237503
1251.9053955078125 0.5514249205589294 0.13390614092350006 2.704566036187614e-15 0.02421806533010087
1251.9154052734375 0.6685457229614258 0.1415911614894867 2.7047320546452758e-15 0.02416524101883373
1251.9254150390625 0.7717317342758179 0.14956173300743103 2.7048904498064123e-15 0.02411094855481099
1251.9354248046875 0.915797770023346 0.1578206717967987 2.7050412216710236e-15 0.02405590981188689
1251.9453125 0.7456085681915283 0.14603553712368011 2.7051824644149782e-15 0.023998801494429664
1251.955322265625 0.6543921828269958 0.14229661226272583 2.705317777928302e-15 0.02394033362926728
1251.96533203125 0.60074782371521 0.13719713687896729 2.705445044628627e-15 0.023881285300508148
1251.9752197265625 0.7407405376434326 0.1472400277853012 2.705563205724769e-15 0.023820247307788065
1251.9852294921875 0.7672439217567444 0.14846724271774292 2.70567480231557e-15 0.023757990467827735
1251.9952392578125 0.8749993443489075 0.1552000194787979 2.7057783520933716e-15 0.023695345507115783
1252.005126953125 1.018683910369873 0.1638946533203125 2.7058727962669905e-15 0.023630828052823297
1252.01513671875 1.134366512298584 0.16954658925533295 2.7059602524187945e-15 0.023565258870605905
1252.025146484375 0.8933106064796448 0.15631471574306488 2.7060394499993628e-15 0.023499528972331856
1252.0350341796875 0.930381178855896 0.1586492955684662 2.706109541975748e-15 0.023432083902853066
1252.0450439453125 1.066196084022522 0.16729749739170074 2.7061724341720817e-15 0.02336380400950365
1252.0550537109375 1.0501179695129395 0.16516344249248505 2.7062268560389428e-15 0.0232956189290831
1252.06494140625 0.6954037547111511 0.14410871267318726 2.7062723840598577e-15 0.02322592444142048
1252.074951171875 0.9121702909469604 0.15698790550231934 2.7063098652677737e-15 0.023155654992513656
1252.0849609375 1.134083867073059 0.17009200155735016 2.706339087904454e-15 0.023085772596594292
1252.0948486328125 0.7494916915893555 0.14750230312347412 2.706359416695188e-15 0.023014658386784227
1252.1048583984375 1.0106582641601562 0.16261713206768036 2.7063714869146865e-15 0.02294327097974419
1252.1148681640625 0.9077747464179993 0.15754535794258118 2.7063746632882387e-15 0.022872610542178286
1252.124755859375 0.8772780299186707 0.15503500401973724 2.7063693693323183e-15 0.022801055831279497
1252.134765625 0.6518739461898804 0.13959532976150513 2.706355181530452e-15 0.022729597223984394
1252.144775390625 1.0541969537734985 0.16578930616378784 2.706332311640876e-15 0.022659255181315077
1252.1546630859375 0.9118732810020447 0.15842978656291962 2.7063007596635907e-15 0.02258842690575257
1252.1646728515625 1.0786656141281128 0.16687677800655365 2.7062601020821225e-15 0.022518140324952075
1252.1746826171875 0.8676342368125916 0.15590672194957733 2.7062103388964713e-15 0.022449402090745123
1252.1845703125 0.921581506729126 0.1587759107351303 2.7061523171395844e-15 0.022380685206631588
1252.194580078125 0.9477558732032776 0.15959002077579498 2.7060843427455673e-15 0.02231302149399171
1252.20458984375 1.0824763774871826 0.16738443076610565 2.706007474505604e-15 0.02224740542715959
1252.2144775390625 0.8940050005912781 0.15684077143669128 2.705922135936168e-15 0.022182415701942553
1252.2244873046875 1.0599398612976074 0.16499647498130798 2.705826844729602e-15 0.02211907833728499
1252.2344970703125 1.067057728767395 0.16663257777690887 2.7057220244023792e-15 0.022058344676119584
1252.244384765625 0.694002628326416 0.1435844749212265 2.7056091572621576e-15 0.021998951089985445
1252.25439453125 0.9407259225845337 0.1588750034570694 2.7054857022100953e-15 0.02194190027582806
1252.264404296875 0.8738318681716919 0.15439371764659882 2.7053525062791395e-15 0.021887436445023768
1252.2744140625 0.9982751607894897 0.16237476468086243 2.7052097812275272e-15 0.02183643849745873
1252.2843017578125 1.0853585004806519 0.16661907732486725 2.7050594328793896e-15 0.021787918403137034
1252.2943115234375 0.9080588221549988 0.15672850608825684 2.704897649586464e-15 0.021742805708100006
1252.3043212890625 0.8684275150299072 0.1543125957250595 2.704726125414645e-15 0.02170188147055042
1252.314208984375 1.0988556146621704 0.166897714138031 2.7045469779463007e-15 0.021664436629027246
1252.32421875 0.9614672660827637 0.16021767258644104 2.704355972016695e-15 0.021631317389611198
1252.334228515625 1.016341209411621 0.16313917934894562 2.7041550134499588e-15 0.02160317642941431
1252.3441162109375 1.0169484615325928 0.1628279834985733 2.7039466433449342e-15 0.021579649736701463
1252.3541259765625 0.8677992820739746 0.15457329154014587 2.7037257795039377e-15 0.021561466268514812
1252.3641357421875 1.0150587558746338 0.16280992329120636 2.703494963025811e-15 0.02154910639926694
1252.3740234375 0.9492850303649902 0.15895892679691315 2.7032569467676324e-15 0.021542627217922262
1252.384033203125 0.9775488972663879 0.1603521853685379 2.7030058014987715e-15 0.021542602174334787
1252.39404296875 0.9747552871704102 0.16032879054546356 2.7027444918345436e-15 0.021549290834928604
1252.4039306640625 1.1920521259307861 0.17254213988780975 2.7024764059067376e-15 0.021563251037718292
1252.4139404296875 0.9076231718063354 0.15702439844608307 2.7021945556935387e-15 0.02158484648482005
1252.4239501953125 0.9758425951004028 0.16082459688186646 2.701902329326736e-15 0.021614077038531385
1252.433837890625 1.2082741260528564 0.17235000431537628 2.701603538454592e-15 0.02165207444724546
1252.44384765625 1.0848337411880493 0.16664834320545197 2.7012905597805816e-15 0.02169894842908048
1252.453857421875 0.8532683849334717 0.15382403135299683 2.7009667814364936e-15 0.021754378971187916
1252.4637451171875 0.9510484933853149 0.15870322287082672 2.700636862103538e-15 0.021820152036092028
1252.4737548828125 0.9083980917930603 0.15694241225719452 2.7002921196940055e-15 0.02189607068584736
1252.4837646484375 0.9488034248352051 0.15949955582618713 2.6999365776143956e-15 0.02198144290072811
1252.49365234375 1.0167845487594604 0.16306918859481812 2.699574894545918e-15 0.022078787924491795
1252.503662109375 0.989568293094635 0.16200707852840424 2.6991981766426266e-15 0.02218754077674457
1252.513671875 1.1796289682388306 0.17177385091781616 2.698810447311021e-15 0.022306580499403133
1252.5235595703125 0.9369834661483765 0.158781960606575 2.6984165769905477e-15 0.022439240266874272
1252.5335693359375 1.1390289068222046 0.1696447730064392 2.6980070365605503e-15 0.022584535900130143
1252.5435791015625 1.0466028451919556 0.16500641405582428 2.6975862729440017e-15 0.02274085397058746
1252.553466796875 0.9904102087020874 0.16211660206317902 2.697159791855059e-15 0.022912425434188723
1252.5634765625 1.0859848260879517 0.16701047122478485 2.696717005381882e-15 0.023097785166160168
1252.573486328125 0.951705276966095 0.15931740403175354 2.6962629957221537e-15 0.023294773904978455
1252.58349609375 1.1279786825180054 0.1693466454744339 2.6957975511176374e-15 0.023508618406550053
1252.5933837890625 0.9229514002799988 0.1579742431640625 2.695326812557201e-15 0.023737290655706282
1252.6033935546875 0.733245849609375 0.14664998650550842 2.6948389215795824e-15 0.02398114224330275
1252.6134033203125 1.0724525451660156 0.1659759134054184 2.694339595657176e-15 0.024237213601131433
1252.623291015625 1.15731942653656 0.17037056386470795 2.6938349757788492e-15 0.024512121470282113
1252.63330078125 0.9643113613128662 0.1607629805803299 2.693312779966867e-15 0.024803097977853517
1252.643310546875 0.9541355967521667 0.1594284027814865 2.69277893745186e-15 0.02510656330233772
